[10, 20, 50, 100, 200, 300, 500, 1000, 1500, 2000, 2100, 2200, 2300, 2400]	0.010848283999999708
[10, 20, 50, 100, 200, 300, 500, 1000, 1500, 2000, 2100, 2200, 2300, 2400]	0.012831094000000931
[10, 20, 50, 100, 200, 300, 500, 1000, 1500, 2000, 2100, 2200, 2300, 2400]	0.008745188000000681
[10, 20, 50, 100, 200, 300, 500, 1000, 1500, 2000, 2100, 2200, 2300, 2400]	0.009253318999999038
[10, 20, 50, 100, 200, 300, 500, 1000, 1500, 2000, 2100, 2200, 2300, 2400]	0.01275658600000007
[10, 20, 50, 100, 200, 300, 500, 1000, 1500, 2000, 2100, 2200, 2300, 2400]	0.008486972000000037
[10, 20, 50, 100, 200, 300, 500, 1000, 1500, 2000, 2100, 2200, 2300, 2400]	0.012752672999999604
[10, 20, 50, 100, 200, 300, 500, 1000, 1500, 2000, 2100, 2200, 2300, 2400]	0.012861929999999688
[10, 20, 50, 100, 200, 300, 500, 1000, 1500, 2000, 2100, 2200, 2300, 2400]	0.011124000000000578
[10, 20, 50, 100, 200, 300, 500, 1000, 1500, 2000, 2100, 2200, 2300, 2400]	0.012834010000000617
[10, 20, 50, 100, 200, 300, 500, 1000, 1500, 2000, 2100, 2200, 2300, 2400]	0.010415756000000442
[10, 20, 50, 100, 200, 300, 500, 1000, 1500, 2000, 2100, 2200, 2300, 2400]	0.010104018999999909
[10, 20, 50, 100, 200, 300, 500, 1000, 1500, 2000, 2100, 2200, 2300, 2400]	0.008594119999999705
[10, 20, 50, 100, 200, 300, 500, 1000, 1500, 2000, 2100, 2200, 2300, 2400]	0.012888562999998854
[10, 20, 50, 100, 200, 300, 500, 1000, 1500, 2000, 2100, 2200, 2300, 2400]	0.012817888999999028
[10, 20, 50, 100, 200, 300, 500, 1000, 1500, 2000, 2100, 2200, 2300, 2400]	0.012780583999999706
[10, 20, 50, 100, 200, 300, 500, 1000, 1500, 2000, 2100, 2200, 2300, 2400]	0.012761011999998573
[10, 20, 50, 100, 200, 300, 500, 1000, 1500, 2000, 2100, 2200, 2300, 2400]	0.008569840999999911
[10, 20, 50, 100, 200, 300, 500, 1000, 1500, 2000, 2100, 2200, 2300, 2400]	0.0127923550000002
[10, 20, 50, 100, 200, 300, 500, 1000, 1500, 2000, 2100, 2200, 2300, 2400]	0.00969048600000022
[10, 20, 50, 100, 200, 300, 500, 1000, 1500, 2000, 2100, 2200, 2300, 2400]	0.00843374699999977
[10, 20, 50, 100, 200, 300, 500, 1000, 1500, 2000, 2100, 2200, 2300, 2400]	0.009967710999999824
[10, 20, 50, 100, 200, 300, 500, 1000, 1500, 2000, 2100, 2200, 2300, 2400]	0.008446377000000282
[10, 20, 50, 100, 200, 300, 500, 1000, 1500, 2000, 2100, 2200, 2300, 2400]	0.012830742000000228
[10, 20, 50, 100, 200, 300, 500, 1000, 1500, 2000, 2100, 2200, 2300, 2400]	0.00863076299999932
[10, 20, 50, 100, 200, 300, 500, 1000, 1500, 2000, 2100, 2200, 2300, 2400]	0.012861281999999363
[10, 20, 50, 100, 200, 300, 500, 1000, 1500, 2000, 2100, 2200, 2300, 2400]	0.010832789000000176
[10, 20, 50, 100, 200, 300, 500, 1000, 1500, 2000, 2100, 2200, 2300, 2400]	0.012953992999999997
[10, 20, 50, 100, 200, 300, 500, 1000, 1500, 2000, 2100, 2200, 2300, 2400]	0.012854547999999966
[10, 20, 50, 100, 200, 300, 500, 1000, 1500, 2000, 2100, 2200, 2300, 2400]	0.01290266200000012
[10, 20, 50, 100, 200, 300, 500, 1000, 1500, 2000, 2100, 2200, 2300, 2400]	0.012700807999999952
[10, 20, 50, 100, 200, 300, 500, 1000, 1500, 2000, 2100, 2200, 2300, 2400]	0.009659788000000447
[10, 20, 50, 100, 200, 300, 500, 1000, 1500, 2000, 2100, 2200, 2300, 2400]	0.012844578999999356
[10, 20, 50, 100, 200, 300, 500, 1000, 1500, 2000, 2100, 2200, 2300, 2400]	0.008190651000001381
[10, 20, 50, 100, 200, 300, 500, 1000, 1500, 2000, 2100, 2200, 2300, 2400]	0.010392819999999858
[10, 20, 50, 100, 200, 300, 500, 1000, 1500, 2000, 2100, 2200, 2300, 2400]	0.01047632100000051
[10, 20, 50, 100, 200, 300, 500, 1000, 1500, 2000, 2100, 2200, 2300, 2400]	0.012991146999999259
[10, 20, 50, 100, 200, 300, 500, 1000, 1500, 2000, 2100, 2200, 2300, 2400]	0.01276963100000117
[10, 20, 50, 100, 200, 300, 500, 1000, 1500, 2000, 2100, 2200, 2300, 2400]	0.012748275999999947
[10, 20, 50, 100, 200, 300, 500, 1000, 1500, 2000, 2100, 2200, 2300, 2400]	0.011260719999999225
[10, 20, 50, 100, 200, 300, 500, 1000, 1500, 2000, 2100, 2200, 2300, 2400]	0.009651891000000745
[10, 20, 50, 100, 200, 300, 500, 1000, 1500, 2000, 2100, 2200, 2300, 2400]	0.009565059999999903
[10, 20, 50, 100, 200, 300, 500, 1000, 1500, 2000, 2100, 2200, 2300, 2400]	0.008487248999999863
[10, 20, 50, 100, 200, 300, 500, 1000, 1500, 2000, 2100, 2200, 2300, 2400]	0.012767991000000478
[10, 20, 50, 100, 200, 300, 500, 1000, 1500, 2000, 2100, 2200, 2300, 2400]	0.010778682999999845
[10, 20, 50, 100, 200, 300, 500, 1000, 1500, 2000, 2100, 2200, 2300, 2400]	0.010976726999999187
[10, 20, 50, 100, 200, 300, 500, 1000, 1500, 2000, 2100, 2200, 2300, 2400]	0.012798372000000668
[10, 20, 50, 100, 200, 300, 500, 1000, 1500, 2000, 2100, 2200, 2300, 2400]	0.012865582999999958
[10, 20, 50, 100, 200, 300, 500, 1000, 1500, 2000, 2100, 2200, 2300, 2400]	0.012770760000000436
[10, 20, 50, 100, 200, 300, 500, 1000, 1500, 2000, 2100, 2200, 2300, 2400]	0.009153332000000347
-
[10, 20, 50, 100, 200, 300, 500, 1000, 1500, 2000, 2100, 2200, 2300, 2400]	0.021945605000000867
[10, 20, 50, 100, 200, 300, 500, 1000, 1500, 2000, 2100, 2200, 2300, 2400]	0.020321813999998994
[10, 20, 50, 100, 200, 300, 500, 1000, 1500, 2000, 2100, 2200, 2300, 2400]	0.02063241600000154
[10, 20, 50, 100, 200, 300, 500, 1000, 1500, 2000, 2100, 2200, 2300, 2400]	0.020948817999999036
[10, 20, 50, 100, 200, 300, 500, 1000, 1500, 2000, 2100, 2200, 2300, 2400]	0.021123643000001024
[10, 20, 50, 100, 200, 300, 500, 1000, 1500, 2000, 2100, 2200, 2300, 2400]	0.025926589999999194
[10, 20, 50, 100, 200, 300, 500, 1000, 1500, 2000, 2100, 2200, 2300, 2400]	0.02145058500000019
[10, 20, 50, 100, 200, 300, 500, 1000, 1500, 2000, 2100, 2200, 2300, 2400]	0.024964025000000944
[10, 20, 50, 100, 200, 300, 500, 1000, 1500, 2000, 2100, 2200, 2300, 2400]	0.022625196999999986
[10, 20, 50, 100, 200, 300, 500, 1000, 1500, 2000, 2100, 2200, 2300, 2400]	0.02616854700000104
[10, 20, 50, 100, 200, 300, 500, 1000, 1500, 2000, 2100, 2200, 2300, 2400]	0.02684110200000056
[10, 20, 50, 100, 200, 300, 500, 1000, 1500, 2000, 2100, 2200, 2300, 2400]	0.0250647009999998
[10, 20, 50, 100, 200, 300, 500, 1000, 1500, 2000, 2100, 2200, 2300, 2400]	0.025840515000000508
[10, 20, 50, 100, 200, 300, 500, 1000, 1500, 2000, 2100, 2200, 2300, 2400]	0.022314356000000757
[10, 20, 50, 100, 200, 300, 500, 1000, 1500, 2000, 2100, 2200, 2300, 2400]	0.02338307900000025
[10, 20, 50, 100, 200, 300, 500, 1000, 1500, 2000, 2100, 2200, 2300, 2400]	0.022488653999999997
[10, 20, 50, 100, 200, 300, 500, 1000, 1500, 2000, 2100, 2200, 2300, 2400]	0.022753622999999834
[10, 20, 50, 100, 200, 300, 500, 1000, 1500, 2000, 2100, 2200, 2300, 2400]	0.019479437999999405
[10, 20, 50, 100, 200, 300, 500, 1000, 1500, 2000, 2100, 2200, 2300, 2400]	0.026747350000000836
[10, 20, 50, 100, 200, 300, 500, 1000, 1500, 2000, 2100, 2200, 2300, 2400]	0.022768702000000474
[10, 20, 50, 100, 200, 300, 500, 1000, 1500, 2000, 2100, 2200, 2300, 2400]	0.02351855400000069
[10, 20, 50, 100, 200, 300, 500, 1000, 1500, 2000, 2100, 2200, 2300, 2400]	0.024655276000000725
[10, 20, 50, 100, 200, 300, 500, 1000, 1500, 2000, 2100, 2200, 2300, 2400]	0.022949292999999926
[10, 20, 50, 100, 200, 300, 500, 1000, 1500, 2000, 2100, 2200, 2300, 2400]	0.022286675000000145
[10, 20, 50, 100, 200, 300, 500, 1000, 1500, 2000, 2100, 2200, 2300, 2400]	0.02686511799999991
[10, 20, 50, 100, 200, 300, 500, 1000, 1500, 2000, 2100, 2200, 2300, 2400]	0.026038183000000714
[10, 20, 50, 100, 200, 300, 500, 1000, 1500, 2000, 2100, 2200, 2300, 2400]	0.021689713000000665
[10, 20, 50, 100, 200, 300, 500, 1000, 1500, 2000, 2100, 2200, 2300, 2400]	0.02078317800000029
[10, 20, 50, 100, 200, 300, 500, 1000, 1500, 2000, 2100, 2200, 2300, 2400]	0.02083497100000109
[10, 20, 50, 100, 200, 300, 500, 1000, 1500, 2000, 2100, 2200, 2300, 2400]	0.02470165299999927
[10, 20, 50, 100, 200, 300, 500, 1000, 1500, 2000, 2100, 2200, 2300, 2400]	0.020141301000000666
[10, 20, 50, 100, 200, 300, 500, 1000, 1500, 2000, 2100, 2200, 2300, 2400]	0.020584193999999556
[10, 20, 50, 100, 200, 300, 500, 1000, 1500, 2000, 2100, 2200, 2300, 2400]	0.025193455000000142
[10, 20, 50, 100, 200, 300, 500, 1000, 1500, 2000, 2100, 2200, 2300, 2400]	0.022616704999999016
[10, 20, 50, 100, 200, 300, 500, 1000, 1500, 2000, 2100, 2200, 2300, 2400]	0.02280391000000037
[10, 20, 50, 100, 200, 300, 500, 1000, 1500, 2000, 2100, 2200, 2300, 2400]	0.022761601999999215
[10, 20, 50, 100, 200, 300, 500, 1000, 1500, 2000, 2100, 2200, 2300, 2400]	0.027210423000001427
[10, 20, 50, 100, 200, 300, 500, 1000, 1500, 2000, 2100, 2200, 2300, 2400]	0.026984154999999177
[10, 20, 50, 100, 200, 300, 500, 1000, 1500, 2000, 2100, 2200, 2300, 2400]	0.024427921999999214
[10, 20, 50, 100, 200, 300, 500, 1000, 1500, 2000, 2100, 2200, 2300, 2400]	0.025166881999998836
[10, 20, 50, 100, 200, 300, 500, 1000, 1500, 2000, 2100, 2200, 2300, 2400]	0.02007677399999963
[10, 20, 50, 100, 200, 300, 500, 1000, 1500, 2000, 2100, 2200, 2300, 2400]	0.02302393899999977
[10, 20, 50, 100, 200, 300, 500, 1000, 1500, 2000, 2100, 2200, 2300, 2400]	0.022981160999998806
[10, 20, 50, 100, 200, 300, 500, 1000, 1500, 2000, 2100, 2200, 2300, 2400]	0.022886753999999954
[10, 20, 50, 100, 200, 300, 500, 1000, 1500, 2000, 2100, 2200, 2300, 2400]	0.02195482800000015
[10, 20, 50, 100, 200, 300, 500, 1000, 1500, 2000, 2100, 2200, 2300, 2400]	0.022621085000000818
[10, 20, 50, 100, 200, 300, 500, 1000, 1500, 2000, 2100, 2200, 2300, 2400]	0.022859265999999323
[10, 20, 50, 100, 200, 300, 500, 1000, 1500, 2000, 2100, 2200, 2300, 2400]	0.021654500000000354
[10, 20, 50, 100, 200, 300, 500, 1000, 1500, 2000, 2100, 2200, 2300, 2400]	0.025696073000000652
[10, 20, 50, 100, 200, 300, 500, 1000, 1500, 2000, 2100, 2200, 2300, 2400]	0.025888896999999744
-
[10, 20, 50, 100, 200, 300, 500, 1000, 1500, 2000, 2100, 2200, 2300, 2400]	0.04971415400000012
[10, 20, 50, 100, 200, 300, 500, 1000, 1500, 2000, 2100, 2200, 2300, 2400]	0.052291416999999285
[10, 20, 50, 100, 200, 300, 500, 1000, 1500, 2000, 2100, 2200, 2300, 2400]	0.05916885200000088
[10, 20, 50, 100, 200, 300, 500, 1000, 1500, 2000, 2100, 2200, 2300, 2400]	0.0625241239999994
[10, 20, 50, 100, 200, 300, 500, 1000, 1500, 2000, 2100, 2200, 2300, 2400]	0.06756481699999917
[10, 20, 50, 100, 200, 300, 500, 1000, 1500, 2000, 2100, 2200, 2300, 2400]	0.05596404300000124
[10, 20, 50, 100, 200, 300, 500, 1000, 1500, 2000, 2100, 2200, 2300, 2400]	0.06259958600000104
[10, 20, 50, 100, 200, 300, 500, 1000, 1500, 2000, 2100, 2200, 2300, 2400]	0.06607503799999925
[10, 20, 50, 100, 200, 300, 500, 1000, 1500, 2000, 2100, 2200, 2300, 2400]	0.0658980850000006
[10, 20, 50, 100, 200, 300, 500, 1000, 1500, 2000, 2100, 2200, 2300, 2400]	0.05663451499999894
[10, 20, 50, 100, 200, 300, 500, 1000, 1500, 2000, 2100, 2200, 2300, 2400]	0.06013822699999949
[10, 20, 50, 100, 200, 300, 500, 1000, 1500, 2000, 2100, 2200, 2300, 2400]	0.06979126000000058
[10, 20, 50, 100, 200, 300, 500, 1000, 1500, 2000, 2100, 2200, 2300, 2400]	0.058798746999999096
[10, 20, 50, 100, 200, 300, 500, 1000, 1500, 2000, 2100, 2200, 2300, 2400]	0.06441725400000031
[10, 20, 50, 100, 200, 300, 500, 1000, 1500, 2000, 2100, 2200, 2300, 2400]	0.0577192679999996
[10, 20, 50, 100, 200, 300, 500, 1000, 1500, 2000, 2100, 2200, 2300, 2400]	0.054356314000001404
[10, 20, 50, 100, 200, 300, 500, 1000, 1500, 2000, 2100, 2200, 2300, 2400]	0.054545365000000956
[10, 20, 50, 100, 200, 300, 500, 1000, 1500, 2000, 2100, 2200, 2300, 2400]	0.06881005099999982
[10, 20, 50, 100, 200, 300, 500, 1000, 1500, 2000, 2100, 2200, 2300, 2400]	0.05638320099999916
[10, 20, 50, 100, 200, 300, 500, 1000, 1500, 2000, 2100, 2200, 2300, 2400]	0.06452323300000096
[10, 20, 50, 100, 200, 300, 500, 1000, 1500, 2000, 2100, 2200, 2300, 2400]	0.054889410999999555
[10, 20, 50, 100, 200, 300, 500, 1000, 1500, 2000, 2100, 2200, 2300, 2400]	0.05851237100000084
[10, 20, 50, 100, 200, 300, 500, 1000, 1500, 2000, 2100, 2200, 2300, 2400]	0.059853748000000095
[10, 20, 50, 100, 200, 300, 500, 1000, 1500, 2000, 2100, 2200, 2300, 2400]	0.06048855300000078
[10, 20, 50, 100, 200, 300, 500, 1000, 1500, 2000, 2100, 2200, 2300, 2400]	0.06287237399999945
[10, 20, 50, 100, 200, 300, 500, 1000, 1500, 2000, 2100, 2200, 2300, 2400]	0.06967708800000061
[10, 20, 50, 100, 200, 300, 500, 1000, 1500, 2000, 2100, 2200, 2300, 2400]	0.06800280100000045
[10, 20, 50, 100, 200, 300, 500, 1000, 1500, 2000, 2100, 2200, 2300, 2400]	0.057353619999998884
[10, 20, 50, 100, 200, 300, 500, 1000, 1500, 2000, 2100, 2200, 2300, 2400]	0.059691994999999665
[10, 20, 50, 100, 200, 300, 500, 1000, 1500, 2000, 2100, 2200, 2300, 2400]	0.048576824000001295
[10, 20, 50, 100, 200, 300, 500, 1000, 1500, 2000, 2100, 2200, 2300, 2400]	0.054477165999999855
[10, 20, 50, 100, 200, 300, 500, 1000, 1500, 2000, 2100, 2200, 2300, 2400]	0.060145567000001066
[10, 20, 50, 100, 200, 300, 500, 1000, 1500, 2000, 2100, 2200, 2300, 2400]	0.06454398099999992
[10, 20, 50, 100, 200, 300, 500, 1000, 1500, 2000, 2100, 2200, 2300, 2400]	0.0704173920000013
[10, 20, 50, 100, 200, 300, 500, 1000, 1500, 2000, 2100, 2200, 2300, 2400]	0.0559036319999997
[10, 20, 50, 100, 200, 300, 500, 1000, 1500, 2000, 2100, 2200, 2300, 2400]	0.06680470400000083
[10, 20, 50, 100, 200, 300, 500, 1000, 1500, 2000, 2100, 2200, 2300, 2400]	0.06436612499999939
[10, 20, 50, 100, 200, 300, 500, 1000, 1500, 2000, 2100, 2200, 2300, 2400]	0.05348850399999883
[10, 20, 50, 100, 200, 300, 500, 1000, 1500, 2000, 2100, 2200, 2300, 2400]	0.06331590899999995
[10, 20, 50, 100, 200, 300, 500, 1000, 1500, 2000, 2100, 2200, 2300, 2400]	0.059587857000000355
[10, 20, 50, 100, 200, 300, 500, 1000, 1500, 2000, 2100, 2200, 2300, 2400]	0.06483305000000072
[10, 20, 50, 100, 200, 300, 500, 1000, 1500, 2000, 2100, 2200, 2300, 2400]	0.05602610600000091
[10, 20, 50, 100, 200, 300, 500, 1000, 1500, 2000, 2100, 2200, 2300, 2400]	0.055706658000000076
[10, 20, 50, 100, 200, 300, 500, 1000, 1500, 2000, 2100, 2200, 2300, 2400]	0.05914321799999911
[10, 20, 50, 100, 200, 300, 500, 1000, 1500, 2000, 2100, 2200, 2300, 2400]	0.06747766300000002
[10, 20, 50, 100, 200, 300, 500, 1000, 1500, 2000, 2100, 2200, 2300, 2400]	0.05295886699999919
[10, 20, 50, 100, 200, 300, 500, 1000, 1500, 2000, 2100, 2200, 2300, 2400]	0.05251149800000121
[10, 20, 50, 100, 200, 300, 500, 1000, 1500, 2000, 2100, 2200, 2300, 2400]	0.06013108299999992
[10, 20, 50, 100, 200, 300, 500, 1000, 1500, 2000, 2100, 2200, 2300, 2400]	0.06424296299999988
[10, 20, 50, 100, 200, 300, 500, 1000, 1500, 2000, 2100, 2200, 2300, 2400]	0.06191021300000088
-
[10, 20, 50, 100, 200, 300, 500, 1000, 1500, 2000, 2100, 2200, 2300, 2400]	0.13324258599999972
[10, 20, 50, 100, 200, 300, 500, 1000, 1500, 2000, 2100, 2200, 2300, 2400]	0.14634436899999947
[10, 20, 50, 100, 200, 300, 500, 1000, 1500, 2000, 2100, 2200, 2300, 2400]	0.1524726230000013
[10, 20, 50, 100, 200, 300, 500, 1000, 1500, 2000, 2100, 2200, 2300, 2400]	0.1171835209999994
[10, 20, 50, 100, 200, 300, 500, 1000, 1500, 2000, 2100, 2200, 2300, 2400]	0.15385594299999994
[10, 20, 50, 100, 200, 300, 500, 1000, 1500, 2000, 2100, 2200, 2300, 2400]	0.1253596219999995
[10, 20, 50, 100, 200, 300, 500, 1000, 1500, 2000, 2100, 2200, 2300, 2400]	0.13252990700000034
[10, 20, 50, 100, 200, 300, 500, 1000, 1500, 2000, 2100, 2200, 2300, 2400]	0.12670194600000073
[10, 20, 50, 100, 200, 300, 500, 1000, 1500, 2000, 2100, 2200, 2300, 2400]	0.12877916600000106
[10, 20, 50, 100, 200, 300, 500, 1000, 1500, 2000, 2100, 2200, 2300, 2400]	0.11779807799999986
[10, 20, 50, 100, 200, 300, 500, 1000, 1500, 2000, 2100, 2200, 2300, 2400]	0.14174537099999895
[10, 20, 50, 100, 200, 300, 500, 1000, 1500, 2000, 2100, 2200, 2300, 2400]	0.12361827500000011
[10, 20, 50, 100, 200, 300, 500, 1000, 1500, 2000, 2100, 2200, 2300, 2400]	0.12888047899999933
[10, 20, 50, 100, 200, 300, 500, 1000, 1500, 2000, 2100, 2200, 2300, 2400]	0.12455199100000058
[10, 20, 50, 100, 200, 300, 500, 1000, 1500, 2000, 2100, 2200, 2300, 2400]	0.12897587699999846
[10, 20, 50, 100, 200, 300, 500, 1000, 1500, 2000, 2100, 2200, 2300, 2400]	0.14814072200000084
[10, 20, 50, 100, 200, 300, 500, 1000, 1500, 2000, 2100, 2200, 2300, 2400]	0.12443419399999911
[10, 20, 50, 100, 200, 300, 500, 1000, 1500, 2000, 2100, 2200, 2300, 2400]	0.11058103799999941
[10, 20, 50, 100, 200, 300, 500, 1000, 1500, 2000, 2100, 2200, 2300, 2400]	0.15313259699999904
[10, 20, 50, 100, 200, 300, 500, 1000, 1500, 2000, 2100, 2200, 2300, 2400]	0.12997021400000008
[10, 20, 50, 100, 200, 300, 500, 1000, 1500, 2000, 2100, 2200, 2300, 2400]	0.15049940600000156
[10, 20, 50, 100, 200, 300, 500, 1000, 1500, 2000, 2100, 2200, 2300, 2400]	0.11812290800000014
[10, 20, 50, 100, 200, 300, 500, 1000, 1500, 2000, 2100, 2200, 2300, 2400]	0.13834154699999957
[10, 20, 50, 100, 200, 300, 500, 1000, 1500, 2000, 2100, 2200, 2300, 2400]	0.12824518700000098
[10, 20, 50, 100, 200, 300, 500, 1000, 1500, 2000, 2100, 2200, 2300, 2400]	0.11992117200000152
[10, 20, 50, 100, 200, 300, 500, 1000, 1500, 2000, 2100, 2200, 2300, 2400]	0.12245988100000105
[10, 20, 50, 100, 200, 300, 500, 1000, 1500, 2000, 2100, 2200, 2300, 2400]	0.14318921099999926
[10, 20, 50, 100, 200, 300, 500, 1000, 1500, 2000, 2100, 2200, 2300, 2400]	0.10821549899999994
[10, 20, 50, 100, 200, 300, 500, 1000, 1500, 2000, 2100, 2200, 2300, 2400]	0.12395693599999902
[10, 20, 50, 100, 200, 300, 500, 1000, 1500, 2000, 2100, 2200, 2300, 2400]	0.11937713200000033
[10, 20, 50, 100, 200, 300, 500, 1000, 1500, 2000, 2100, 2200, 2300, 2400]	0.15648597599999903
[10, 20, 50, 100, 200, 300, 500, 1000, 1500, 2000, 2100, 2200, 2300, 2400]	0.15420629800000185
[10, 20, 50, 100, 200, 300, 500, 1000, 1500, 2000, 2100, 2200, 2300, 2400]	0.14820866399999844
[10, 20, 50, 100, 200, 300, 500, 1000, 1500, 2000, 2100, 2200, 2300, 2400]	0.1376954959999992
[10, 20, 50, 100, 200, 300, 500, 1000, 1500, 2000, 2100, 2200, 2300, 2400]	0.12820615000000046
[10, 20, 50, 100, 200, 300, 500, 1000, 1500, 2000, 2100, 2200, 2300, 2400]	0.153158114
[10, 20, 50, 100, 200, 300, 500, 1000, 1500, 2000, 2100, 2200, 2300, 2400]	0.15504749800000184
[10, 20, 50, 100, 200, 300, 500, 1000, 1500, 2000, 2100, 2200, 2300, 2400]	0.1572174369999999
[10, 20, 50, 100, 200, 300, 500, 1000, 1500, 2000, 2100, 2200, 2300, 2400]	0.11871018800000144
[10, 20, 50, 100, 200, 300, 500, 1000, 1500, 2000, 2100, 2200, 2300, 2400]	0.1335789769999991
[10, 20, 50, 100, 200, 300, 500, 1000, 1500, 2000, 2100, 2200, 2300, 2400]	0.16158505399999967
[10, 20, 50, 100, 200, 300, 500, 1000, 1500, 2000, 2100, 2200, 2300, 2400]	0.12391983399999873
[10, 20, 50, 100, 200, 300, 500, 1000, 1500, 2000, 2100, 2200, 2300, 2400]	0.1643603640000002
[10, 20, 50, 100, 200, 300, 500, 1000, 1500, 2000, 2100, 2200, 2300, 2400]	0.13131252900000234
[10, 20, 50, 100, 200, 300, 500, 1000, 1500, 2000, 2100, 2200, 2300, 2400]	0.13062634299999942
[10, 20, 50, 100, 200, 300, 500, 1000, 1500, 2000, 2100, 2200, 2300, 2400]	0.12586290500000175
[10, 20, 50, 100, 200, 300, 500, 1000, 1500, 2000, 2100, 2200, 2300, 2400]	0.11934330199999721
[10, 20, 50, 100, 200, 300, 500, 1000, 1500, 2000, 2100, 2200, 2300, 2400]	0.14153115000000227
[10, 20, 50, 100, 200, 300, 500, 1000, 1500, 2000, 2100, 2200, 2300, 2400]	0.15589470299999775
[10, 20, 50, 100, 200, 300, 500, 1000, 1500, 2000, 2100, 2200, 2300, 2400]	0.13653848199999885
-
[10, 20, 50, 100, 200, 300, 500, 1000, 1500, 2000, 2100, 2200, 2300, 2400]	0.26707044299999794
[10, 20, 50, 100, 200, 300, 500, 1000, 1500, 2000, 2100, 2200, 2300, 2400]	0.3074652889999996
[10, 20, 50, 100, 200, 300, 500, 1000, 1500, 2000, 2100, 2200, 2300, 2400]	0.26510836199999943
[10, 20, 50, 100, 200, 300, 500, 1000, 1500, 2000, 2100, 2200, 2300, 2400]	0.25709725799999816
[10, 20, 50, 100, 200, 300, 500, 1000, 1500, 2000, 2100, 2200, 2300, 2400]	0.3313136820000011
[10, 20, 50, 100, 200, 300, 500, 1000, 1500, 2000, 2100, 2200, 2300, 2400]	0.29481356399999825
[10, 20, 50, 100, 200, 300, 500, 1000, 1500, 2000, 2100, 2200, 2300, 2400]	0.30557064999999994
[10, 20, 50, 100, 200, 300, 500, 1000, 1500, 2000, 2100, 2200, 2300, 2400]	0.28295210699999984
[10, 20, 50, 100, 200, 300, 500, 1000, 1500, 2000, 2100, 2200, 2300, 2400]	0.30660934599999834
[10, 20, 50, 100, 200, 300, 500, 1000, 1500, 2000, 2100, 2200, 2300, 2400]	0.326244078000002
[10, 20, 50, 100, 200, 300, 500, 1000, 1500, 2000, 2100, 2200, 2300, 2400]	0.24450580399999922
[10, 20, 50, 100, 200, 300, 500, 1000, 1500, 2000, 2100, 2200, 2300, 2400]	0.2813231569999992
[10, 20, 50, 100, 200, 300, 500, 1000, 1500, 2000, 2100, 2200, 2300, 2400]	0.2897766680000018
[10, 20, 50, 100, 200, 300, 500, 1000, 1500, 2000, 2100, 2200, 2300, 2400]	0.2753911809999998
[10, 20, 50, 100, 200, 300, 500, 1000, 1500, 2000, 2100, 2200, 2300, 2400]	0.2692230440000003
[10, 20, 50, 100, 200, 300, 500, 1000, 1500, 2000, 2100, 2200, 2300, 2400]	0.2872278470000005
[10, 20, 50, 100, 200, 300, 500, 1000, 1500, 2000, 2100, 2200, 2300, 2400]	0.2801227949999969
[10, 20, 50, 100, 200, 300, 500, 1000, 1500, 2000, 2100, 2200, 2300, 2400]	0.2932828169999979
[10, 20, 50, 100, 200, 300, 500, 1000, 1500, 2000, 2100, 2200, 2300, 2400]	0.291428652999997
[10, 20, 50, 100, 200, 300, 500, 1000, 1500, 2000, 2100, 2200, 2300, 2400]	0.3106265949999987
[10, 20, 50, 100, 200, 300, 500, 1000, 1500, 2000, 2100, 2200, 2300, 2400]	0.23509750000000196
[10, 20, 50, 100, 200, 300, 500, 1000, 1500, 2000, 2100, 2200, 2300, 2400]	0.2798342259999984
[10, 20, 50, 100, 200, 300, 500, 1000, 1500, 2000, 2100, 2200, 2300, 2400]	0.2529589449999996
[10, 20, 50, 100, 200, 300, 500, 1000, 1500, 2000, 2100, 2200, 2300, 2400]	0.34281370600000116
[10, 20, 50, 100, 200, 300, 500, 1000, 1500, 2000, 2100, 2200, 2300, 2400]	0.32314518099999745
[10, 20, 50, 100, 200, 300, 500, 1000, 1500, 2000, 2100, 2200, 2300, 2400]	0.3082251179999993
[10, 20, 50, 100, 200, 300, 500, 1000, 1500, 2000, 2100, 2200, 2300, 2400]	0.29819298900000035
[10, 20, 50, 100, 200, 300, 500, 1000, 1500, 2000, 2100, 2200, 2300, 2400]	0.27115593499999946
[10, 20, 50, 100, 200, 300, 500, 1000, 1500, 2000, 2100, 2200, 2300, 2400]	0.23661218499999848
[10, 20, 50, 100, 200, 300, 500, 1000, 1500, 2000, 2100, 2200, 2300, 2400]	0.28822435100000376
[10, 20, 50, 100, 200, 300, 500, 1000, 1500, 2000, 2100, 2200, 2300, 2400]	0.32456149900000497
[10, 20, 50, 100, 200, 300, 500, 1000, 1500, 2000, 2100, 2200, 2300, 2400]	0.26336954599999984
[10, 20, 50, 100, 200, 300, 500, 1000, 1500, 2000, 2100, 2200, 2300, 2400]	0.2779096409999937
[10, 20, 50, 100, 200, 300, 500, 1000, 1500, 2000, 2100, 2200, 2300, 2400]	0.2705098009999958
[10, 20, 50, 100, 200, 300, 500, 1000, 1500, 2000, 2100, 2200, 2300, 2400]	0.29179226699999816
[10, 20, 50, 100, 200, 300, 500, 1000, 1500, 2000, 2100, 2200, 2300, 2400]	0.2842668649999993
[10, 20, 50, 100, 200, 300, 500, 1000, 1500, 2000, 2100, 2200, 2300, 2400]	0.30464371499999743
[10, 20, 50, 100, 200, 300, 500, 1000, 1500, 2000, 2100, 2200, 2300, 2400]	0.30060544700000236
[10, 20, 50, 100, 200, 300, 500, 1000, 1500, 2000, 2100, 2200, 2300, 2400]	0.28546997800000184
[10, 20, 50, 100, 200, 300, 500, 1000, 1500, 2000, 2100, 2200, 2300, 2400]	0.3060102099999966
[10, 20, 50, 100, 200, 300, 500, 1000, 1500, 2000, 2100, 2200, 2300, 2400]	0.2936578429999983
[10, 20, 50, 100, 200, 300, 500, 1000, 1500, 2000, 2100, 2200, 2300, 2400]	0.2844911489999973
[10, 20, 50, 100, 200, 300, 500, 1000, 1500, 2000, 2100, 2200, 2300, 2400]	0.29189930100000083
[10, 20, 50, 100, 200, 300, 500, 1000, 1500, 2000, 2100, 2200, 2300, 2400]	0.2935106230000031
[10, 20, 50, 100, 200, 300, 500, 1000, 1500, 2000, 2100, 2200, 2300, 2400]	0.3018988620000016
[10, 20, 50, 100, 200, 300, 500, 1000, 1500, 2000, 2100, 2200, 2300, 2400]	0.28718851800000067
[10, 20, 50, 100, 200, 300, 500, 1000, 1500, 2000, 2100, 2200, 2300, 2400]	0.33164385199999913
[10, 20, 50, 100, 200, 300, 500, 1000, 1500, 2000, 2100, 2200, 2300, 2400]	0.2481550390000038
[10, 20, 50, 100, 200, 300, 500, 1000, 1500, 2000, 2100, 2200, 2300, 2400]	0.3377752880000031
[10, 20, 50, 100, 200, 300, 500, 1000, 1500, 2000, 2100, 2200, 2300, 2400]	0.28443630499999983
-
[10, 20, 50, 100, 200, 300, 500, 1000, 1500, 2000, 2100, 2200, 2300, 2400]	0.5475664180000024
[10, 20, 50, 100, 200, 300, 500, 1000, 1500, 2000, 2100, 2200, 2300, 2400]	0.5533781319999989
[10, 20, 50, 100, 200, 300, 500, 1000, 1500, 2000, 2100, 2200, 2300, 2400]	0.49999257199999647
[10, 20, 50, 100, 200, 300, 500, 1000, 1500, 2000, 2100, 2200, 2300, 2400]	0.5297078609999986
[10, 20, 50, 100, 200, 300, 500, 1000, 1500, 2000, 2100, 2200, 2300, 2400]	0.4233569800000012
[10, 20, 50, 100, 200, 300, 500, 1000, 1500, 2000, 2100, 2200, 2300, 2400]	0.40855486800000307
[10, 20, 50, 100, 200, 300, 500, 1000, 1500, 2000, 2100, 2200, 2300, 2400]	0.4574639309999995
[10, 20, 50, 100, 200, 300, 500, 1000, 1500, 2000, 2100, 2200, 2300, 2400]	0.4148103830000025
[10, 20, 50, 100, 200, 300, 500, 1000, 1500, 2000, 2100, 2200, 2300, 2400]	0.5019050170000057
[10, 20, 50, 100, 200, 300, 500, 1000, 1500, 2000, 2100, 2200, 2300, 2400]	0.4943372359999998
[10, 20, 50, 100, 200, 300, 500, 1000, 1500, 2000, 2100, 2200, 2300, 2400]	0.47413142799999974
[10, 20, 50, 100, 200, 300, 500, 1000, 1500, 2000, 2100, 2200, 2300, 2400]	0.493689787000001
[10, 20, 50, 100, 200, 300, 500, 1000, 1500, 2000, 2100, 2200, 2300, 2400]	0.4794985710000006
[10, 20, 50, 100, 200, 300, 500, 1000, 1500, 2000, 2100, 2200, 2300, 2400]	0.4825537099999977
[10, 20, 50, 100, 200, 300, 500, 1000, 1500, 2000, 2100, 2200, 2300, 2400]	0.5155952369999994
[10, 20, 50, 100, 200, 300, 500, 1000, 1500, 2000, 2100, 2200, 2300, 2400]	0.48148851599999887
[10, 20, 50, 100, 200, 300, 500, 1000, 1500, 2000, 2100, 2200, 2300, 2400]	0.5361762539999972
[10, 20, 50, 100, 200, 300, 500, 1000, 1500, 2000, 2100, 2200, 2300, 2400]	0.4427683899999977
[10, 20, 50, 100, 200, 300, 500, 1000, 1500, 2000, 2100, 2200, 2300, 2400]	0.5635101089999992
[10, 20, 50, 100, 200, 300, 500, 1000, 1500, 2000, 2100, 2200, 2300, 2400]	0.3875942140000035
[10, 20, 50, 100, 200, 300, 500, 1000, 1500, 2000, 2100, 2200, 2300, 2400]	0.506054829
[10, 20, 50, 100, 200, 300, 500, 1000, 1500, 2000, 2100, 2200, 2300, 2400]	0.4251130339999989
[10, 20, 50, 100, 200, 300, 500, 1000, 1500, 2000, 2100, 2200, 2300, 2400]	0.5023761249999978
[10, 20, 50, 100, 200, 300, 500, 1000, 1500, 2000, 2100, 2200, 2300, 2400]	0.5170821020000034
[10, 20, 50, 100, 200, 300, 500, 1000, 1500, 2000, 2100, 2200, 2300, 2400]	0.5088439590000036
[10, 20, 50, 100, 200, 300, 500, 1000, 1500, 2000, 2100, 2200, 2300, 2400]	0.501764558000005
[10, 20, 50, 100, 200, 300, 500, 1000, 1500, 2000, 2100, 2200, 2300, 2400]	0.508671501000002
[10, 20, 50, 100, 200, 300, 500, 1000, 1500, 2000, 2100, 2200, 2300, 2400]	0.47343433599999685
[10, 20, 50, 100, 200, 300, 500, 1000, 1500, 2000, 2100, 2200, 2300, 2400]	0.5780941229999996
[10, 20, 50, 100, 200, 300, 500, 1000, 1500, 2000, 2100, 2200, 2300, 2400]	0.5171276820000017
[10, 20, 50, 100, 200, 300, 500, 1000, 1500, 2000, 2100, 2200, 2300, 2400]	0.5724450840000017
[10, 20, 50, 100, 200, 300, 500, 1000, 1500, 2000, 2100, 2200, 2300, 2400]	0.47527542200000283
[10, 20, 50, 100, 200, 300, 500, 1000, 1500, 2000, 2100, 2200, 2300, 2400]	0.5139940859999967
[10, 20, 50, 100, 200, 300, 500, 1000, 1500, 2000, 2100, 2200, 2300, 2400]	0.5222932519999972
[10, 20, 50, 100, 200, 300, 500, 1000, 1500, 2000, 2100, 2200, 2300, 2400]	0.5366671489999959
[10, 20, 50, 100, 200, 300, 500, 1000, 1500, 2000, 2100, 2200, 2300, 2400]	0.5077247060000047
[10, 20, 50, 100, 200, 300, 500, 1000, 1500, 2000, 2100, 2200, 2300, 2400]	0.4986708919999998
[10, 20, 50, 100, 200, 300, 500, 1000, 1500, 2000, 2100, 2200, 2300, 2400]	0.38692626699999977
[10, 20, 50, 100, 200, 300, 500, 1000, 1500, 2000, 2100, 2200, 2300, 2400]	0.45361342199999655
[10, 20, 50, 100, 200, 300, 500, 1000, 1500, 2000, 2100, 2200, 2300, 2400]	0.5713786009999993
[10, 20, 50, 100, 200, 300, 500, 1000, 1500, 2000, 2100, 2200, 2300, 2400]	0.5133236359999955
[10, 20, 50, 100, 200, 300, 500, 1000, 1500, 2000, 2100, 2200, 2300, 2400]	0.5232278630000025
[10, 20, 50, 100, 200, 300, 500, 1000, 1500, 2000, 2100, 2200, 2300, 2400]	0.567240923
[10, 20, 50, 100, 200, 300, 500, 1000, 1500, 2000, 2100, 2200, 2300, 2400]	0.5640426530000013
[10, 20, 50, 100, 200, 300, 500, 1000, 1500, 2000, 2100, 2200, 2300, 2400]	0.4869819750000062
[10, 20, 50, 100, 200, 300, 500, 1000, 1500, 2000, 2100, 2200, 2300, 2400]	0.5385710669999924
[10, 20, 50, 100, 200, 300, 500, 1000, 1500, 2000, 2100, 2200, 2300, 2400]	0.48902808500000106
[10, 20, 50, 100, 200, 300, 500, 1000, 1500, 2000, 2100, 2200, 2300, 2400]	0.5180636110000023
[10, 20, 50, 100, 200, 300, 500, 1000, 1500, 2000, 2100, 2200, 2300, 2400]	0.5014379039999994
[10, 20, 50, 100, 200, 300, 500, 1000, 1500, 2000, 2100, 2200, 2300, 2400]	0.46761645499999815
-
[10, 20, 50, 100, 200, 300, 500, 1000, 1500, 2000, 2100, 2200, 2300, 2400]	0.9595293389999995
[10, 20, 50, 100, 200, 300, 500, 1000, 1500, 2000, 2100, 2200, 2300, 2400]	0.9578269280000029
[10, 20, 50, 100, 200, 300, 500, 1000, 1500, 2000, 2100, 2200, 2300, 2400]	1.0366899919999923
[10, 20, 50, 100, 200, 300, 500, 1000, 1500, 2000, 2100, 2200, 2300, 2400]	1.028911595000011
[10, 20, 50, 100, 200, 300, 500, 1000, 1500, 2000, 2100, 2200, 2300, 2400]	0.8307440230000083
[10, 20, 50, 100, 200, 300, 500, 1000, 1500, 2000, 2100, 2200, 2300, 2400]	0.8416397569999958
[10, 20, 50, 100, 200, 300, 500, 1000, 1500, 2000, 2100, 2200, 2300, 2400]	1.0395525779999986
[10, 20, 50, 100, 200, 300, 500, 1000, 1500, 2000, 2100, 2200, 2300, 2400]	0.8426201120000059
[10, 20, 50, 100, 200, 300, 500, 1000, 1500, 2000, 2100, 2200, 2300, 2400]	1.059159993999998
[10, 20, 50, 100, 200, 300, 500, 1000, 1500, 2000, 2100, 2200, 2300, 2400]	1.0445350849999926
[10, 20, 50, 100, 200, 300, 500, 1000, 1500, 2000, 2100, 2200, 2300, 2400]	0.799828914999992
[10, 20, 50, 100, 200, 300, 500, 1000, 1500, 2000, 2100, 2200, 2300, 2400]	1.0871544940000035
[10, 20, 50, 100, 200, 300, 500, 1000, 1500, 2000, 2100, 2200, 2300, 2400]	0.9172469960000029
[10, 20, 50, 100, 200, 300, 500, 1000, 1500, 2000, 2100, 2200, 2300, 2400]	1.0668777790000092
[10, 20, 50, 100, 200, 300, 500, 1000, 1500, 2000, 2100, 2200, 2300, 2400]	0.8381408139999991
[10, 20, 50, 100, 200, 300, 500, 1000, 1500, 2000, 2100, 2200, 2300, 2400]	1.0273931910000016
[10, 20, 50, 100, 200, 300, 500, 1000, 1500, 2000, 2100, 2200, 2300, 2400]	0.8788537160000089
[10, 20, 50, 100, 200, 300, 500, 1000, 1500, 2000, 2100, 2200, 2300, 2400]	1.085063930000004
[10, 20, 50, 100, 200, 300, 500, 1000, 1500, 2000, 2100, 2200, 2300, 2400]	1.0308656689999935
[10, 20, 50, 100, 200, 300, 500, 1000, 1500, 2000, 2100, 2200, 2300, 2400]	0.8859066950000027
[10, 20, 50, 100, 200, 300, 500, 1000, 1500, 2000, 2100, 2200, 2300, 2400]	0.7780250550000005
[10, 20, 50, 100, 200, 300, 500, 1000, 1500, 2000, 2100, 2200, 2300, 2400]	1.0632858219999974
[10, 20, 50, 100, 200, 300, 500, 1000, 1500, 2000, 2100, 2200, 2300, 2400]	0.8777241250000003
[10, 20, 50, 100, 200, 300, 500, 1000, 1500, 2000, 2100, 2200, 2300, 2400]	1.0379764110000025
[10, 20, 50, 100, 200, 300, 500, 1000, 1500, 2000, 2100, 2200, 2300, 2400]	0.9298197979999969
[10, 20, 50, 100, 200, 300, 500, 1000, 1500, 2000, 2100, 2200, 2300, 2400]	0.9974221800000009
[10, 20, 50, 100, 200, 300, 500, 1000, 1500, 2000, 2100, 2200, 2300, 2400]	1.0363245799999987
[10, 20, 50, 100, 200, 300, 500, 1000, 1500, 2000, 2100, 2200, 2300, 2400]	0.9786774859999952
[10, 20, 50, 100, 200, 300, 500, 1000, 1500, 2000, 2100, 2200, 2300, 2400]	1.0258035020000023
[10, 20, 50, 100, 200, 300, 500, 1000, 1500, 2000, 2100, 2200, 2300, 2400]	0.7439281119999919
[10, 20, 50, 100, 200, 300, 500, 1000, 1500, 2000, 2100, 2200, 2300, 2400]	1.045811091999994
[10, 20, 50, 100, 200, 300, 500, 1000, 1500, 2000, 2100, 2200, 2300, 2400]	1.0187033399999876
[10, 20, 50, 100, 200, 300, 500, 1000, 1500, 2000, 2100, 2200, 2300, 2400]	0.9260503160000013
[10, 20, 50, 100, 200, 300, 500, 1000, 1500, 2000, 2100, 2200, 2300, 2400]	1.092260419000013
[10, 20, 50, 100, 200, 300, 500, 1000, 1500, 2000, 2100, 2200, 2300, 2400]	1.0276906080000003
[10, 20, 50, 100, 200, 300, 500, 1000, 1500, 2000, 2100, 2200, 2300, 2400]	0.9189994700000028
[10, 20, 50, 100, 200, 300, 500, 1000, 1500, 2000, 2100, 2200, 2300, 2400]	1.0760394569999931
[10, 20, 50, 100, 200, 300, 500, 1000, 1500, 2000, 2100, 2200, 2300, 2400]	0.957536262000005
[10, 20, 50, 100, 200, 300, 500, 1000, 1500, 2000, 2100, 2200, 2300, 2400]	1.125490112999998
[10, 20, 50, 100, 200, 300, 500, 1000, 1500, 2000, 2100, 2200, 2300, 2400]	1.046691213999992
[10, 20, 50, 100, 200, 300, 500, 1000, 1500, 2000, 2100, 2200, 2300, 2400]	0.9928002789999937
[10, 20, 50, 100, 200, 300, 500, 1000, 1500, 2000, 2100, 2200, 2300, 2400]	0.8774206289999995
[10, 20, 50, 100, 200, 300, 500, 1000, 1500, 2000, 2100, 2200, 2300, 2400]	0.9320700970000075
[10, 20, 50, 100, 200, 300, 500, 1000, 1500, 2000, 2100, 2200, 2300, 2400]	1.0915708859999995
[10, 20, 50, 100, 200, 300, 500, 1000, 1500, 2000, 2100, 2200, 2300, 2400]	1.093829903999989
[10, 20, 50, 100, 200, 300, 500, 1000, 1500, 2000, 2100, 2200, 2300, 2400]	1.043715516000006
[10, 20, 50, 100, 200, 300, 500, 1000, 1500, 2000, 2100, 2200, 2300, 2400]	1.1279027439999965
[10, 20, 50, 100, 200, 300, 500, 1000, 1500, 2000, 2100, 2200, 2300, 2400]	0.8185507700000016
[10, 20, 50, 100, 200, 300, 500, 1000, 1500, 2000, 2100, 2200, 2300, 2400]	1.1097103640000086
[10, 20, 50, 100, 200, 300, 500, 1000, 1500, 2000, 2100, 2200, 2300, 2400]	1.0132004480000205
-
[10, 20, 50, 100, 200, 300, 500, 1000, 1500, 2000, 2100, 2200, 2300, 2400]	2.5723687960000063
[10, 20, 50, 100, 200, 300, 500, 1000, 1500, 2000, 2100, 2200, 2300, 2400]	2.9404383819999964
[10, 20, 50, 100, 200, 300, 500, 1000, 1500, 2000, 2100, 2200, 2300, 2400]	2.7071662190000154
[10, 20, 50, 100, 200, 300, 500, 1000, 1500, 2000, 2100, 2200, 2300, 2400]	2.684729795999999
[10, 20, 50, 100, 200, 300, 500, 1000, 1500, 2000, 2100, 2200, 2300, 2400]	2.9381828440000106
[10, 20, 50, 100, 200, 300, 500, 1000, 1500, 2000, 2100, 2200, 2300, 2400]	2.6867201569999963
[10, 20, 50, 100, 200, 300, 500, 1000, 1500, 2000, 2100, 2200, 2300, 2400]	2.520523811000004
[10, 20, 50, 100, 200, 300, 500, 1000, 1500, 2000, 2100, 2200, 2300, 2400]	2.666954913000012
[10, 20, 50, 100, 200, 300, 500, 1000, 1500, 2000, 2100, 2200, 2300, 2400]	2.9234161020000045
[10, 20, 50, 100, 200, 300, 500, 1000, 1500, 2000, 2100, 2200, 2300, 2400]	2.6786140339999918
[10, 20, 50, 100, 200, 300, 500, 1000, 1500, 2000, 2100, 2200, 2300, 2400]	2.6929189779999945
[10, 20, 50, 100, 200, 300, 500, 1000, 1500, 2000, 2100, 2200, 2300, 2400]	2.8743100489999733
[10, 20, 50, 100, 200, 300, 500, 1000, 1500, 2000, 2100, 2200, 2300, 2400]	2.5425690589999874
[10, 20, 50, 100, 200, 300, 500, 1000, 1500, 2000, 2100, 2200, 2300, 2400]	2.8677782990000082
[10, 20, 50, 100, 200, 300, 500, 1000, 1500, 2000, 2100, 2200, 2300, 2400]	2.9563983689999986
[10, 20, 50, 100, 200, 300, 500, 1000, 1500, 2000, 2100, 2200, 2300, 2400]	2.669399421999998
[10, 20, 50, 100, 200, 300, 500, 1000, 1500, 2000, 2100, 2200, 2300, 2400]	2.5110168230000056
[10, 20, 50, 100, 200, 300, 500, 1000, 1500, 2000, 2100, 2200, 2300, 2400]	2.5985954569999876
[10, 20, 50, 100, 200, 300, 500, 1000, 1500, 2000, 2100, 2200, 2300, 2400]	2.6377054360000045
[10, 20, 50, 100, 200, 300, 500, 1000, 1500, 2000, 2100, 2200, 2300, 2400]	2.549918477999995
[10, 20, 50, 100, 200, 300, 500, 1000, 1500, 2000, 2100, 2200, 2300, 2400]	2.663902314000012
[10, 20, 50, 100, 200, 300, 500, 1000, 1500, 2000, 2100, 2200, 2300, 2400]	2.692035691000001
[10, 20, 50, 100, 200, 300, 500, 1000, 1500, 2000, 2100, 2200, 2300, 2400]	2.6695782800000245
[10, 20, 50, 100, 200, 300, 500, 1000, 1500, 2000, 2100, 2200, 2300, 2400]	2.6095700580000027
[10, 20, 50, 100, 200, 300, 500, 1000, 1500, 2000, 2100, 2200, 2300, 2400]	2.79594201499998
[10, 20, 50, 100, 200, 300, 500, 1000, 1500, 2000, 2100, 2200, 2300, 2400]	2.678870404999998
[10, 20, 50, 100, 200, 300, 500, 1000, 1500, 2000, 2100, 2200, 2300, 2400]	2.5997603890000107
[10, 20, 50, 100, 200, 300, 500, 1000, 1500, 2000, 2100, 2200, 2300, 2400]	2.6350680099999977
[10, 20, 50, 100, 200, 300, 500, 1000, 1500, 2000, 2100, 2200, 2300, 2400]	2.684958930999983
[10, 20, 50, 100, 200, 300, 500, 1000, 1500, 2000, 2100, 2200, 2300, 2400]	2.8707612700000027
[10, 20, 50, 100, 200, 300, 500, 1000, 1500, 2000, 2100, 2200, 2300, 2400]	2.9917096350000065
[10, 20, 50, 100, 200, 300, 500, 1000, 1500, 2000, 2100, 2200, 2300, 2400]	2.8506766870000035
[10, 20, 50, 100, 200, 300, 500, 1000, 1500, 2000, 2100, 2200, 2300, 2400]	2.8494136690000005
[10, 20, 50, 100, 200, 300, 500, 1000, 1500, 2000, 2100, 2200, 2300, 2400]	2.955638683000018
[10, 20, 50, 100, 200, 300, 500, 1000, 1500, 2000, 2100, 2200, 2300, 2400]	2.7641816840000217
[10, 20, 50, 100, 200, 300, 500, 1000, 1500, 2000, 2100, 2200, 2300, 2400]	2.578534302999998
[10, 20, 50, 100, 200, 300, 500, 1000, 1500, 2000, 2100, 2200, 2300, 2400]	2.4345211119999988
[10, 20, 50, 100, 200, 300, 500, 1000, 1500, 2000, 2100, 2200, 2300, 2400]	2.8818531019999796
[10, 20, 50, 100, 200, 300, 500, 1000, 1500, 2000, 2100, 2200, 2300, 2400]	2.6077659500000436
[10, 20, 50, 100, 200, 300, 500, 1000, 1500, 2000, 2100, 2200, 2300, 2400]	2.981904420000035
[10, 20, 50, 100, 200, 300, 500, 1000, 1500, 2000, 2100, 2200, 2300, 2400]	2.592340483999976
[10, 20, 50, 100, 200, 300, 500, 1000, 1500, 2000, 2100, 2200, 2300, 2400]	2.6321324389999745
[10, 20, 50, 100, 200, 300, 500, 1000, 1500, 2000, 2100, 2200, 2300, 2400]	2.789779760999977
[10, 20, 50, 100, 200, 300, 500, 1000, 1500, 2000, 2100, 2200, 2300, 2400]	2.6162980060000223
[10, 20, 50, 100, 200, 300, 500, 1000, 1500, 2000, 2100, 2200, 2300, 2400]	2.9860831130000065
[10, 20, 50, 100, 200, 300, 500, 1000, 1500, 2000, 2100, 2200, 2300, 2400]	2.8509346069999992
[10, 20, 50, 100, 200, 300, 500, 1000, 1500, 2000, 2100, 2200, 2300, 2400]	2.658973258000003
[10, 20, 50, 100, 200, 300, 500, 1000, 1500, 2000, 2100, 2200, 2300, 2400]	3.040204607000021
[10, 20, 50, 100, 200, 300, 500, 1000, 1500, 2000, 2100, 2200, 2300, 2400]	2.7487456759999986
[10, 20, 50, 100, 200, 300, 500, 1000, 1500, 2000, 2100, 2200, 2300, 2400]	2.649280807000025
-
[10, 20, 50, 100, 200, 300, 500, 1000, 1500, 2000, 2100, 2200, 2300, 2400]	4.872788297999989
[10, 20, 50, 100, 200, 300, 500, 1000, 1500, 2000, 2100, 2200, 2300, 2400]	4.879933779999988
[10, 20, 50, 100, 200, 300, 500, 1000, 1500, 2000, 2100, 2200, 2300, 2400]	5.042209961000026
[10, 20, 50, 100, 200, 300, 500, 1000, 1500, 2000, 2100, 2200, 2300, 2400]	4.622246144999963
[10, 20, 50, 100, 200, 300, 500, 1000, 1500, 2000, 2100, 2200, 2300, 2400]	4.882277054000042
[10, 20, 50, 100, 200, 300, 500, 1000, 1500, 2000, 2100, 2200, 2300, 2400]	4.73406954699999
[10, 20, 50, 100, 200, 300, 500, 1000, 1500, 2000, 2100, 2200, 2300, 2400]	4.983702692999998
[10, 20, 50, 100, 200, 300, 500, 1000, 1500, 2000, 2100, 2200, 2300, 2400]	4.939020926000012
[10, 20, 50, 100, 200, 300, 500, 1000, 1500, 2000, 2100, 2200, 2300, 2400]	4.822611107
[10, 20, 50, 100, 200, 300, 500, 1000, 1500, 2000, 2100, 2200, 2300, 2400]	4.9252998089999664
[10, 20, 50, 100, 200, 300, 500, 1000, 1500, 2000, 2100, 2200, 2300, 2400]	4.9893822220000175
[10, 20, 50, 100, 200, 300, 500, 1000, 1500, 2000, 2100, 2200, 2300, 2400]	5.088916499999982
[10, 20, 50, 100, 200, 300, 500, 1000, 1500, 2000, 2100, 2200, 2300, 2400]	5.233535491999987
[10, 20, 50, 100, 200, 300, 500, 1000, 1500, 2000, 2100, 2200, 2300, 2400]	5.011190369000019
[10, 20, 50, 100, 200, 300, 500, 1000, 1500, 2000, 2100, 2200, 2300, 2400]	5.621186384999987
[10, 20, 50, 100, 200, 300, 500, 1000, 1500, 2000, 2100, 2200, 2300, 2400]	5.056842678999999
[10, 20, 50, 100, 200, 300, 500, 1000, 1500, 2000, 2100, 2200, 2300, 2400]	5.09700621799999
[10, 20, 50, 100, 200, 300, 500, 1000, 1500, 2000, 2100, 2200, 2300, 2400]	4.913685180000016
[10, 20, 50, 100, 200, 300, 500, 1000, 1500, 2000, 2100, 2200, 2300, 2400]	5.567306151999958
[10, 20, 50, 100, 200, 300, 500, 1000, 1500, 2000, 2100, 2200, 2300, 2400]	5.057350877000033
[10, 20, 50, 100, 200, 300, 500, 1000, 1500, 2000, 2100, 2200, 2300, 2400]	5.342594781999992
[10, 20, 50, 100, 200, 300, 500, 1000, 1500, 2000, 2100, 2200, 2300, 2400]	4.521920537000028
[10, 20, 50, 100, 200, 300, 500, 1000, 1500, 2000, 2100, 2200, 2300, 2400]	4.466615004000005
[10, 20, 50, 100, 200, 300, 500, 1000, 1500, 2000, 2100, 2200, 2300, 2400]	5.09391799399998
[10, 20, 50, 100, 200, 300, 500, 1000, 1500, 2000, 2100, 2200, 2300, 2400]	4.866257540999982
[10, 20, 50, 100, 200, 300, 500, 1000, 1500, 2000, 2100, 2200, 2300, 2400]	5.110796286999971
[10, 20, 50, 100, 200, 300, 500, 1000, 1500, 2000, 2100, 2200, 2300, 2400]	4.929000316000042
[10, 20, 50, 100, 200, 300, 500, 1000, 1500, 2000, 2100, 2200, 2300, 2400]	5.018244105999997
[10, 20, 50, 100, 200, 300, 500, 1000, 1500, 2000, 2100, 2200, 2300, 2400]	4.998117063999985
[10, 20, 50, 100, 200, 300, 500, 1000, 1500, 2000, 2100, 2200, 2300, 2400]	4.93947891199997
[10, 20, 50, 100, 200, 300, 500, 1000, 1500, 2000, 2100, 2200, 2300, 2400]	4.911804895999978
[10, 20, 50, 100, 200, 300, 500, 1000, 1500, 2000, 2100, 2200, 2300, 2400]	5.298353260999988
[10, 20, 50, 100, 200, 300, 500, 1000, 1500, 2000, 2100, 2200, 2300, 2400]	5.023603707999996
[10, 20, 50, 100, 200, 300, 500, 1000, 1500, 2000, 2100, 2200, 2300, 2400]	4.5514995209999825
[10, 20, 50, 100, 200, 300, 500, 1000, 1500, 2000, 2100, 2200, 2300, 2400]	5.1171177989999705
[10, 20, 50, 100, 200, 300, 500, 1000, 1500, 2000, 2100, 2200, 2300, 2400]	5.178701853999996
[10, 20, 50, 100, 200, 300, 500, 1000, 1500, 2000, 2100, 2200, 2300, 2400]	4.871144249000054
[10, 20, 50, 100, 200, 300, 500, 1000, 1500, 2000, 2100, 2200, 2300, 2400]	4.653336518999936
[10, 20, 50, 100, 200, 300, 500, 1000, 1500, 2000, 2100, 2200, 2300, 2400]	4.90311627799997
[10, 20, 50, 100, 200, 300, 500, 1000, 1500, 2000, 2100, 2200, 2300, 2400]	5.026075878000029
[10, 20, 50, 100, 200, 300, 500, 1000, 1500, 2000, 2100, 2200, 2300, 2400]	4.841592600000013
[10, 20, 50, 100, 200, 300, 500, 1000, 1500, 2000, 2100, 2200, 2300, 2400]	4.649195238999937
[10, 20, 50, 100, 200, 300, 500, 1000, 1500, 2000, 2100, 2200, 2300, 2400]	4.886089447000018
[10, 20, 50, 100, 200, 300, 500, 1000, 1500, 2000, 2100, 2200, 2300, 2400]	4.888503776999983
[10, 20, 50, 100, 200, 300, 500, 1000, 1500, 2000, 2100, 2200, 2300, 2400]	5.278224812000076
[10, 20, 50, 100, 200, 300, 500, 1000, 1500, 2000, 2100, 2200, 2300, 2400]	5.104654987999993
[10, 20, 50, 100, 200, 300, 500, 1000, 1500, 2000, 2100, 2200, 2300, 2400]	5.387714243999994
[10, 20, 50, 100, 200, 300, 500, 1000, 1500, 2000, 2100, 2200, 2300, 2400]	5.027263642000094
[10, 20, 50, 100, 200, 300, 500, 1000, 1500, 2000, 2100, 2200, 2300, 2400]	4.808770579999987
[10, 20, 50, 100, 200, 300, 500, 1000, 1500, 2000, 2100, 2200, 2300, 2400]	5.050214346000075
-
[10, 20, 50, 100, 200, 300, 500, 1000, 1500, 2000, 2100, 2200, 2300, 2400]	10.528377767000052
[10, 20, 50, 100, 200, 300, 500, 1000, 1500, 2000, 2100, 2200, 2300, 2400]	10.25500091899994
[10, 20, 50, 100, 200, 300, 500, 1000, 1500, 2000, 2100, 2200, 2300, 2400]	10.513953931999936
[10, 20, 50, 100, 200, 300, 500, 1000, 1500, 2000, 2100, 2200, 2300, 2400]	9.897151502000042
[10, 20, 50, 100, 200, 300, 500, 1000, 1500, 2000, 2100, 2200, 2300, 2400]	9.507426703000078
[10, 20, 50, 100, 200, 300, 500, 1000, 1500, 2000, 2100, 2200, 2300, 2400]	10.15007691400001
[10, 20, 50, 100, 200, 300, 500, 1000, 1500, 2000, 2100, 2200, 2300, 2400]	9.930833897999946
[10, 20, 50, 100, 200, 300, 500, 1000, 1500, 2000, 2100, 2200, 2300, 2400]	10.21542088000001
[10, 20, 50, 100, 200, 300, 500, 1000, 1500, 2000, 2100, 2200, 2300, 2400]	9.872749995999925
[10, 20, 50, 100, 200, 300, 500, 1000, 1500, 2000, 2100, 2200, 2300, 2400]	10.049658624000017
[10, 20, 50, 100, 200, 300, 500, 1000, 1500, 2000, 2100, 2200, 2300, 2400]	10.229455019999932
[10, 20, 50, 100, 200, 300, 500, 1000, 1500, 2000, 2100, 2200, 2300, 2400]	9.608502934999933
[10, 20, 50, 100, 200, 300, 500, 1000, 1500, 2000, 2100, 2200, 2300, 2400]	10.076518039999996
[10, 20, 50, 100, 200, 300, 500, 1000, 1500, 2000, 2100, 2200, 2300, 2400]	10.769805452000014
[10, 20, 50, 100, 200, 300, 500, 1000, 1500, 2000, 2100, 2200, 2300, 2400]	9.800232593000032
[10, 20, 50, 100, 200, 300, 500, 1000, 1500, 2000, 2100, 2200, 2300, 2400]	10.904386690000024
[10, 20, 50, 100, 200, 300, 500, 1000, 1500, 2000, 2100, 2200, 2300, 2400]	9.686544262999973
[10, 20, 50, 100, 200, 300, 500, 1000, 1500, 2000, 2100, 2200, 2300, 2400]	9.608320796000044
[10, 20, 50, 100, 200, 300, 500, 1000, 1500, 2000, 2100, 2200, 2300, 2400]	9.56689157300002
[10, 20, 50, 100, 200, 300, 500, 1000, 1500, 2000, 2100, 2200, 2300, 2400]	9.72256263099996
[10, 20, 50, 100, 200, 300, 500, 1000, 1500, 2000, 2100, 2200, 2300, 2400]	11.626334588999953
[10, 20, 50, 100, 200, 300, 500, 1000, 1500, 2000, 2100, 2200, 2300, 2400]	10.43196388299998
[10, 20, 50, 100, 200, 300, 500, 1000, 1500, 2000, 2100, 2200, 2300, 2400]	11.466759776999993
[10, 20, 50, 100, 200, 300, 500, 1000, 1500, 2000, 2100, 2200, 2300, 2400]	9.951554429999987
[10, 20, 50, 100, 200, 300, 500, 1000, 1500, 2000, 2100, 2200, 2300, 2400]	10.452036864999968
[10, 20, 50, 100, 200, 300, 500, 1000, 1500, 2000, 2100, 2200, 2300, 2400]	10.733489464999934
[10, 20, 50, 100, 200, 300, 500, 1000, 1500, 2000, 2100, 2200, 2300, 2400]	9.712153364000073
[10, 20, 50, 100, 200, 300, 500, 1000, 1500, 2000, 2100, 2200, 2300, 2400]	10.12698711500002
[10, 20, 50, 100, 200, 300, 500, 1000, 1500, 2000, 2100, 2200, 2300, 2400]	9.674908346000052
[10, 20, 50, 100, 200, 300, 500, 1000, 1500, 2000, 2100, 2200, 2300, 2400]	9.452272588000028
[10, 20, 50, 100, 200, 300, 500, 1000, 1500, 2000, 2100, 2200, 2300, 2400]	9.607593694999991
[10, 20, 50, 100, 200, 300, 500, 1000, 1500, 2000, 2100, 2200, 2300, 2400]	10.373857563000001
[10, 20, 50, 100, 200, 300, 500, 1000, 1500, 2000, 2100, 2200, 2300, 2400]	10.13120450000008
[10, 20, 50, 100, 200, 300, 500, 1000, 1500, 2000, 2100, 2200, 2300, 2400]	10.486834699000156
[10, 20, 50, 100, 200, 300, 500, 1000, 1500, 2000, 2100, 2200, 2300, 2400]	10.767064160000018
[10, 20, 50, 100, 200, 300, 500, 1000, 1500, 2000, 2100, 2200, 2300, 2400]	10.624871290999863
[10, 20, 50, 100, 200, 300, 500, 1000, 1500, 2000, 2100, 2200, 2300, 2400]	9.877113014000088
[10, 20, 50, 100, 200, 300, 500, 1000, 1500, 2000, 2100, 2200, 2300, 2400]	9.561146699000119
[10, 20, 50, 100, 200, 300, 500, 1000, 1500, 2000, 2100, 2200, 2300, 2400]	10.915786835000063
[10, 20, 50, 100, 200, 300, 500, 1000, 1500, 2000, 2100, 2200, 2300, 2400]	10.582330837999962
[10, 20, 50, 100, 200, 300, 500, 1000, 1500, 2000, 2100, 2200, 2300, 2400]	10.444536619000019
[10, 20, 50, 100, 200, 300, 500, 1000, 1500, 2000, 2100, 2200, 2300, 2400]	9.621078989000125
[10, 20, 50, 100, 200, 300, 500, 1000, 1500, 2000, 2100, 2200, 2300, 2400]	9.945214711000062
[10, 20, 50, 100, 200, 300, 500, 1000, 1500, 2000, 2100, 2200, 2300, 2400]	9.665096756999901
[10, 20, 50, 100, 200, 300, 500, 1000, 1500, 2000, 2100, 2200, 2300, 2400]	9.644948691000081
[10, 20, 50, 100, 200, 300, 500, 1000, 1500, 2000, 2100, 2200, 2300, 2400]	10.973960965999822
[10, 20, 50, 100, 200, 300, 500, 1000, 1500, 2000, 2100, 2200, 2300, 2400]	10.42819530199995
[10, 20, 50, 100, 200, 300, 500, 1000, 1500, 2000, 2100, 2200, 2300, 2400]	10.65013953000016
[10, 20, 50, 100, 200, 300, 500, 1000, 1500, 2000, 2100, 2200, 2300, 2400]	10.626859027000137
[10, 20, 50, 100, 200, 300, 500, 1000, 1500, 2000, 2100, 2200, 2300, 2400]	10.73597924899991
-
[10, 20, 50, 100, 200, 300, 500, 1000, 1500, 2000, 2100, 2200, 2300, 2400]	11.341711598999836
[10, 20, 50, 100, 200, 300, 500, 1000, 1500, 2000, 2100, 2200, 2300, 2400]	10.662507428000026
[10, 20, 50, 100, 200, 300, 500, 1000, 1500, 2000, 2100, 2200, 2300, 2400]	11.102176055999962
[10, 20, 50, 100, 200, 300, 500, 1000, 1500, 2000, 2100, 2200, 2300, 2400]	11.369654889999993
[10, 20, 50, 100, 200, 300, 500, 1000, 1500, 2000, 2100, 2200, 2300, 2400]	10.837623508999968
[10, 20, 50, 100, 200, 300, 500, 1000, 1500, 2000, 2100, 2200, 2300, 2400]	12.054734735000011
[10, 20, 50, 100, 200, 300, 500, 1000, 1500, 2000, 2100, 2200, 2300, 2400]	10.63100690500005
[10, 20, 50, 100, 200, 300, 500, 1000, 1500, 2000, 2100, 2200, 2300, 2400]	11.932029222999972
[10, 20, 50, 100, 200, 300, 500, 1000, 1500, 2000, 2100, 2200, 2300, 2400]	11.39670531899992
[10, 20, 50, 100, 200, 300, 500, 1000, 1500, 2000, 2100, 2200, 2300, 2400]	10.770295672999964
[10, 20, 50, 100, 200, 300, 500, 1000, 1500, 2000, 2100, 2200, 2300, 2400]	10.723205458999928
[10, 20, 50, 100, 200, 300, 500, 1000, 1500, 2000, 2100, 2200, 2300, 2400]	10.566073742000071
[10, 20, 50, 100, 200, 300, 500, 1000, 1500, 2000, 2100, 2200, 2300, 2400]	11.70752921799999
[10, 20, 50, 100, 200, 300, 500, 1000, 1500, 2000, 2100, 2200, 2300, 2400]	11.13314336999997
[10, 20, 50, 100, 200, 300, 500, 1000, 1500, 2000, 2100, 2200, 2300, 2400]	12.74341085900005
[10, 20, 50, 100, 200, 300, 500, 1000, 1500, 2000, 2100, 2200, 2300, 2400]	11.865592000999868
[10, 20, 50, 100, 200, 300, 500, 1000, 1500, 2000, 2100, 2200, 2300, 2400]	11.951730007000151
[10, 20, 50, 100, 200, 300, 500, 1000, 1500, 2000, 2100, 2200, 2300, 2400]	10.636753444000078
[10, 20, 50, 100, 200, 300, 500, 1000, 1500, 2000, 2100, 2200, 2300, 2400]	11.289959537999948
[10, 20, 50, 100, 200, 300, 500, 1000, 1500, 2000, 2100, 2200, 2300, 2400]	12.659262532999946
[10, 20, 50, 100, 200, 300, 500, 1000, 1500, 2000, 2100, 2200, 2300, 2400]	11.368037397999842
[10, 20, 50, 100, 200, 300, 500, 1000, 1500, 2000, 2100, 2200, 2300, 2400]	11.178025701000024
[10, 20, 50, 100, 200, 300, 500, 1000, 1500, 2000, 2100, 2200, 2300, 2400]	12.19596859399985
[10, 20, 50, 100, 200, 300, 500, 1000, 1500, 2000, 2100, 2200, 2300, 2400]	10.618486927000049
[10, 20, 50, 100, 200, 300, 500, 1000, 1500, 2000, 2100, 2200, 2300, 2400]	11.39672716899986
[10, 20, 50, 100, 200, 300, 500, 1000, 1500, 2000, 2100, 2200, 2300, 2400]	11.065508549000015
[10, 20, 50, 100, 200, 300, 500, 1000, 1500, 2000, 2100, 2200, 2300, 2400]	10.90289755599997
[10, 20, 50, 100, 200, 300, 500, 1000, 1500, 2000, 2100, 2200, 2300, 2400]	11.180086074999963
[10, 20, 50, 100, 200, 300, 500, 1000, 1500, 2000, 2100, 2200, 2300, 2400]	11.111594749000005
[10, 20, 50, 100, 200, 300, 500, 1000, 1500, 2000, 2100, 2200, 2300, 2400]	11.667992120999997
[10, 20, 50, 100, 200, 300, 500, 1000, 1500, 2000, 2100, 2200, 2300, 2400]	11.692489268999907
[10, 20, 50, 100, 200, 300, 500, 1000, 1500, 2000, 2100, 2200, 2300, 2400]	10.967623645000003
[10, 20, 50, 100, 200, 300, 500, 1000, 1500, 2000, 2100, 2200, 2300, 2400]	11.6360043090001
[10, 20, 50, 100, 200, 300, 500, 1000, 1500, 2000, 2100, 2200, 2300, 2400]	10.904795077000017
[10, 20, 50, 100, 200, 300, 500, 1000, 1500, 2000, 2100, 2200, 2300, 2400]	11.16769143700003
[10, 20, 50, 100, 200, 300, 500, 1000, 1500, 2000, 2100, 2200, 2300, 2400]	10.793339328999991
[10, 20, 50, 100, 200, 300, 500, 1000, 1500, 2000, 2100, 2200, 2300, 2400]	10.76788863899992
[10, 20, 50, 100, 200, 300, 500, 1000, 1500, 2000, 2100, 2200, 2300, 2400]	12.463744123999959
[10, 20, 50, 100, 200, 300, 500, 1000, 1500, 2000, 2100, 2200, 2300, 2400]	10.916872614999875
[10, 20, 50, 100, 200, 300, 500, 1000, 1500, 2000, 2100, 2200, 2300, 2400]	11.27698509400011
[10, 20, 50, 100, 200, 300, 500, 1000, 1500, 2000, 2100, 2200, 2300, 2400]	12.035864006999873
[10, 20, 50, 100, 200, 300, 500, 1000, 1500, 2000, 2100, 2200, 2300, 2400]	11.600787393000019
[10, 20, 50, 100, 200, 300, 500, 1000, 1500, 2000, 2100, 2200, 2300, 2400]	12.069962079999868
[10, 20, 50, 100, 200, 300, 500, 1000, 1500, 2000, 2100, 2200, 2300, 2400]	10.873965221999924
[10, 20, 50, 100, 200, 300, 500, 1000, 1500, 2000, 2100, 2200, 2300, 2400]	12.018598869000016
[10, 20, 50, 100, 200, 300, 500, 1000, 1500, 2000, 2100, 2200, 2300, 2400]	10.530036176999829
[10, 20, 50, 100, 200, 300, 500, 1000, 1500, 2000, 2100, 2200, 2300, 2400]	11.291654260000087
[10, 20, 50, 100, 200, 300, 500, 1000, 1500, 2000, 2100, 2200, 2300, 2400]	10.875938616999974
[10, 20, 50, 100, 200, 300, 500, 1000, 1500, 2000, 2100, 2200, 2300, 2400]	11.371052412999916
[10, 20, 50, 100, 200, 300, 500, 1000, 1500, 2000, 2100, 2200, 2300, 2400]	12.086213920999853
-
[10, 20, 50, 100, 200, 300, 500, 1000, 1500, 2000, 2100, 2200, 2300, 2400]	11.982597706999968
[10, 20, 50, 100, 200, 300, 500, 1000, 1500, 2000, 2100, 2200, 2300, 2400]	13.471424893999938
[10, 20, 50, 100, 200, 300, 500, 1000, 1500, 2000, 2100, 2200, 2300, 2400]	13.644625979000011
[10, 20, 50, 100, 200, 300, 500, 1000, 1500, 2000, 2100, 2200, 2300, 2400]	12.326075246999835
[10, 20, 50, 100, 200, 300, 500, 1000, 1500, 2000, 2100, 2200, 2300, 2400]	11.882735489999959
[10, 20, 50, 100, 200, 300, 500, 1000, 1500, 2000, 2100, 2200, 2300, 2400]	11.951664381
[10, 20, 50, 100, 200, 300, 500, 1000, 1500, 2000, 2100, 2200, 2300, 2400]	13.241559911999957
[10, 20, 50, 100, 200, 300, 500, 1000, 1500, 2000, 2100, 2200, 2300, 2400]	11.607533714000056
[10, 20, 50, 100, 200, 300, 500, 1000, 1500, 2000, 2100, 2200, 2300, 2400]	13.203912966999724
[10, 20, 50, 100, 200, 300, 500, 1000, 1500, 2000, 2100, 2200, 2300, 2400]	12.373384583000188
[10, 20, 50, 100, 200, 300, 500, 1000, 1500, 2000, 2100, 2200, 2300, 2400]	12.367341038000177
[10, 20, 50, 100, 200, 300, 500, 1000, 1500, 2000, 2100, 2200, 2300, 2400]	12.229710478000015
[10, 20, 50, 100, 200, 300, 500, 1000, 1500, 2000, 2100, 2200, 2300, 2400]	11.53723679199993
[10, 20, 50, 100, 200, 300, 500, 1000, 1500, 2000, 2100, 2200, 2300, 2400]	11.341382221000003
[10, 20, 50, 100, 200, 300, 500, 1000, 1500, 2000, 2100, 2200, 2300, 2400]	12.151723884000148
[10, 20, 50, 100, 200, 300, 500, 1000, 1500, 2000, 2100, 2200, 2300, 2400]	13.532239379000202
[10, 20, 50, 100, 200, 300, 500, 1000, 1500, 2000, 2100, 2200, 2300, 2400]	12.87618283599977
[10, 20, 50, 100, 200, 300, 500, 1000, 1500, 2000, 2100, 2200, 2300, 2400]	13.57483625299983
[10, 20, 50, 100, 200, 300, 500, 1000, 1500, 2000, 2100, 2200, 2300, 2400]	12.87549814699969
[10, 20, 50, 100, 200, 300, 500, 1000, 1500, 2000, 2100, 2200, 2300, 2400]	13.424269527999968
[10, 20, 50, 100, 200, 300, 500, 1000, 1500, 2000, 2100, 2200, 2300, 2400]	13.643295672000022
[10, 20, 50, 100, 200, 300, 500, 1000, 1500, 2000, 2100, 2200, 2300, 2400]	13.764870493999751
[10, 20, 50, 100, 200, 300, 500, 1000, 1500, 2000, 2100, 2200, 2300, 2400]	12.393551269999989
[10, 20, 50, 100, 200, 300, 500, 1000, 1500, 2000, 2100, 2200, 2300, 2400]	11.978285195999888
[10, 20, 50, 100, 200, 300, 500, 1000, 1500, 2000, 2100, 2200, 2300, 2400]	12.90006584899993
[10, 20, 50, 100, 200, 300, 500, 1000, 1500, 2000, 2100, 2200, 2300, 2400]	11.332969994999985
[10, 20, 50, 100, 200, 300, 500, 1000, 1500, 2000, 2100, 2200, 2300, 2400]	12.778254170999844
[10, 20, 50, 100, 200, 300, 500, 1000, 1500, 2000, 2100, 2200, 2300, 2400]	13.4122073059998
[10, 20, 50, 100, 200, 300, 500, 1000, 1500, 2000, 2100, 2200, 2300, 2400]	13.169147461999728
[10, 20, 50, 100, 200, 300, 500, 1000, 1500, 2000, 2100, 2200, 2300, 2400]	12.357927305999965
[10, 20, 50, 100, 200, 300, 500, 1000, 1500, 2000, 2100, 2200, 2300, 2400]	12.409931797999889
[10, 20, 50, 100, 200, 300, 500, 1000, 1500, 2000, 2100, 2200, 2300, 2400]	12.204562635999991
[10, 20, 50, 100, 200, 300, 500, 1000, 1500, 2000, 2100, 2200, 2300, 2400]	11.322406532000059
[10, 20, 50, 100, 200, 300, 500, 1000, 1500, 2000, 2100, 2200, 2300, 2400]	11.578354968999975
[10, 20, 50, 100, 200, 300, 500, 1000, 1500, 2000, 2100, 2200, 2300, 2400]	12.314065734999986
[10, 20, 50, 100, 200, 300, 500, 1000, 1500, 2000, 2100, 2200, 2300, 2400]	12.83384820900028
[10, 20, 50, 100, 200, 300, 500, 1000, 1500, 2000, 2100, 2200, 2300, 2400]	12.395867191999969
[10, 20, 50, 100, 200, 300, 500, 1000, 1500, 2000, 2100, 2200, 2300, 2400]	12.487331900999834
[10, 20, 50, 100, 200, 300, 500, 1000, 1500, 2000, 2100, 2200, 2300, 2400]	11.558930678999786
[10, 20, 50, 100, 200, 300, 500, 1000, 1500, 2000, 2100, 2200, 2300, 2400]	11.987882725999953
[10, 20, 50, 100, 200, 300, 500, 1000, 1500, 2000, 2100, 2200, 2300, 2400]	12.937133601999903
[10, 20, 50, 100, 200, 300, 500, 1000, 1500, 2000, 2100, 2200, 2300, 2400]	12.965668733999792
[10, 20, 50, 100, 200, 300, 500, 1000, 1500, 2000, 2100, 2200, 2300, 2400]	13.883416677999776
[10, 20, 50, 100, 200, 300, 500, 1000, 1500, 2000, 2100, 2200, 2300, 2400]	13.586515377000069
[10, 20, 50, 100, 200, 300, 500, 1000, 1500, 2000, 2100, 2200, 2300, 2400]	11.674134159000005
[10, 20, 50, 100, 200, 300, 500, 1000, 1500, 2000, 2100, 2200, 2300, 2400]	11.606892915000117
[10, 20, 50, 100, 200, 300, 500, 1000, 1500, 2000, 2100, 2200, 2300, 2400]	12.359241858000132
[10, 20, 50, 100, 200, 300, 500, 1000, 1500, 2000, 2100, 2200, 2300, 2400]	12.616793533999953
[10, 20, 50, 100, 200, 300, 500, 1000, 1500, 2000, 2100, 2200, 2300, 2400]	12.387724556999729
[10, 20, 50, 100, 200, 300, 500, 1000, 1500, 2000, 2100, 2200, 2300, 2400]	12.98792866299982
-
[10, 20, 50, 100, 200, 300, 500, 1000, 1500, 2000, 2100, 2200, 2300, 2400]	15.444851018000008
[10, 20, 50, 100, 200, 300, 500, 1000, 1500, 2000, 2100, 2200, 2300, 2400]	15.034203163999791
[10, 20, 50, 100, 200, 300, 500, 1000, 1500, 2000, 2100, 2200, 2300, 2400]	13.991593446000024
[10, 20, 50, 100, 200, 300, 500, 1000, 1500, 2000, 2100, 2200, 2300, 2400]	13.738141967000047
[10, 20, 50, 100, 200, 300, 500, 1000, 1500, 2000, 2100, 2200, 2300, 2400]	13.768829812999684
[10, 20, 50, 100, 200, 300, 500, 1000, 1500, 2000, 2100, 2200, 2300, 2400]	13.58503294000002
[10, 20, 50, 100, 200, 300, 500, 1000, 1500, 2000, 2100, 2200, 2300, 2400]	14.59954203899997
[10, 20, 50, 100, 200, 300, 500, 1000, 1500, 2000, 2100, 2200, 2300, 2400]	13.461127175000001
[10, 20, 50, 100, 200, 300, 500, 1000, 1500, 2000, 2100, 2200, 2300, 2400]	12.991637879999871
[10, 20, 50, 100, 200, 300, 500, 1000, 1500, 2000, 2100, 2200, 2300, 2400]	13.333939538999857
[10, 20, 50, 100, 200, 300, 500, 1000, 1500, 2000, 2100, 2200, 2300, 2400]	14.385976419000144
[10, 20, 50, 100, 200, 300, 500, 1000, 1500, 2000, 2100, 2200, 2300, 2400]	14.841087655999672
[10, 20, 50, 100, 200, 300, 500, 1000, 1500, 2000, 2100, 2200, 2300, 2400]	13.523836362000111
[10, 20, 50, 100, 200, 300, 500, 1000, 1500, 2000, 2100, 2200, 2300, 2400]	14.40273186000013
[10, 20, 50, 100, 200, 300, 500, 1000, 1500, 2000, 2100, 2200, 2300, 2400]	13.082762403000288
[10, 20, 50, 100, 200, 300, 500, 1000, 1500, 2000, 2100, 2200, 2300, 2400]	14.599133908000113
[10, 20, 50, 100, 200, 300, 500, 1000, 1500, 2000, 2100, 2200, 2300, 2400]	13.467185082000015
[10, 20, 50, 100, 200, 300, 500, 1000, 1500, 2000, 2100, 2200, 2300, 2400]	13.881549828000061
[10, 20, 50, 100, 200, 300, 500, 1000, 1500, 2000, 2100, 2200, 2300, 2400]	13.460898660000112
[10, 20, 50, 100, 200, 300, 500, 1000, 1500, 2000, 2100, 2200, 2300, 2400]	14.046265430999938
[10, 20, 50, 100, 200, 300, 500, 1000, 1500, 2000, 2100, 2200, 2300, 2400]	14.446924212999875
[10, 20, 50, 100, 200, 300, 500, 1000, 1500, 2000, 2100, 2200, 2300, 2400]	14.06633021100015
[10, 20, 50, 100, 200, 300, 500, 1000, 1500, 2000, 2100, 2200, 2300, 2400]	15.097534774999986
[10, 20, 50, 100, 200, 300, 500, 1000, 1500, 2000, 2100, 2200, 2300, 2400]	12.984346971999912
[10, 20, 50, 100, 200, 300, 500, 1000, 1500, 2000, 2100, 2200, 2300, 2400]	14.907612524999877
[10, 20, 50, 100, 200, 300, 500, 1000, 1500, 2000, 2100, 2200, 2300, 2400]	13.901928411999961
[10, 20, 50, 100, 200, 300, 500, 1000, 1500, 2000, 2100, 2200, 2300, 2400]	12.955521781999778
[10, 20, 50, 100, 200, 300, 500, 1000, 1500, 2000, 2100, 2200, 2300, 2400]	13.727988756999821
[10, 20, 50, 100, 200, 300, 500, 1000, 1500, 2000, 2100, 2200, 2300, 2400]	15.12291315199991
[10, 20, 50, 100, 200, 300, 500, 1000, 1500, 2000, 2100, 2200, 2300, 2400]	14.756629295000039
[10, 20, 50, 100, 200, 300, 500, 1000, 1500, 2000, 2100, 2200, 2300, 2400]	12.870628913000019
[10, 20, 50, 100, 200, 300, 500, 1000, 1500, 2000, 2100, 2200, 2300, 2400]	14.125743455000247
[10, 20, 50, 100, 200, 300, 500, 1000, 1500, 2000, 2100, 2200, 2300, 2400]	14.568798050000169
[10, 20, 50, 100, 200, 300, 500, 1000, 1500, 2000, 2100, 2200, 2300, 2400]	13.525289049999628
[10, 20, 50, 100, 200, 300, 500, 1000, 1500, 2000, 2100, 2200, 2300, 2400]	13.982307899999796
[10, 20, 50, 100, 200, 300, 500, 1000, 1500, 2000, 2100, 2200, 2300, 2400]	13.500839556999836
[10, 20, 50, 100, 200, 300, 500, 1000, 1500, 2000, 2100, 2200, 2300, 2400]	13.473339069999838
[10, 20, 50, 100, 200, 300, 500, 1000, 1500, 2000, 2100, 2200, 2300, 2400]	13.950682014999984
[10, 20, 50, 100, 200, 300, 500, 1000, 1500, 2000, 2100, 2200, 2300, 2400]	13.408994901999904
[10, 20, 50, 100, 200, 300, 500, 1000, 1500, 2000, 2100, 2200, 2300, 2400]	12.859424811000281
[10, 20, 50, 100, 200, 300, 500, 1000, 1500, 2000, 2100, 2200, 2300, 2400]	13.997235406000073
[10, 20, 50, 100, 200, 300, 500, 1000, 1500, 2000, 2100, 2200, 2300, 2400]	14.785141907000252
[10, 20, 50, 100, 200, 300, 500, 1000, 1500, 2000, 2100, 2200, 2300, 2400]	14.73844444300039
[10, 20, 50, 100, 200, 300, 500, 1000, 1500, 2000, 2100, 2200, 2300, 2400]	14.45307027600029
[10, 20, 50, 100, 200, 300, 500, 1000, 1500, 2000, 2100, 2200, 2300, 2400]	13.487593657999696
[10, 20, 50, 100, 200, 300, 500, 1000, 1500, 2000, 2100, 2200, 2300, 2400]	13.104446712000026
[10, 20, 50, 100, 200, 300, 500, 1000, 1500, 2000, 2100, 2200, 2300, 2400]	12.979989629000102
[10, 20, 50, 100, 200, 300, 500, 1000, 1500, 2000, 2100, 2200, 2300, 2400]	14.56691479500023
[10, 20, 50, 100, 200, 300, 500, 1000, 1500, 2000, 2100, 2200, 2300, 2400]	15.014784570999836
[10, 20, 50, 100, 200, 300, 500, 1000, 1500, 2000, 2100, 2200, 2300, 2400]	14.842857270999957
-
[10, 20, 50, 100, 200, 300, 500, 1000, 1500, 2000, 2100, 2200, 2300, 2400]	16.359085036000124
[10, 20, 50, 100, 200, 300, 500, 1000, 1500, 2000, 2100, 2200, 2300, 2400]	15.280864969999584
[10, 20, 50, 100, 200, 300, 500, 1000, 1500, 2000, 2100, 2200, 2300, 2400]	14.213903247999951
[10, 20, 50, 100, 200, 300, 500, 1000, 1500, 2000, 2100, 2200, 2300, 2400]	14.288940555999943
[10, 20, 50, 100, 200, 300, 500, 1000, 1500, 2000, 2100, 2200, 2300, 2400]	14.308865060000244
[10, 20, 50, 100, 200, 300, 500, 1000, 1500, 2000, 2100, 2200, 2300, 2400]	14.197567671000343
[10, 20, 50, 100, 200, 300, 500, 1000, 1500, 2000, 2100, 2200, 2300, 2400]	15.730366677000347
[10, 20, 50, 100, 200, 300, 500, 1000, 1500, 2000, 2100, 2200, 2300, 2400]	13.718971283999963
[10, 20, 50, 100, 200, 300, 500, 1000, 1500, 2000, 2100, 2200, 2300, 2400]	15.496658478999962
[10, 20, 50, 100, 200, 300, 500, 1000, 1500, 2000, 2100, 2200, 2300, 2400]	16.139425415000005
[10, 20, 50, 100, 200, 300, 500, 1000, 1500, 2000, 2100, 2200, 2300, 2400]	17.377000378000048
[10, 20, 50, 100, 200, 300, 500, 1000, 1500, 2000, 2100, 2200, 2300, 2400]	15.830056800999955
[10, 20, 50, 100, 200, 300, 500, 1000, 1500, 2000, 2100, 2200, 2300, 2400]	17.497804868999992
[10, 20, 50, 100, 200, 300, 500, 1000, 1500, 2000, 2100, 2200, 2300, 2400]	17.25243444700027
[10, 20, 50, 100, 200, 300, 500, 1000, 1500, 2000, 2100, 2200, 2300, 2400]	14.937647378999827
[10, 20, 50, 100, 200, 300, 500, 1000, 1500, 2000, 2100, 2200, 2300, 2400]	17.283333248999952
[10, 20, 50, 100, 200, 300, 500, 1000, 1500, 2000, 2100, 2200, 2300, 2400]	13.403611273000024
[10, 20, 50, 100, 200, 300, 500, 1000, 1500, 2000, 2100, 2200, 2300, 2400]	15.630460320999646
[10, 20, 50, 100, 200, 300, 500, 1000, 1500, 2000, 2100, 2200, 2300, 2400]	14.134512481999991
[10, 20, 50, 100, 200, 300, 500, 1000, 1500, 2000, 2100, 2200, 2300, 2400]	22.19817528500016
[10, 20, 50, 100, 200, 300, 500, 1000, 1500, 2000, 2100, 2200, 2300, 2400]	17.369021300999975
[10, 20, 50, 100, 200, 300, 500, 1000, 1500, 2000, 2100, 2200, 2300, 2400]	15.224299817999963
[10, 20, 50, 100, 200, 300, 500, 1000, 1500, 2000, 2100, 2200, 2300, 2400]	13.58670440800006
[10, 20, 50, 100, 200, 300, 500, 1000, 1500, 2000, 2100, 2200, 2300, 2400]	14.286054314000012
[10, 20, 50, 100, 200, 300, 500, 1000, 1500, 2000, 2100, 2200, 2300, 2400]	14.083117093000055
[10, 20, 50, 100, 200, 300, 500, 1000, 1500, 2000, 2100, 2200, 2300, 2400]	18.04868045000012
[10, 20, 50, 100, 200, 300, 500, 1000, 1500, 2000, 2100, 2200, 2300, 2400]	15.445509199999833
[10, 20, 50, 100, 200, 300, 500, 1000, 1500, 2000, 2100, 2200, 2300, 2400]	15.651887816999988
[10, 20, 50, 100, 200, 300, 500, 1000, 1500, 2000, 2100, 2200, 2300, 2400]	17.315652121999847
[10, 20, 50, 100, 200, 300, 500, 1000, 1500, 2000, 2100, 2200, 2300, 2400]	15.857247985999493
[10, 20, 50, 100, 200, 300, 500, 1000, 1500, 2000, 2100, 2200, 2300, 2400]	15.393634572000337
[10, 20, 50, 100, 200, 300, 500, 1000, 1500, 2000, 2100, 2200, 2300, 2400]	14.268027472999165
[10, 20, 50, 100, 200, 300, 500, 1000, 1500, 2000, 2100, 2200, 2300, 2400]	16.029458842000167
[10, 20, 50, 100, 200, 300, 500, 1000, 1500, 2000, 2100, 2200, 2300, 2400]	14.41135941399989
[10, 20, 50, 100, 200, 300, 500, 1000, 1500, 2000, 2100, 2200, 2300, 2400]	15.209938755000621
[10, 20, 50, 100, 200, 300, 500, 1000, 1500, 2000, 2100, 2200, 2300, 2400]	15.665773018999971
[10, 20, 50, 100, 200, 300, 500, 1000, 1500, 2000, 2100, 2200, 2300, 2400]	15.729543852000461
[10, 20, 50, 100, 200, 300, 500, 1000, 1500, 2000, 2100, 2200, 2300, 2400]	15.477340557000389
[10, 20, 50, 100, 200, 300, 500, 1000, 1500, 2000, 2100, 2200, 2300, 2400]	13.952256466000108
[10, 20, 50, 100, 200, 300, 500, 1000, 1500, 2000, 2100, 2200, 2300, 2400]	14.377670933000445
[10, 20, 50, 100, 200, 300, 500, 1000, 1500, 2000, 2100, 2200, 2300, 2400]	14.0397553899993
[10, 20, 50, 100, 200, 300, 500, 1000, 1500, 2000, 2100, 2200, 2300, 2400]	14.948809110000184
[10, 20, 50, 100, 200, 300, 500, 1000, 1500, 2000, 2100, 2200, 2300, 2400]	14.446331203000227
[10, 20, 50, 100, 200, 300, 500, 1000, 1500, 2000, 2100, 2200, 2300, 2400]	13.89317501000005
[10, 20, 50, 100, 200, 300, 500, 1000, 1500, 2000, 2100, 2200, 2300, 2400]	15.881946364999749
[10, 20, 50, 100, 200, 300, 500, 1000, 1500, 2000, 2100, 2200, 2300, 2400]	16.46092663499985
[10, 20, 50, 100, 200, 300, 500, 1000, 1500, 2000, 2100, 2200, 2300, 2400]	14.244816665999679
[10, 20, 50, 100, 200, 300, 500, 1000, 1500, 2000, 2100, 2200, 2300, 2400]	13.676400254000328
[10, 20, 50, 100, 200, 300, 500, 1000, 1500, 2000, 2100, 2200, 2300, 2400]	15.184885083000154
[10, 20, 50, 100, 200, 300, 500, 1000, 1500, 2000, 2100, 2200, 2300, 2400]	14.047900159999699
-
