[10, 20, 50, 100, 200, 300, 500, 1000, 1500, 2000, 2100, 2200, 2300, 2400]	0.00545071999999891
[10, 20, 50, 100, 200, 300, 500, 1000, 1500, 2000, 2100, 2200, 2300, 2400]	0.005173168000000672
[10, 20, 50, 100, 200, 300, 500, 1000, 1500, 2000, 2100, 2200, 2300, 2400]	0.005636280000000937
[10, 20, 50, 100, 200, 300, 500, 1000, 1500, 2000, 2100, 2200, 2300, 2400]	0.007756097999999767
[10, 20, 50, 100, 200, 300, 500, 1000, 1500, 2000, 2100, 2200, 2300, 2400]	0.00781459000000062
[10, 20, 50, 100, 200, 300, 500, 1000, 1500, 2000, 2100, 2200, 2300, 2400]	0.005593037000000578
[10, 20, 50, 100, 200, 300, 500, 1000, 1500, 2000, 2100, 2200, 2300, 2400]	0.006821629999999246
[10, 20, 50, 100, 200, 300, 500, 1000, 1500, 2000, 2100, 2200, 2300, 2400]	0.0054877360000009645
[10, 20, 50, 100, 200, 300, 500, 1000, 1500, 2000, 2100, 2200, 2300, 2400]	0.00576166199999939
[10, 20, 50, 100, 200, 300, 500, 1000, 1500, 2000, 2100, 2200, 2300, 2400]	0.007834778999999514
[10, 20, 50, 100, 200, 300, 500, 1000, 1500, 2000, 2100, 2200, 2300, 2400]	0.006813176999999726
[10, 20, 50, 100, 200, 300, 500, 1000, 1500, 2000, 2100, 2200, 2300, 2400]	0.006863421000000258
[10, 20, 50, 100, 200, 300, 500, 1000, 1500, 2000, 2100, 2200, 2300, 2400]	0.0055739649999999585
[10, 20, 50, 100, 200, 300, 500, 1000, 1500, 2000, 2100, 2200, 2300, 2400]	0.005560577000000677
[10, 20, 50, 100, 200, 300, 500, 1000, 1500, 2000, 2100, 2200, 2300, 2400]	0.006575466000001029
[10, 20, 50, 100, 200, 300, 500, 1000, 1500, 2000, 2100, 2200, 2300, 2400]	0.007802650000000355
[10, 20, 50, 100, 200, 300, 500, 1000, 1500, 2000, 2100, 2200, 2300, 2400]	0.007772697000000051
[10, 20, 50, 100, 200, 300, 500, 1000, 1500, 2000, 2100, 2200, 2300, 2400]	0.00563899499999998
[10, 20, 50, 100, 200, 300, 500, 1000, 1500, 2000, 2100, 2200, 2300, 2400]	0.00790587899999906
[10, 20, 50, 100, 200, 300, 500, 1000, 1500, 2000, 2100, 2200, 2300, 2400]	0.007822872000000203
[10, 20, 50, 100, 200, 300, 500, 1000, 1500, 2000, 2100, 2200, 2300, 2400]	0.007833194999999904
[10, 20, 50, 100, 200, 300, 500, 1000, 1500, 2000, 2100, 2200, 2300, 2400]	0.005515869999999978
[10, 20, 50, 100, 200, 300, 500, 1000, 1500, 2000, 2100, 2200, 2300, 2400]	0.0067923830000005125
[10, 20, 50, 100, 200, 300, 500, 1000, 1500, 2000, 2100, 2200, 2300, 2400]	0.007777353000001597
[10, 20, 50, 100, 200, 300, 500, 1000, 1500, 2000, 2100, 2200, 2300, 2400]	0.007778329000000639
[10, 20, 50, 100, 200, 300, 500, 1000, 1500, 2000, 2100, 2200, 2300, 2400]	0.007742175000000628
[10, 20, 50, 100, 200, 300, 500, 1000, 1500, 2000, 2100, 2200, 2300, 2400]	0.007794893000001579
[10, 20, 50, 100, 200, 300, 500, 1000, 1500, 2000, 2100, 2200, 2300, 2400]	0.007884469000000394
[10, 20, 50, 100, 200, 300, 500, 1000, 1500, 2000, 2100, 2200, 2300, 2400]	0.005860173000000302
[10, 20, 50, 100, 200, 300, 500, 1000, 1500, 2000, 2100, 2200, 2300, 2400]	0.006769799999998938
[10, 20, 50, 100, 200, 300, 500, 1000, 1500, 2000, 2100, 2200, 2300, 2400]	0.005745817000001097
[10, 20, 50, 100, 200, 300, 500, 1000, 1500, 2000, 2100, 2200, 2300, 2400]	0.006852192999998508
[10, 20, 50, 100, 200, 300, 500, 1000, 1500, 2000, 2100, 2200, 2300, 2400]	0.005947273999998615
[10, 20, 50, 100, 200, 300, 500, 1000, 1500, 2000, 2100, 2200, 2300, 2400]	0.006511946999999907
[10, 20, 50, 100, 200, 300, 500, 1000, 1500, 2000, 2100, 2200, 2300, 2400]	0.005999865999999798
[10, 20, 50, 100, 200, 300, 500, 1000, 1500, 2000, 2100, 2200, 2300, 2400]	0.006300351000000148
[10, 20, 50, 100, 200, 300, 500, 1000, 1500, 2000, 2100, 2200, 2300, 2400]	0.00776421799999838
[10, 20, 50, 100, 200, 300, 500, 1000, 1500, 2000, 2100, 2200, 2300, 2400]	0.006792529000000158
[10, 20, 50, 100, 200, 300, 500, 1000, 1500, 2000, 2100, 2200, 2300, 2400]	0.007815578999998962
[10, 20, 50, 100, 200, 300, 500, 1000, 1500, 2000, 2100, 2200, 2300, 2400]	0.007721534999999946
[10, 20, 50, 100, 200, 300, 500, 1000, 1500, 2000, 2100, 2200, 2300, 2400]	0.007704815000000309
[10, 20, 50, 100, 200, 300, 500, 1000, 1500, 2000, 2100, 2200, 2300, 2400]	0.007814353000000551
[10, 20, 50, 100, 200, 300, 500, 1000, 1500, 2000, 2100, 2200, 2300, 2400]	0.007849464999999611
[10, 20, 50, 100, 200, 300, 500, 1000, 1500, 2000, 2100, 2200, 2300, 2400]	0.008498769999999212
[10, 20, 50, 100, 200, 300, 500, 1000, 1500, 2000, 2100, 2200, 2300, 2400]	0.005486364999999438
[10, 20, 50, 100, 200, 300, 500, 1000, 1500, 2000, 2100, 2200, 2300, 2400]	0.007786268000000263
[10, 20, 50, 100, 200, 300, 500, 1000, 1500, 2000, 2100, 2200, 2300, 2400]	0.006018885000001362
[10, 20, 50, 100, 200, 300, 500, 1000, 1500, 2000, 2100, 2200, 2300, 2400]	0.007822451999999203
[10, 20, 50, 100, 200, 300, 500, 1000, 1500, 2000, 2100, 2200, 2300, 2400]	0.006672959999999506
[10, 20, 50, 100, 200, 300, 500, 1000, 1500, 2000, 2100, 2200, 2300, 2400]	0.006659746999998717
-
[10, 20, 50, 100, 200, 300, 500, 1000, 1500, 2000, 2100, 2200, 2300, 2400]	0.014695092000000187
[10, 20, 50, 100, 200, 300, 500, 1000, 1500, 2000, 2100, 2200, 2300, 2400]	0.01297083099999874
[10, 20, 50, 100, 200, 300, 500, 1000, 1500, 2000, 2100, 2200, 2300, 2400]	0.01577950799999961
[10, 20, 50, 100, 200, 300, 500, 1000, 1500, 2000, 2100, 2200, 2300, 2400]	0.014643943999999465
[10, 20, 50, 100, 200, 300, 500, 1000, 1500, 2000, 2100, 2200, 2300, 2400]	0.013262798999999603
[10, 20, 50, 100, 200, 300, 500, 1000, 1500, 2000, 2100, 2200, 2300, 2400]	0.016206387000000433
[10, 20, 50, 100, 200, 300, 500, 1000, 1500, 2000, 2100, 2200, 2300, 2400]	0.013402067999999545
[10, 20, 50, 100, 200, 300, 500, 1000, 1500, 2000, 2100, 2200, 2300, 2400]	0.01597086900000022
[10, 20, 50, 100, 200, 300, 500, 1000, 1500, 2000, 2100, 2200, 2300, 2400]	0.012481975000000034
[10, 20, 50, 100, 200, 300, 500, 1000, 1500, 2000, 2100, 2200, 2300, 2400]	0.013486609000000982
[10, 20, 50, 100, 200, 300, 500, 1000, 1500, 2000, 2100, 2200, 2300, 2400]	0.015623995000000335
[10, 20, 50, 100, 200, 300, 500, 1000, 1500, 2000, 2100, 2200, 2300, 2400]	0.01327614900000107
[10, 20, 50, 100, 200, 300, 500, 1000, 1500, 2000, 2100, 2200, 2300, 2400]	0.012605043000000649
[10, 20, 50, 100, 200, 300, 500, 1000, 1500, 2000, 2100, 2200, 2300, 2400]	0.013435790999999142
[10, 20, 50, 100, 200, 300, 500, 1000, 1500, 2000, 2100, 2200, 2300, 2400]	0.014067735999999442
[10, 20, 50, 100, 200, 300, 500, 1000, 1500, 2000, 2100, 2200, 2300, 2400]	0.014526518000000266
[10, 20, 50, 100, 200, 300, 500, 1000, 1500, 2000, 2100, 2200, 2300, 2400]	0.015896481000000406
[10, 20, 50, 100, 200, 300, 500, 1000, 1500, 2000, 2100, 2200, 2300, 2400]	0.013814887000000553
[10, 20, 50, 100, 200, 300, 500, 1000, 1500, 2000, 2100, 2200, 2300, 2400]	0.014495751000000112
[10, 20, 50, 100, 200, 300, 500, 1000, 1500, 2000, 2100, 2200, 2300, 2400]	0.012865281999999922
[10, 20, 50, 100, 200, 300, 500, 1000, 1500, 2000, 2100, 2200, 2300, 2400]	0.01573336099999878
[10, 20, 50, 100, 200, 300, 500, 1000, 1500, 2000, 2100, 2200, 2300, 2400]	0.015640475999999737
[10, 20, 50, 100, 200, 300, 500, 1000, 1500, 2000, 2100, 2200, 2300, 2400]	0.013087846999999542
[10, 20, 50, 100, 200, 300, 500, 1000, 1500, 2000, 2100, 2200, 2300, 2400]	0.015445507999999109
[10, 20, 50, 100, 200, 300, 500, 1000, 1500, 2000, 2100, 2200, 2300, 2400]	0.0163377950000001
[10, 20, 50, 100, 200, 300, 500, 1000, 1500, 2000, 2100, 2200, 2300, 2400]	0.01509245099999923
[10, 20, 50, 100, 200, 300, 500, 1000, 1500, 2000, 2100, 2200, 2300, 2400]	0.01538471299999955
[10, 20, 50, 100, 200, 300, 500, 1000, 1500, 2000, 2100, 2200, 2300, 2400]	0.013793448999999569
[10, 20, 50, 100, 200, 300, 500, 1000, 1500, 2000, 2100, 2200, 2300, 2400]	0.015742549000000494
[10, 20, 50, 100, 200, 300, 500, 1000, 1500, 2000, 2100, 2200, 2300, 2400]	0.015002077000000114
[10, 20, 50, 100, 200, 300, 500, 1000, 1500, 2000, 2100, 2200, 2300, 2400]	0.01567341800000044
[10, 20, 50, 100, 200, 300, 500, 1000, 1500, 2000, 2100, 2200, 2300, 2400]	0.013676068999998847
[10, 20, 50, 100, 200, 300, 500, 1000, 1500, 2000, 2100, 2200, 2300, 2400]	0.013314811999999066
[10, 20, 50, 100, 200, 300, 500, 1000, 1500, 2000, 2100, 2200, 2300, 2400]	0.013803150000001096
[10, 20, 50, 100, 200, 300, 500, 1000, 1500, 2000, 2100, 2200, 2300, 2400]	0.01616238599999953
[10, 20, 50, 100, 200, 300, 500, 1000, 1500, 2000, 2100, 2200, 2300, 2400]	0.013431212000000414
[10, 20, 50, 100, 200, 300, 500, 1000, 1500, 2000, 2100, 2200, 2300, 2400]	0.013359368000001481
[10, 20, 50, 100, 200, 300, 500, 1000, 1500, 2000, 2100, 2200, 2300, 2400]	0.013305686999999011
[10, 20, 50, 100, 200, 300, 500, 1000, 1500, 2000, 2100, 2200, 2300, 2400]	0.016179384999999158
[10, 20, 50, 100, 200, 300, 500, 1000, 1500, 2000, 2100, 2200, 2300, 2400]	0.015898151999998333
[10, 20, 50, 100, 200, 300, 500, 1000, 1500, 2000, 2100, 2200, 2300, 2400]	0.014097776999999923
[10, 20, 50, 100, 200, 300, 500, 1000, 1500, 2000, 2100, 2200, 2300, 2400]	0.014392513000000662
[10, 20, 50, 100, 200, 300, 500, 1000, 1500, 2000, 2100, 2200, 2300, 2400]	0.014645037000001082
[10, 20, 50, 100, 200, 300, 500, 1000, 1500, 2000, 2100, 2200, 2300, 2400]	0.01347611599999965
[10, 20, 50, 100, 200, 300, 500, 1000, 1500, 2000, 2100, 2200, 2300, 2400]	0.01448496800000143
[10, 20, 50, 100, 200, 300, 500, 1000, 1500, 2000, 2100, 2200, 2300, 2400]	0.014340576000000382
[10, 20, 50, 100, 200, 300, 500, 1000, 1500, 2000, 2100, 2200, 2300, 2400]	0.01577246699999968
[10, 20, 50, 100, 200, 300, 500, 1000, 1500, 2000, 2100, 2200, 2300, 2400]	0.01463138999999991
[10, 20, 50, 100, 200, 300, 500, 1000, 1500, 2000, 2100, 2200, 2300, 2400]	0.014535965000000317
[10, 20, 50, 100, 200, 300, 500, 1000, 1500, 2000, 2100, 2200, 2300, 2400]	0.014524704000001165
-
[10, 20, 50, 100, 200, 300, 500, 1000, 1500, 2000, 2100, 2200, 2300, 2400]	0.0367552369999995
[10, 20, 50, 100, 200, 300, 500, 1000, 1500, 2000, 2100, 2200, 2300, 2400]	0.03278343400000061
[10, 20, 50, 100, 200, 300, 500, 1000, 1500, 2000, 2100, 2200, 2300, 2400]	0.033726414000000204
[10, 20, 50, 100, 200, 300, 500, 1000, 1500, 2000, 2100, 2200, 2300, 2400]	0.03441893100000115
[10, 20, 50, 100, 200, 300, 500, 1000, 1500, 2000, 2100, 2200, 2300, 2400]	0.04032412799999996
[10, 20, 50, 100, 200, 300, 500, 1000, 1500, 2000, 2100, 2200, 2300, 2400]	0.04203948799999857
[10, 20, 50, 100, 200, 300, 500, 1000, 1500, 2000, 2100, 2200, 2300, 2400]	0.04282820599999937
[10, 20, 50, 100, 200, 300, 500, 1000, 1500, 2000, 2100, 2200, 2300, 2400]	0.041910570000000646
[10, 20, 50, 100, 200, 300, 500, 1000, 1500, 2000, 2100, 2200, 2300, 2400]	0.041162708999999964
[10, 20, 50, 100, 200, 300, 500, 1000, 1500, 2000, 2100, 2200, 2300, 2400]	0.040792947999999996
[10, 20, 50, 100, 200, 300, 500, 1000, 1500, 2000, 2100, 2200, 2300, 2400]	0.03905209900000095
[10, 20, 50, 100, 200, 300, 500, 1000, 1500, 2000, 2100, 2200, 2300, 2400]	0.0337445350000003
[10, 20, 50, 100, 200, 300, 500, 1000, 1500, 2000, 2100, 2200, 2300, 2400]	0.03458585299999939
[10, 20, 50, 100, 200, 300, 500, 1000, 1500, 2000, 2100, 2200, 2300, 2400]	0.03468851900000125
[10, 20, 50, 100, 200, 300, 500, 1000, 1500, 2000, 2100, 2200, 2300, 2400]	0.0351902269999993
[10, 20, 50, 100, 200, 300, 500, 1000, 1500, 2000, 2100, 2200, 2300, 2400]	0.04043298600000078
[10, 20, 50, 100, 200, 300, 500, 1000, 1500, 2000, 2100, 2200, 2300, 2400]	0.03709598699999894
[10, 20, 50, 100, 200, 300, 500, 1000, 1500, 2000, 2100, 2200, 2300, 2400]	0.039939513000000204
[10, 20, 50, 100, 200, 300, 500, 1000, 1500, 2000, 2100, 2200, 2300, 2400]	0.04259356499999889
[10, 20, 50, 100, 200, 300, 500, 1000, 1500, 2000, 2100, 2200, 2300, 2400]	0.04901158900000091
[10, 20, 50, 100, 200, 300, 500, 1000, 1500, 2000, 2100, 2200, 2300, 2400]	0.03967890399999874
[10, 20, 50, 100, 200, 300, 500, 1000, 1500, 2000, 2100, 2200, 2300, 2400]	0.0348032810000003
[10, 20, 50, 100, 200, 300, 500, 1000, 1500, 2000, 2100, 2200, 2300, 2400]	0.04164448200000059
[10, 20, 50, 100, 200, 300, 500, 1000, 1500, 2000, 2100, 2200, 2300, 2400]	0.040150619000000276
[10, 20, 50, 100, 200, 300, 500, 1000, 1500, 2000, 2100, 2200, 2300, 2400]	0.034775231999999434
[10, 20, 50, 100, 200, 300, 500, 1000, 1500, 2000, 2100, 2200, 2300, 2400]	0.03392008600000018
[10, 20, 50, 100, 200, 300, 500, 1000, 1500, 2000, 2100, 2200, 2300, 2400]	0.03534741100000005
[10, 20, 50, 100, 200, 300, 500, 1000, 1500, 2000, 2100, 2200, 2300, 2400]	0.036447224000001555
[10, 20, 50, 100, 200, 300, 500, 1000, 1500, 2000, 2100, 2200, 2300, 2400]	0.03690692600000034
[10, 20, 50, 100, 200, 300, 500, 1000, 1500, 2000, 2100, 2200, 2300, 2400]	0.04074471999999929
[10, 20, 50, 100, 200, 300, 500, 1000, 1500, 2000, 2100, 2200, 2300, 2400]	0.04051227099999899
[10, 20, 50, 100, 200, 300, 500, 1000, 1500, 2000, 2100, 2200, 2300, 2400]	0.04013977099999977
[10, 20, 50, 100, 200, 300, 500, 1000, 1500, 2000, 2100, 2200, 2300, 2400]	0.04560825300000104
[10, 20, 50, 100, 200, 300, 500, 1000, 1500, 2000, 2100, 2200, 2300, 2400]	0.04351659599999991
[10, 20, 50, 100, 200, 300, 500, 1000, 1500, 2000, 2100, 2200, 2300, 2400]	0.03447238599999913
[10, 20, 50, 100, 200, 300, 500, 1000, 1500, 2000, 2100, 2200, 2300, 2400]	0.042478383999998925
[10, 20, 50, 100, 200, 300, 500, 1000, 1500, 2000, 2100, 2200, 2300, 2400]	0.03836552299999951
[10, 20, 50, 100, 200, 300, 500, 1000, 1500, 2000, 2100, 2200, 2300, 2400]	0.030355100999999607
[10, 20, 50, 100, 200, 300, 500, 1000, 1500, 2000, 2100, 2200, 2300, 2400]	0.04004086600000001
[10, 20, 50, 100, 200, 300, 500, 1000, 1500, 2000, 2100, 2200, 2300, 2400]	0.04267766800000139
[10, 20, 50, 100, 200, 300, 500, 1000, 1500, 2000, 2100, 2200, 2300, 2400]	0.04079166599999873
[10, 20, 50, 100, 200, 300, 500, 1000, 1500, 2000, 2100, 2200, 2300, 2400]	0.03483131199999967
[10, 20, 50, 100, 200, 300, 500, 1000, 1500, 2000, 2100, 2200, 2300, 2400]	0.04037572399999867
[10, 20, 50, 100, 200, 300, 500, 1000, 1500, 2000, 2100, 2200, 2300, 2400]	0.03818676999999937
[10, 20, 50, 100, 200, 300, 500, 1000, 1500, 2000, 2100, 2200, 2300, 2400]	0.039931979999998646
[10, 20, 50, 100, 200, 300, 500, 1000, 1500, 2000, 2100, 2200, 2300, 2400]	0.03777263200000114
[10, 20, 50, 100, 200, 300, 500, 1000, 1500, 2000, 2100, 2200, 2300, 2400]	0.03438553800000044
[10, 20, 50, 100, 200, 300, 500, 1000, 1500, 2000, 2100, 2200, 2300, 2400]	0.039406709999999734
[10, 20, 50, 100, 200, 300, 500, 1000, 1500, 2000, 2100, 2200, 2300, 2400]	0.038999476000000755
[10, 20, 50, 100, 200, 300, 500, 1000, 1500, 2000, 2100, 2200, 2300, 2400]	0.03930168000000123
-
[10, 20, 50, 100, 200, 300, 500, 1000, 1500, 2000, 2100, 2200, 2300, 2400]	0.08562955999999922
[10, 20, 50, 100, 200, 300, 500, 1000, 1500, 2000, 2100, 2200, 2300, 2400]	0.08156389200000014
[10, 20, 50, 100, 200, 300, 500, 1000, 1500, 2000, 2100, 2200, 2300, 2400]	0.08818024900000054
[10, 20, 50, 100, 200, 300, 500, 1000, 1500, 2000, 2100, 2200, 2300, 2400]	0.08694694999999975
[10, 20, 50, 100, 200, 300, 500, 1000, 1500, 2000, 2100, 2200, 2300, 2400]	0.0799921209999983
[10, 20, 50, 100, 200, 300, 500, 1000, 1500, 2000, 2100, 2200, 2300, 2400]	0.09250688399999873
[10, 20, 50, 100, 200, 300, 500, 1000, 1500, 2000, 2100, 2200, 2300, 2400]	0.07458218100000025
[10, 20, 50, 100, 200, 300, 500, 1000, 1500, 2000, 2100, 2200, 2300, 2400]	0.09428263599999909
[10, 20, 50, 100, 200, 300, 500, 1000, 1500, 2000, 2100, 2200, 2300, 2400]	0.06881779999999971
[10, 20, 50, 100, 200, 300, 500, 1000, 1500, 2000, 2100, 2200, 2300, 2400]	0.0838515159999993
[10, 20, 50, 100, 200, 300, 500, 1000, 1500, 2000, 2100, 2200, 2300, 2400]	0.07749325400000018
[10, 20, 50, 100, 200, 300, 500, 1000, 1500, 2000, 2100, 2200, 2300, 2400]	0.08770987299999966
[10, 20, 50, 100, 200, 300, 500, 1000, 1500, 2000, 2100, 2200, 2300, 2400]	0.07747399300000168
[10, 20, 50, 100, 200, 300, 500, 1000, 1500, 2000, 2100, 2200, 2300, 2400]	0.08465496700000052
[10, 20, 50, 100, 200, 300, 500, 1000, 1500, 2000, 2100, 2200, 2300, 2400]	0.07448516700000063
[10, 20, 50, 100, 200, 300, 500, 1000, 1500, 2000, 2100, 2200, 2300, 2400]	0.0765002129999992
[10, 20, 50, 100, 200, 300, 500, 1000, 1500, 2000, 2100, 2200, 2300, 2400]	0.07749437000000015
[10, 20, 50, 100, 200, 300, 500, 1000, 1500, 2000, 2100, 2200, 2300, 2400]	0.09046810599999944
[10, 20, 50, 100, 200, 300, 500, 1000, 1500, 2000, 2100, 2200, 2300, 2400]	0.07654769500000036
[10, 20, 50, 100, 200, 300, 500, 1000, 1500, 2000, 2100, 2200, 2300, 2400]	0.09163065699999962
[10, 20, 50, 100, 200, 300, 500, 1000, 1500, 2000, 2100, 2200, 2300, 2400]	0.07710643699999942
[10, 20, 50, 100, 200, 300, 500, 1000, 1500, 2000, 2100, 2200, 2300, 2400]	0.08319113800000011
[10, 20, 50, 100, 200, 300, 500, 1000, 1500, 2000, 2100, 2200, 2300, 2400]	0.09054408200000097
[10, 20, 50, 100, 200, 300, 500, 1000, 1500, 2000, 2100, 2200, 2300, 2400]	0.08092706800000116
[10, 20, 50, 100, 200, 300, 500, 1000, 1500, 2000, 2100, 2200, 2300, 2400]	0.07950865300000132
[10, 20, 50, 100, 200, 300, 500, 1000, 1500, 2000, 2100, 2200, 2300, 2400]	0.07507396499999963
[10, 20, 50, 100, 200, 300, 500, 1000, 1500, 2000, 2100, 2200, 2300, 2400]	0.08694506900000043
[10, 20, 50, 100, 200, 300, 500, 1000, 1500, 2000, 2100, 2200, 2300, 2400]	0.09051306499999967
[10, 20, 50, 100, 200, 300, 500, 1000, 1500, 2000, 2100, 2200, 2300, 2400]	0.08462376700000007
[10, 20, 50, 100, 200, 300, 500, 1000, 1500, 2000, 2100, 2200, 2300, 2400]	0.08163093399999966
[10, 20, 50, 100, 200, 300, 500, 1000, 1500, 2000, 2100, 2200, 2300, 2400]	0.09135355500000131
[10, 20, 50, 100, 200, 300, 500, 1000, 1500, 2000, 2100, 2200, 2300, 2400]	0.07720473799999894
[10, 20, 50, 100, 200, 300, 500, 1000, 1500, 2000, 2100, 2200, 2300, 2400]	0.09160637900000168
[10, 20, 50, 100, 200, 300, 500, 1000, 1500, 2000, 2100, 2200, 2300, 2400]	0.08242375000000024
[10, 20, 50, 100, 200, 300, 500, 1000, 1500, 2000, 2100, 2200, 2300, 2400]	0.09005643499999749
[10, 20, 50, 100, 200, 300, 500, 1000, 1500, 2000, 2100, 2200, 2300, 2400]	0.07877120100000212
[10, 20, 50, 100, 200, 300, 500, 1000, 1500, 2000, 2100, 2200, 2300, 2400]	0.09100688599999884
[10, 20, 50, 100, 200, 300, 500, 1000, 1500, 2000, 2100, 2200, 2300, 2400]	0.0778234470000001
[10, 20, 50, 100, 200, 300, 500, 1000, 1500, 2000, 2100, 2200, 2300, 2400]	0.0783355520000022
[10, 20, 50, 100, 200, 300, 500, 1000, 1500, 2000, 2100, 2200, 2300, 2400]	0.08132139599999988
[10, 20, 50, 100, 200, 300, 500, 1000, 1500, 2000, 2100, 2200, 2300, 2400]	0.07812523399999804
[10, 20, 50, 100, 200, 300, 500, 1000, 1500, 2000, 2100, 2200, 2300, 2400]	0.07810980900000075
[10, 20, 50, 100, 200, 300, 500, 1000, 1500, 2000, 2100, 2200, 2300, 2400]	0.07780403199999952
[10, 20, 50, 100, 200, 300, 500, 1000, 1500, 2000, 2100, 2200, 2300, 2400]	0.08165435499999774
[10, 20, 50, 100, 200, 300, 500, 1000, 1500, 2000, 2100, 2200, 2300, 2400]	0.07603396300000043
[10, 20, 50, 100, 200, 300, 500, 1000, 1500, 2000, 2100, 2200, 2300, 2400]	0.09187388100000149
[10, 20, 50, 100, 200, 300, 500, 1000, 1500, 2000, 2100, 2200, 2300, 2400]	0.08110909899999896
[10, 20, 50, 100, 200, 300, 500, 1000, 1500, 2000, 2100, 2200, 2300, 2400]	0.07740656699999704
[10, 20, 50, 100, 200, 300, 500, 1000, 1500, 2000, 2100, 2200, 2300, 2400]	0.07868728100000055
[10, 20, 50, 100, 200, 300, 500, 1000, 1500, 2000, 2100, 2200, 2300, 2400]	0.09261108999999834
-
[10, 20, 50, 100, 200, 300, 500, 1000, 1500, 2000, 2100, 2200, 2300, 2400]	0.17585188799999685
[10, 20, 50, 100, 200, 300, 500, 1000, 1500, 2000, 2100, 2200, 2300, 2400]	0.17779503999999946
[10, 20, 50, 100, 200, 300, 500, 1000, 1500, 2000, 2100, 2200, 2300, 2400]	0.18683635700000067
[10, 20, 50, 100, 200, 300, 500, 1000, 1500, 2000, 2100, 2200, 2300, 2400]	0.17463773500000102
[10, 20, 50, 100, 200, 300, 500, 1000, 1500, 2000, 2100, 2200, 2300, 2400]	0.1975079959999988
[10, 20, 50, 100, 200, 300, 500, 1000, 1500, 2000, 2100, 2200, 2300, 2400]	0.16445095999999992
[10, 20, 50, 100, 200, 300, 500, 1000, 1500, 2000, 2100, 2200, 2300, 2400]	0.18865418899999753
[10, 20, 50, 100, 200, 300, 500, 1000, 1500, 2000, 2100, 2200, 2300, 2400]	0.16994376399999922
[10, 20, 50, 100, 200, 300, 500, 1000, 1500, 2000, 2100, 2200, 2300, 2400]	0.1845200889999994
[10, 20, 50, 100, 200, 300, 500, 1000, 1500, 2000, 2100, 2200, 2300, 2400]	0.17004831899999928
[10, 20, 50, 100, 200, 300, 500, 1000, 1500, 2000, 2100, 2200, 2300, 2400]	0.19985582900000054
[10, 20, 50, 100, 200, 300, 500, 1000, 1500, 2000, 2100, 2200, 2300, 2400]	0.16994969499999968
[10, 20, 50, 100, 200, 300, 500, 1000, 1500, 2000, 2100, 2200, 2300, 2400]	0.20186084699999896
[10, 20, 50, 100, 200, 300, 500, 1000, 1500, 2000, 2100, 2200, 2300, 2400]	0.17633686499999968
[10, 20, 50, 100, 200, 300, 500, 1000, 1500, 2000, 2100, 2200, 2300, 2400]	0.1718609839999985
[10, 20, 50, 100, 200, 300, 500, 1000, 1500, 2000, 2100, 2200, 2300, 2400]	0.17569806699999901
[10, 20, 50, 100, 200, 300, 500, 1000, 1500, 2000, 2100, 2200, 2300, 2400]	0.17619761799999978
[10, 20, 50, 100, 200, 300, 500, 1000, 1500, 2000, 2100, 2200, 2300, 2400]	0.2051597309999984
[10, 20, 50, 100, 200, 300, 500, 1000, 1500, 2000, 2100, 2200, 2300, 2400]	0.19639678200000077
[10, 20, 50, 100, 200, 300, 500, 1000, 1500, 2000, 2100, 2200, 2300, 2400]	0.18359785699999875
[10, 20, 50, 100, 200, 300, 500, 1000, 1500, 2000, 2100, 2200, 2300, 2400]	0.17297317799999945
[10, 20, 50, 100, 200, 300, 500, 1000, 1500, 2000, 2100, 2200, 2300, 2400]	0.1949442399999981
[10, 20, 50, 100, 200, 300, 500, 1000, 1500, 2000, 2100, 2200, 2300, 2400]	0.18323161999999726
[10, 20, 50, 100, 200, 300, 500, 1000, 1500, 2000, 2100, 2200, 2300, 2400]	0.17089914199999967
[10, 20, 50, 100, 200, 300, 500, 1000, 1500, 2000, 2100, 2200, 2300, 2400]	0.20289061999999802
[10, 20, 50, 100, 200, 300, 500, 1000, 1500, 2000, 2100, 2200, 2300, 2400]	0.15697543200000297
[10, 20, 50, 100, 200, 300, 500, 1000, 1500, 2000, 2100, 2200, 2300, 2400]	0.16603919099999942
[10, 20, 50, 100, 200, 300, 500, 1000, 1500, 2000, 2100, 2200, 2300, 2400]	0.18156225399999926
[10, 20, 50, 100, 200, 300, 500, 1000, 1500, 2000, 2100, 2200, 2300, 2400]	0.20709104799999878
[10, 20, 50, 100, 200, 300, 500, 1000, 1500, 2000, 2100, 2200, 2300, 2400]	0.1724953539999987
[10, 20, 50, 100, 200, 300, 500, 1000, 1500, 2000, 2100, 2200, 2300, 2400]	0.17858434700000103
[10, 20, 50, 100, 200, 300, 500, 1000, 1500, 2000, 2100, 2200, 2300, 2400]	0.1480454019999975
[10, 20, 50, 100, 200, 300, 500, 1000, 1500, 2000, 2100, 2200, 2300, 2400]	0.18069742400000166
[10, 20, 50, 100, 200, 300, 500, 1000, 1500, 2000, 2100, 2200, 2300, 2400]	0.16393633000000207
[10, 20, 50, 100, 200, 300, 500, 1000, 1500, 2000, 2100, 2200, 2300, 2400]	0.18049771400000125
[10, 20, 50, 100, 200, 300, 500, 1000, 1500, 2000, 2100, 2200, 2300, 2400]	0.16906447199999874
[10, 20, 50, 100, 200, 300, 500, 1000, 1500, 2000, 2100, 2200, 2300, 2400]	0.17569180799999984
[10, 20, 50, 100, 200, 300, 500, 1000, 1500, 2000, 2100, 2200, 2300, 2400]	0.1812703159999991
[10, 20, 50, 100, 200, 300, 500, 1000, 1500, 2000, 2100, 2200, 2300, 2400]	0.19522110200000142
[10, 20, 50, 100, 200, 300, 500, 1000, 1500, 2000, 2100, 2200, 2300, 2400]	0.1797987470000031
[10, 20, 50, 100, 200, 300, 500, 1000, 1500, 2000, 2100, 2200, 2300, 2400]	0.18104491000000067
[10, 20, 50, 100, 200, 300, 500, 1000, 1500, 2000, 2100, 2200, 2300, 2400]	0.17668391599999822
[10, 20, 50, 100, 200, 300, 500, 1000, 1500, 2000, 2100, 2200, 2300, 2400]	0.1510511010000002
[10, 20, 50, 100, 200, 300, 500, 1000, 1500, 2000, 2100, 2200, 2300, 2400]	0.18528905599999845
[10, 20, 50, 100, 200, 300, 500, 1000, 1500, 2000, 2100, 2200, 2300, 2400]	0.1773438349999985
[10, 20, 50, 100, 200, 300, 500, 1000, 1500, 2000, 2100, 2200, 2300, 2400]	0.184588214999998
[10, 20, 50, 100, 200, 300, 500, 1000, 1500, 2000, 2100, 2200, 2300, 2400]	0.17168904999999768
[10, 20, 50, 100, 200, 300, 500, 1000, 1500, 2000, 2100, 2200, 2300, 2400]	0.17645828999999935
[10, 20, 50, 100, 200, 300, 500, 1000, 1500, 2000, 2100, 2200, 2300, 2400]	0.1399066590000011
[10, 20, 50, 100, 200, 300, 500, 1000, 1500, 2000, 2100, 2200, 2300, 2400]	0.1961734110000002
-
[10, 20, 50, 100, 200, 300, 500, 1000, 1500, 2000, 2100, 2200, 2300, 2400]	0.22309629100000095
[10, 20, 50, 100, 200, 300, 500, 1000, 1500, 2000, 2100, 2200, 2300, 2400]	0.2753203810000002
[10, 20, 50, 100, 200, 300, 500, 1000, 1500, 2000, 2100, 2200, 2300, 2400]	0.31137631600000404
[10, 20, 50, 100, 200, 300, 500, 1000, 1500, 2000, 2100, 2200, 2300, 2400]	0.3122965009999987
[10, 20, 50, 100, 200, 300, 500, 1000, 1500, 2000, 2100, 2200, 2300, 2400]	0.28555648199999695
[10, 20, 50, 100, 200, 300, 500, 1000, 1500, 2000, 2100, 2200, 2300, 2400]	0.31149751200000253
[10, 20, 50, 100, 200, 300, 500, 1000, 1500, 2000, 2100, 2200, 2300, 2400]	0.26734603499999565
[10, 20, 50, 100, 200, 300, 500, 1000, 1500, 2000, 2100, 2200, 2300, 2400]	0.2622269849999981
[10, 20, 50, 100, 200, 300, 500, 1000, 1500, 2000, 2100, 2200, 2300, 2400]	0.2718310210000041
[10, 20, 50, 100, 200, 300, 500, 1000, 1500, 2000, 2100, 2200, 2300, 2400]	0.2738028369999981
[10, 20, 50, 100, 200, 300, 500, 1000, 1500, 2000, 2100, 2200, 2300, 2400]	0.26909649899999977
[10, 20, 50, 100, 200, 300, 500, 1000, 1500, 2000, 2100, 2200, 2300, 2400]	0.27002609599999516
[10, 20, 50, 100, 200, 300, 500, 1000, 1500, 2000, 2100, 2200, 2300, 2400]	0.29540540100000356
[10, 20, 50, 100, 200, 300, 500, 1000, 1500, 2000, 2100, 2200, 2300, 2400]	0.30981941699999993
[10, 20, 50, 100, 200, 300, 500, 1000, 1500, 2000, 2100, 2200, 2300, 2400]	0.264291766999996
[10, 20, 50, 100, 200, 300, 500, 1000, 1500, 2000, 2100, 2200, 2300, 2400]	0.2343132350000019
[10, 20, 50, 100, 200, 300, 500, 1000, 1500, 2000, 2100, 2200, 2300, 2400]	0.26881951600000065
[10, 20, 50, 100, 200, 300, 500, 1000, 1500, 2000, 2100, 2200, 2300, 2400]	0.2928178309999936
[10, 20, 50, 100, 200, 300, 500, 1000, 1500, 2000, 2100, 2200, 2300, 2400]	0.28344984900000014
[10, 20, 50, 100, 200, 300, 500, 1000, 1500, 2000, 2100, 2200, 2300, 2400]	0.28102357999999583
[10, 20, 50, 100, 200, 300, 500, 1000, 1500, 2000, 2100, 2200, 2300, 2400]	0.292408137999999
[10, 20, 50, 100, 200, 300, 500, 1000, 1500, 2000, 2100, 2200, 2300, 2400]	0.2947680300000002
[10, 20, 50, 100, 200, 300, 500, 1000, 1500, 2000, 2100, 2200, 2300, 2400]	0.22483061100000157
[10, 20, 50, 100, 200, 300, 500, 1000, 1500, 2000, 2100, 2200, 2300, 2400]	0.306804305
[10, 20, 50, 100, 200, 300, 500, 1000, 1500, 2000, 2100, 2200, 2300, 2400]	0.262664934
[10, 20, 50, 100, 200, 300, 500, 1000, 1500, 2000, 2100, 2200, 2300, 2400]	0.28020084399999945
[10, 20, 50, 100, 200, 300, 500, 1000, 1500, 2000, 2100, 2200, 2300, 2400]	0.3113561500000017
[10, 20, 50, 100, 200, 300, 500, 1000, 1500, 2000, 2100, 2200, 2300, 2400]	0.27837585400000364
[10, 20, 50, 100, 200, 300, 500, 1000, 1500, 2000, 2100, 2200, 2300, 2400]	0.277526838
[10, 20, 50, 100, 200, 300, 500, 1000, 1500, 2000, 2100, 2200, 2300, 2400]	0.24798312800000133
[10, 20, 50, 100, 200, 300, 500, 1000, 1500, 2000, 2100, 2200, 2300, 2400]	0.27764937799999956
[10, 20, 50, 100, 200, 300, 500, 1000, 1500, 2000, 2100, 2200, 2300, 2400]	0.26848051199999645
[10, 20, 50, 100, 200, 300, 500, 1000, 1500, 2000, 2100, 2200, 2300, 2400]	0.2792553479999995
[10, 20, 50, 100, 200, 300, 500, 1000, 1500, 2000, 2100, 2200, 2300, 2400]	0.28316161100000414
[10, 20, 50, 100, 200, 300, 500, 1000, 1500, 2000, 2100, 2200, 2300, 2400]	0.29398886499999577
[10, 20, 50, 100, 200, 300, 500, 1000, 1500, 2000, 2100, 2200, 2300, 2400]	0.30978055599999976
[10, 20, 50, 100, 200, 300, 500, 1000, 1500, 2000, 2100, 2200, 2300, 2400]	0.2974590620000015
[10, 20, 50, 100, 200, 300, 500, 1000, 1500, 2000, 2100, 2200, 2300, 2400]	0.23554793999999646
[10, 20, 50, 100, 200, 300, 500, 1000, 1500, 2000, 2100, 2200, 2300, 2400]	0.27381270800000124
[10, 20, 50, 100, 200, 300, 500, 1000, 1500, 2000, 2100, 2200, 2300, 2400]	0.3041596549999994
[10, 20, 50, 100, 200, 300, 500, 1000, 1500, 2000, 2100, 2200, 2300, 2400]	0.2757971650000002
[10, 20, 50, 100, 200, 300, 500, 1000, 1500, 2000, 2100, 2200, 2300, 2400]	0.2643898650000054
[10, 20, 50, 100, 200, 300, 500, 1000, 1500, 2000, 2100, 2200, 2300, 2400]	0.2755904429999987
[10, 20, 50, 100, 200, 300, 500, 1000, 1500, 2000, 2100, 2200, 2300, 2400]	0.2855749770000031
[10, 20, 50, 100, 200, 300, 500, 1000, 1500, 2000, 2100, 2200, 2300, 2400]	0.2947636300000056
[10, 20, 50, 100, 200, 300, 500, 1000, 1500, 2000, 2100, 2200, 2300, 2400]	0.28089088800000184
[10, 20, 50, 100, 200, 300, 500, 1000, 1500, 2000, 2100, 2200, 2300, 2400]	0.29376963800000055
[10, 20, 50, 100, 200, 300, 500, 1000, 1500, 2000, 2100, 2200, 2300, 2400]	0.27496104200000104
[10, 20, 50, 100, 200, 300, 500, 1000, 1500, 2000, 2100, 2200, 2300, 2400]	0.22989998499999587
[10, 20, 50, 100, 200, 300, 500, 1000, 1500, 2000, 2100, 2200, 2300, 2400]	0.27587198100000165
-
[10, 20, 50, 100, 200, 300, 500, 1000, 1500, 2000, 2100, 2200, 2300, 2400]	0.5600157770000038
[10, 20, 50, 100, 200, 300, 500, 1000, 1500, 2000, 2100, 2200, 2300, 2400]	0.561630583000003
[10, 20, 50, 100, 200, 300, 500, 1000, 1500, 2000, 2100, 2200, 2300, 2400]	0.5337804750000004
[10, 20, 50, 100, 200, 300, 500, 1000, 1500, 2000, 2100, 2200, 2300, 2400]	0.5028731420000057
[10, 20, 50, 100, 200, 300, 500, 1000, 1500, 2000, 2100, 2200, 2300, 2400]	0.5415686089999951
[10, 20, 50, 100, 200, 300, 500, 1000, 1500, 2000, 2100, 2200, 2300, 2400]	0.5860770999999971
[10, 20, 50, 100, 200, 300, 500, 1000, 1500, 2000, 2100, 2200, 2300, 2400]	0.5009179409999973
[10, 20, 50, 100, 200, 300, 500, 1000, 1500, 2000, 2100, 2200, 2300, 2400]	0.5276440120000032
[10, 20, 50, 100, 200, 300, 500, 1000, 1500, 2000, 2100, 2200, 2300, 2400]	0.5450227900000044
[10, 20, 50, 100, 200, 300, 500, 1000, 1500, 2000, 2100, 2200, 2300, 2400]	0.5269290990000002
[10, 20, 50, 100, 200, 300, 500, 1000, 1500, 2000, 2100, 2200, 2300, 2400]	0.4396498440000016
[10, 20, 50, 100, 200, 300, 500, 1000, 1500, 2000, 2100, 2200, 2300, 2400]	0.5879458839999998
[10, 20, 50, 100, 200, 300, 500, 1000, 1500, 2000, 2100, 2200, 2300, 2400]	0.6026361159999993
[10, 20, 50, 100, 200, 300, 500, 1000, 1500, 2000, 2100, 2200, 2300, 2400]	0.5547865659999971
[10, 20, 50, 100, 200, 300, 500, 1000, 1500, 2000, 2100, 2200, 2300, 2400]	0.5722836730000012
[10, 20, 50, 100, 200, 300, 500, 1000, 1500, 2000, 2100, 2200, 2300, 2400]	0.5365465180000015
[10, 20, 50, 100, 200, 300, 500, 1000, 1500, 2000, 2100, 2200, 2300, 2400]	0.43971320400000025
[10, 20, 50, 100, 200, 300, 500, 1000, 1500, 2000, 2100, 2200, 2300, 2400]	0.5129361279999927
[10, 20, 50, 100, 200, 300, 500, 1000, 1500, 2000, 2100, 2200, 2300, 2400]	0.5506138230000062
[10, 20, 50, 100, 200, 300, 500, 1000, 1500, 2000, 2100, 2200, 2300, 2400]	0.5224040060000021
[10, 20, 50, 100, 200, 300, 500, 1000, 1500, 2000, 2100, 2200, 2300, 2400]	0.5444653160000001
[10, 20, 50, 100, 200, 300, 500, 1000, 1500, 2000, 2100, 2200, 2300, 2400]	0.6140691370000013
[10, 20, 50, 100, 200, 300, 500, 1000, 1500, 2000, 2100, 2200, 2300, 2400]	0.5772634209999978
[10, 20, 50, 100, 200, 300, 500, 1000, 1500, 2000, 2100, 2200, 2300, 2400]	0.5608057089999932
[10, 20, 50, 100, 200, 300, 500, 1000, 1500, 2000, 2100, 2200, 2300, 2400]	0.6061100369999934
[10, 20, 50, 100, 200, 300, 500, 1000, 1500, 2000, 2100, 2200, 2300, 2400]	0.5463095910000106
[10, 20, 50, 100, 200, 300, 500, 1000, 1500, 2000, 2100, 2200, 2300, 2400]	0.5912287190000001
[10, 20, 50, 100, 200, 300, 500, 1000, 1500, 2000, 2100, 2200, 2300, 2400]	0.4549011909999905
[10, 20, 50, 100, 200, 300, 500, 1000, 1500, 2000, 2100, 2200, 2300, 2400]	0.5636082009999939
[10, 20, 50, 100, 200, 300, 500, 1000, 1500, 2000, 2100, 2200, 2300, 2400]	0.5605736580000098
[10, 20, 50, 100, 200, 300, 500, 1000, 1500, 2000, 2100, 2200, 2300, 2400]	0.5663400410000037
[10, 20, 50, 100, 200, 300, 500, 1000, 1500, 2000, 2100, 2200, 2300, 2400]	0.5580938479999986
[10, 20, 50, 100, 200, 300, 500, 1000, 1500, 2000, 2100, 2200, 2300, 2400]	0.5065526190000043
[10, 20, 50, 100, 200, 300, 500, 1000, 1500, 2000, 2100, 2200, 2300, 2400]	0.5137957059999962
[10, 20, 50, 100, 200, 300, 500, 1000, 1500, 2000, 2100, 2200, 2300, 2400]	0.5107097660000051
[10, 20, 50, 100, 200, 300, 500, 1000, 1500, 2000, 2100, 2200, 2300, 2400]	0.599984297000006
[10, 20, 50, 100, 200, 300, 500, 1000, 1500, 2000, 2100, 2200, 2300, 2400]	0.5513129210000045
[10, 20, 50, 100, 200, 300, 500, 1000, 1500, 2000, 2100, 2200, 2300, 2400]	0.5134753570000044
[10, 20, 50, 100, 200, 300, 500, 1000, 1500, 2000, 2100, 2200, 2300, 2400]	0.5780042760000015
[10, 20, 50, 100, 200, 300, 500, 1000, 1500, 2000, 2100, 2200, 2300, 2400]	0.5194078669999982
[10, 20, 50, 100, 200, 300, 500, 1000, 1500, 2000, 2100, 2200, 2300, 2400]	0.5713194829999964
[10, 20, 50, 100, 200, 300, 500, 1000, 1500, 2000, 2100, 2200, 2300, 2400]	0.45591387899999347
[10, 20, 50, 100, 200, 300, 500, 1000, 1500, 2000, 2100, 2200, 2300, 2400]	0.6025599110000002
[10, 20, 50, 100, 200, 300, 500, 1000, 1500, 2000, 2100, 2200, 2300, 2400]	0.44967645900000264
[10, 20, 50, 100, 200, 300, 500, 1000, 1500, 2000, 2100, 2200, 2300, 2400]	0.518579649000003
[10, 20, 50, 100, 200, 300, 500, 1000, 1500, 2000, 2100, 2200, 2300, 2400]	0.5323272709999998
[10, 20, 50, 100, 200, 300, 500, 1000, 1500, 2000, 2100, 2200, 2300, 2400]	0.617908553999996
[10, 20, 50, 100, 200, 300, 500, 1000, 1500, 2000, 2100, 2200, 2300, 2400]	0.5722036760000009
[10, 20, 50, 100, 200, 300, 500, 1000, 1500, 2000, 2100, 2200, 2300, 2400]	0.5474466360000037
[10, 20, 50, 100, 200, 300, 500, 1000, 1500, 2000, 2100, 2200, 2300, 2400]	0.5284049560000028
-
[10, 20, 50, 100, 200, 300, 500, 1000, 1500, 2000, 2100, 2200, 2300, 2400]	1.3845373999999993
[10, 20, 50, 100, 200, 300, 500, 1000, 1500, 2000, 2100, 2200, 2300, 2400]	1.3229493300000001
[10, 20, 50, 100, 200, 300, 500, 1000, 1500, 2000, 2100, 2200, 2300, 2400]	1.413990883000011
[10, 20, 50, 100, 200, 300, 500, 1000, 1500, 2000, 2100, 2200, 2300, 2400]	1.316153760000006
[10, 20, 50, 100, 200, 300, 500, 1000, 1500, 2000, 2100, 2200, 2300, 2400]	1.3212047949999999
[10, 20, 50, 100, 200, 300, 500, 1000, 1500, 2000, 2100, 2200, 2300, 2400]	1.4134844019999946
[10, 20, 50, 100, 200, 300, 500, 1000, 1500, 2000, 2100, 2200, 2300, 2400]	1.4254709190000057
[10, 20, 50, 100, 200, 300, 500, 1000, 1500, 2000, 2100, 2200, 2300, 2400]	1.3922624739999918
[10, 20, 50, 100, 200, 300, 500, 1000, 1500, 2000, 2100, 2200, 2300, 2400]	1.340784978000002
[10, 20, 50, 100, 200, 300, 500, 1000, 1500, 2000, 2100, 2200, 2300, 2400]	1.4420391499999994
[10, 20, 50, 100, 200, 300, 500, 1000, 1500, 2000, 2100, 2200, 2300, 2400]	1.4325051149999979
[10, 20, 50, 100, 200, 300, 500, 1000, 1500, 2000, 2100, 2200, 2300, 2400]	1.3071073899999988
[10, 20, 50, 100, 200, 300, 500, 1000, 1500, 2000, 2100, 2200, 2300, 2400]	1.3024778999999995
[10, 20, 50, 100, 200, 300, 500, 1000, 1500, 2000, 2100, 2200, 2300, 2400]	1.3284800269999977
[10, 20, 50, 100, 200, 300, 500, 1000, 1500, 2000, 2100, 2200, 2300, 2400]	1.3254328109999989
[10, 20, 50, 100, 200, 300, 500, 1000, 1500, 2000, 2100, 2200, 2300, 2400]	1.3103510680000028
[10, 20, 50, 100, 200, 300, 500, 1000, 1500, 2000, 2100, 2200, 2300, 2400]	1.240546797999997
[10, 20, 50, 100, 200, 300, 500, 1000, 1500, 2000, 2100, 2200, 2300, 2400]	1.2815312120000044
[10, 20, 50, 100, 200, 300, 500, 1000, 1500, 2000, 2100, 2200, 2300, 2400]	1.35095128399999
[10, 20, 50, 100, 200, 300, 500, 1000, 1500, 2000, 2100, 2200, 2300, 2400]	1.4041260760000114
[10, 20, 50, 100, 200, 300, 500, 1000, 1500, 2000, 2100, 2200, 2300, 2400]	1.311877164000009
[10, 20, 50, 100, 200, 300, 500, 1000, 1500, 2000, 2100, 2200, 2300, 2400]	1.432938188999998
[10, 20, 50, 100, 200, 300, 500, 1000, 1500, 2000, 2100, 2200, 2300, 2400]	1.3337744559999862
[10, 20, 50, 100, 200, 300, 500, 1000, 1500, 2000, 2100, 2200, 2300, 2400]	1.280408781999995
[10, 20, 50, 100, 200, 300, 500, 1000, 1500, 2000, 2100, 2200, 2300, 2400]	1.3755859000000044
[10, 20, 50, 100, 200, 300, 500, 1000, 1500, 2000, 2100, 2200, 2300, 2400]	1.3140128449999793
[10, 20, 50, 100, 200, 300, 500, 1000, 1500, 2000, 2100, 2200, 2300, 2400]	1.4127644649999809
[10, 20, 50, 100, 200, 300, 500, 1000, 1500, 2000, 2100, 2200, 2300, 2400]	1.2852631320000114
[10, 20, 50, 100, 200, 300, 500, 1000, 1500, 2000, 2100, 2200, 2300, 2400]	1.329626803999986
[10, 20, 50, 100, 200, 300, 500, 1000, 1500, 2000, 2100, 2200, 2300, 2400]	1.3429123669999967
[10, 20, 50, 100, 200, 300, 500, 1000, 1500, 2000, 2100, 2200, 2300, 2400]	1.429274276000001
[10, 20, 50, 100, 200, 300, 500, 1000, 1500, 2000, 2100, 2200, 2300, 2400]	1.2486568740000052
[10, 20, 50, 100, 200, 300, 500, 1000, 1500, 2000, 2100, 2200, 2300, 2400]	1.4204349790000208
[10, 20, 50, 100, 200, 300, 500, 1000, 1500, 2000, 2100, 2200, 2300, 2400]	1.3051277590000154
[10, 20, 50, 100, 200, 300, 500, 1000, 1500, 2000, 2100, 2200, 2300, 2400]	1.3152094689999956
[10, 20, 50, 100, 200, 300, 500, 1000, 1500, 2000, 2100, 2200, 2300, 2400]	1.3815766239999903
[10, 20, 50, 100, 200, 300, 500, 1000, 1500, 2000, 2100, 2200, 2300, 2400]	1.3121001130000138
[10, 20, 50, 100, 200, 300, 500, 1000, 1500, 2000, 2100, 2200, 2300, 2400]	1.3445213339999782
[10, 20, 50, 100, 200, 300, 500, 1000, 1500, 2000, 2100, 2200, 2300, 2400]	1.4514970900000037
[10, 20, 50, 100, 200, 300, 500, 1000, 1500, 2000, 2100, 2200, 2300, 2400]	1.377708456000022
[10, 20, 50, 100, 200, 300, 500, 1000, 1500, 2000, 2100, 2200, 2300, 2400]	1.415604581999986
[10, 20, 50, 100, 200, 300, 500, 1000, 1500, 2000, 2100, 2200, 2300, 2400]	1.3503495829999963
[10, 20, 50, 100, 200, 300, 500, 1000, 1500, 2000, 2100, 2200, 2300, 2400]	1.4495327869999812
[10, 20, 50, 100, 200, 300, 500, 1000, 1500, 2000, 2100, 2200, 2300, 2400]	1.2921194369999967
[10, 20, 50, 100, 200, 300, 500, 1000, 1500, 2000, 2100, 2200, 2300, 2400]	1.3974546339999847
[10, 20, 50, 100, 200, 300, 500, 1000, 1500, 2000, 2100, 2200, 2300, 2400]	1.3085753759999932
[10, 20, 50, 100, 200, 300, 500, 1000, 1500, 2000, 2100, 2200, 2300, 2400]	1.3156195029999935
[10, 20, 50, 100, 200, 300, 500, 1000, 1500, 2000, 2100, 2200, 2300, 2400]	1.3615346710000154
[10, 20, 50, 100, 200, 300, 500, 1000, 1500, 2000, 2100, 2200, 2300, 2400]	1.338678367
[10, 20, 50, 100, 200, 300, 500, 1000, 1500, 2000, 2100, 2200, 2300, 2400]	1.3160344479999821
-
[10, 20, 50, 100, 200, 300, 500, 1000, 1500, 2000, 2100, 2200, 2300, 2400]	2.6569987219999973
[10, 20, 50, 100, 200, 300, 500, 1000, 1500, 2000, 2100, 2200, 2300, 2400]	2.5338560350000137
[10, 20, 50, 100, 200, 300, 500, 1000, 1500, 2000, 2100, 2200, 2300, 2400]	2.5734083959999907
[10, 20, 50, 100, 200, 300, 500, 1000, 1500, 2000, 2100, 2200, 2300, 2400]	4.344745431999996
[10, 20, 50, 100, 200, 300, 500, 1000, 1500, 2000, 2100, 2200, 2300, 2400]	2.5702913699999783
[10, 20, 50, 100, 200, 300, 500, 1000, 1500, 2000, 2100, 2200, 2300, 2400]	2.718752674000001
[10, 20, 50, 100, 200, 300, 500, 1000, 1500, 2000, 2100, 2200, 2300, 2400]	2.5600955279999766
[10, 20, 50, 100, 200, 300, 500, 1000, 1500, 2000, 2100, 2200, 2300, 2400]	2.6245861300000115
[10, 20, 50, 100, 200, 300, 500, 1000, 1500, 2000, 2100, 2200, 2300, 2400]	2.6762387400000023
[10, 20, 50, 100, 200, 300, 500, 1000, 1500, 2000, 2100, 2200, 2300, 2400]	2.8312261199999966
[10, 20, 50, 100, 200, 300, 500, 1000, 1500, 2000, 2100, 2200, 2300, 2400]	2.6134605700000293
[10, 20, 50, 100, 200, 300, 500, 1000, 1500, 2000, 2100, 2200, 2300, 2400]	2.734092567999994
[10, 20, 50, 100, 200, 300, 500, 1000, 1500, 2000, 2100, 2200, 2300, 2400]	2.823597262000021
[10, 20, 50, 100, 200, 300, 500, 1000, 1500, 2000, 2100, 2200, 2300, 2400]	2.703883404999999
[10, 20, 50, 100, 200, 300, 500, 1000, 1500, 2000, 2100, 2200, 2300, 2400]	2.772628994999991
[10, 20, 50, 100, 200, 300, 500, 1000, 1500, 2000, 2100, 2200, 2300, 2400]	2.7471659870000167
[10, 20, 50, 100, 200, 300, 500, 1000, 1500, 2000, 2100, 2200, 2300, 2400]	2.8354724669999882
[10, 20, 50, 100, 200, 300, 500, 1000, 1500, 2000, 2100, 2200, 2300, 2400]	2.7643883410000285
[10, 20, 50, 100, 200, 300, 500, 1000, 1500, 2000, 2100, 2200, 2300, 2400]	2.6045742599999926
[10, 20, 50, 100, 200, 300, 500, 1000, 1500, 2000, 2100, 2200, 2300, 2400]	2.7597443039999803
[10, 20, 50, 100, 200, 300, 500, 1000, 1500, 2000, 2100, 2200, 2300, 2400]	2.800239465000004
[10, 20, 50, 100, 200, 300, 500, 1000, 1500, 2000, 2100, 2200, 2300, 2400]	2.8107026809999525
[10, 20, 50, 100, 200, 300, 500, 1000, 1500, 2000, 2100, 2200, 2300, 2400]	2.7522760919999882
[10, 20, 50, 100, 200, 300, 500, 1000, 1500, 2000, 2100, 2200, 2300, 2400]	2.609965898999974
[10, 20, 50, 100, 200, 300, 500, 1000, 1500, 2000, 2100, 2200, 2300, 2400]	2.6105130849999796
[10, 20, 50, 100, 200, 300, 500, 1000, 1500, 2000, 2100, 2200, 2300, 2400]	2.7783462940000163
[10, 20, 50, 100, 200, 300, 500, 1000, 1500, 2000, 2100, 2200, 2300, 2400]	2.5651107620000175
[10, 20, 50, 100, 200, 300, 500, 1000, 1500, 2000, 2100, 2200, 2300, 2400]	2.5028439810000123
[10, 20, 50, 100, 200, 300, 500, 1000, 1500, 2000, 2100, 2200, 2300, 2400]	2.5978113200000053
[10, 20, 50, 100, 200, 300, 500, 1000, 1500, 2000, 2100, 2200, 2300, 2400]	2.5375043640000285
[10, 20, 50, 100, 200, 300, 500, 1000, 1500, 2000, 2100, 2200, 2300, 2400]	2.666601623999952
[10, 20, 50, 100, 200, 300, 500, 1000, 1500, 2000, 2100, 2200, 2300, 2400]	2.648704122999959
[10, 20, 50, 100, 200, 300, 500, 1000, 1500, 2000, 2100, 2200, 2300, 2400]	2.6520494060000033
[10, 20, 50, 100, 200, 300, 500, 1000, 1500, 2000, 2100, 2200, 2300, 2400]	2.7715762550000136
[10, 20, 50, 100, 200, 300, 500, 1000, 1500, 2000, 2100, 2200, 2300, 2400]	2.761964744000011
[10, 20, 50, 100, 200, 300, 500, 1000, 1500, 2000, 2100, 2200, 2300, 2400]	2.6597515210000324
[10, 20, 50, 100, 200, 300, 500, 1000, 1500, 2000, 2100, 2200, 2300, 2400]	2.659119292000014
[10, 20, 50, 100, 200, 300, 500, 1000, 1500, 2000, 2100, 2200, 2300, 2400]	2.6747410189999528
[10, 20, 50, 100, 200, 300, 500, 1000, 1500, 2000, 2100, 2200, 2300, 2400]	2.5607811779999565
[10, 20, 50, 100, 200, 300, 500, 1000, 1500, 2000, 2100, 2200, 2300, 2400]	2.5486445520000416
[10, 20, 50, 100, 200, 300, 500, 1000, 1500, 2000, 2100, 2200, 2300, 2400]	2.6931638720000137
[10, 20, 50, 100, 200, 300, 500, 1000, 1500, 2000, 2100, 2200, 2300, 2400]	2.7949373339999966
[10, 20, 50, 100, 200, 300, 500, 1000, 1500, 2000, 2100, 2200, 2300, 2400]	2.6644816479999918
[10, 20, 50, 100, 200, 300, 500, 1000, 1500, 2000, 2100, 2200, 2300, 2400]	2.8189540179999995
[10, 20, 50, 100, 200, 300, 500, 1000, 1500, 2000, 2100, 2200, 2300, 2400]	2.785426029000007
[10, 20, 50, 100, 200, 300, 500, 1000, 1500, 2000, 2100, 2200, 2300, 2400]	2.515631469000027
[10, 20, 50, 100, 200, 300, 500, 1000, 1500, 2000, 2100, 2200, 2300, 2400]	2.786159101999999
[10, 20, 50, 100, 200, 300, 500, 1000, 1500, 2000, 2100, 2200, 2300, 2400]	2.7140598749999754
[10, 20, 50, 100, 200, 300, 500, 1000, 1500, 2000, 2100, 2200, 2300, 2400]	2.5563282960000038
[10, 20, 50, 100, 200, 300, 500, 1000, 1500, 2000, 2100, 2200, 2300, 2400]	2.6270666679999977
-
[10, 20, 50, 100, 200, 300, 500, 1000, 1500, 2000, 2100, 2200, 2300, 2400]	4.898048126999981
[10, 20, 50, 100, 200, 300, 500, 1000, 1500, 2000, 2100, 2200, 2300, 2400]	4.504950463
[10, 20, 50, 100, 200, 300, 500, 1000, 1500, 2000, 2100, 2200, 2300, 2400]	4.809374753999975
[10, 20, 50, 100, 200, 300, 500, 1000, 1500, 2000, 2100, 2200, 2300, 2400]	5.083889012999975
[10, 20, 50, 100, 200, 300, 500, 1000, 1500, 2000, 2100, 2200, 2300, 2400]	5.127319417000024
[10, 20, 50, 100, 200, 300, 500, 1000, 1500, 2000, 2100, 2200, 2300, 2400]	4.940847163000001
[10, 20, 50, 100, 200, 300, 500, 1000, 1500, 2000, 2100, 2200, 2300, 2400]	5.321078794000016
[10, 20, 50, 100, 200, 300, 500, 1000, 1500, 2000, 2100, 2200, 2300, 2400]	4.9620355739999695
[10, 20, 50, 100, 200, 300, 500, 1000, 1500, 2000, 2100, 2200, 2300, 2400]	4.631587190000005
[10, 20, 50, 100, 200, 300, 500, 1000, 1500, 2000, 2100, 2200, 2300, 2400]	5.02089128199998
[10, 20, 50, 100, 200, 300, 500, 1000, 1500, 2000, 2100, 2200, 2300, 2400]	4.956268788000102
[10, 20, 50, 100, 200, 300, 500, 1000, 1500, 2000, 2100, 2200, 2300, 2400]	4.618377585000076
[10, 20, 50, 100, 200, 300, 500, 1000, 1500, 2000, 2100, 2200, 2300, 2400]	5.011250754000002
[10, 20, 50, 100, 200, 300, 500, 1000, 1500, 2000, 2100, 2200, 2300, 2400]	4.638645102000055
[10, 20, 50, 100, 200, 300, 500, 1000, 1500, 2000, 2100, 2200, 2300, 2400]	5.069116066000106
[10, 20, 50, 100, 200, 300, 500, 1000, 1500, 2000, 2100, 2200, 2300, 2400]	5.076873621999994
[10, 20, 50, 100, 200, 300, 500, 1000, 1500, 2000, 2100, 2200, 2300, 2400]	4.633294451999973
[10, 20, 50, 100, 200, 300, 500, 1000, 1500, 2000, 2100, 2200, 2300, 2400]	4.745468574000029
[10, 20, 50, 100, 200, 300, 500, 1000, 1500, 2000, 2100, 2200, 2300, 2400]	4.6460106040000255
[10, 20, 50, 100, 200, 300, 500, 1000, 1500, 2000, 2100, 2200, 2300, 2400]	4.865916395999989
[10, 20, 50, 100, 200, 300, 500, 1000, 1500, 2000, 2100, 2200, 2300, 2400]	5.010308445999954
[10, 20, 50, 100, 200, 300, 500, 1000, 1500, 2000, 2100, 2200, 2300, 2400]	4.635921238000037
[10, 20, 50, 100, 200, 300, 500, 1000, 1500, 2000, 2100, 2200, 2300, 2400]	4.825688275000061
[10, 20, 50, 100, 200, 300, 500, 1000, 1500, 2000, 2100, 2200, 2300, 2400]	5.0980040670000335
[10, 20, 50, 100, 200, 300, 500, 1000, 1500, 2000, 2100, 2200, 2300, 2400]	4.781623650000029
[10, 20, 50, 100, 200, 300, 500, 1000, 1500, 2000, 2100, 2200, 2300, 2400]	4.608864341999947
[10, 20, 50, 100, 200, 300, 500, 1000, 1500, 2000, 2100, 2200, 2300, 2400]	4.557975627000019
[10, 20, 50, 100, 200, 300, 500, 1000, 1500, 2000, 2100, 2200, 2300, 2400]	4.604191018999927
[10, 20, 50, 100, 200, 300, 500, 1000, 1500, 2000, 2100, 2200, 2300, 2400]	4.81409389099997
[10, 20, 50, 100, 200, 300, 500, 1000, 1500, 2000, 2100, 2200, 2300, 2400]	4.980434003000028
[10, 20, 50, 100, 200, 300, 500, 1000, 1500, 2000, 2100, 2200, 2300, 2400]	4.545898351999995
[10, 20, 50, 100, 200, 300, 500, 1000, 1500, 2000, 2100, 2200, 2300, 2400]	4.788558813999998
[10, 20, 50, 100, 200, 300, 500, 1000, 1500, 2000, 2100, 2200, 2300, 2400]	4.901082978999966
[10, 20, 50, 100, 200, 300, 500, 1000, 1500, 2000, 2100, 2200, 2300, 2400]	5.281190115999948
[10, 20, 50, 100, 200, 300, 500, 1000, 1500, 2000, 2100, 2200, 2300, 2400]	4.638579327000002
[10, 20, 50, 100, 200, 300, 500, 1000, 1500, 2000, 2100, 2200, 2300, 2400]	4.783313069999963
[10, 20, 50, 100, 200, 300, 500, 1000, 1500, 2000, 2100, 2200, 2300, 2400]	4.742089203999967
[10, 20, 50, 100, 200, 300, 500, 1000, 1500, 2000, 2100, 2200, 2300, 2400]	4.635044516999983
[10, 20, 50, 100, 200, 300, 500, 1000, 1500, 2000, 2100, 2200, 2300, 2400]	4.810275109000031
[10, 20, 50, 100, 200, 300, 500, 1000, 1500, 2000, 2100, 2200, 2300, 2400]	4.792047161999903
[10, 20, 50, 100, 200, 300, 500, 1000, 1500, 2000, 2100, 2200, 2300, 2400]	4.8356498269999975
[10, 20, 50, 100, 200, 300, 500, 1000, 1500, 2000, 2100, 2200, 2300, 2400]	4.612826183999914
[10, 20, 50, 100, 200, 300, 500, 1000, 1500, 2000, 2100, 2200, 2300, 2400]	4.715778437999916
[10, 20, 50, 100, 200, 300, 500, 1000, 1500, 2000, 2100, 2200, 2300, 2400]	4.613182910999967
[10, 20, 50, 100, 200, 300, 500, 1000, 1500, 2000, 2100, 2200, 2300, 2400]	4.689909008000086
[10, 20, 50, 100, 200, 300, 500, 1000, 1500, 2000, 2100, 2200, 2300, 2400]	4.616834097999913
[10, 20, 50, 100, 200, 300, 500, 1000, 1500, 2000, 2100, 2200, 2300, 2400]	4.869485040999962
[10, 20, 50, 100, 200, 300, 500, 1000, 1500, 2000, 2100, 2200, 2300, 2400]	4.48992716500004
[10, 20, 50, 100, 200, 300, 500, 1000, 1500, 2000, 2100, 2200, 2300, 2400]	5.066112749000013
[10, 20, 50, 100, 200, 300, 500, 1000, 1500, 2000, 2100, 2200, 2300, 2400]	4.688014234999969
-
[10, 20, 50, 100, 200, 300, 500, 1000, 1500, 2000, 2100, 2200, 2300, 2400]	4.918310724000094
[10, 20, 50, 100, 200, 300, 500, 1000, 1500, 2000, 2100, 2200, 2300, 2400]	4.940364727999963
[10, 20, 50, 100, 200, 300, 500, 1000, 1500, 2000, 2100, 2200, 2300, 2400]	4.806885820000048
[10, 20, 50, 100, 200, 300, 500, 1000, 1500, 2000, 2100, 2200, 2300, 2400]	4.876644153000029
[10, 20, 50, 100, 200, 300, 500, 1000, 1500, 2000, 2100, 2200, 2300, 2400]	5.5573551060000455
[10, 20, 50, 100, 200, 300, 500, 1000, 1500, 2000, 2100, 2200, 2300, 2400]	4.91404283199995
[10, 20, 50, 100, 200, 300, 500, 1000, 1500, 2000, 2100, 2200, 2300, 2400]	5.668307894999998
[10, 20, 50, 100, 200, 300, 500, 1000, 1500, 2000, 2100, 2200, 2300, 2400]	5.009762833000082
[10, 20, 50, 100, 200, 300, 500, 1000, 1500, 2000, 2100, 2200, 2300, 2400]	5.405624730999989
[10, 20, 50, 100, 200, 300, 500, 1000, 1500, 2000, 2100, 2200, 2300, 2400]	5.089898523999977
[10, 20, 50, 100, 200, 300, 500, 1000, 1500, 2000, 2100, 2200, 2300, 2400]	4.926461056999983
[10, 20, 50, 100, 200, 300, 500, 1000, 1500, 2000, 2100, 2200, 2300, 2400]	4.833813957999951
[10, 20, 50, 100, 200, 300, 500, 1000, 1500, 2000, 2100, 2200, 2300, 2400]	5.398485230999995
[10, 20, 50, 100, 200, 300, 500, 1000, 1500, 2000, 2100, 2200, 2300, 2400]	5.309860885000035
[10, 20, 50, 100, 200, 300, 500, 1000, 1500, 2000, 2100, 2200, 2300, 2400]	5.3067644190000465
[10, 20, 50, 100, 200, 300, 500, 1000, 1500, 2000, 2100, 2200, 2300, 2400]	5.595126366000045
[10, 20, 50, 100, 200, 300, 500, 1000, 1500, 2000, 2100, 2200, 2300, 2400]	4.812177947999999
[10, 20, 50, 100, 200, 300, 500, 1000, 1500, 2000, 2100, 2200, 2300, 2400]	4.902618361000009
[10, 20, 50, 100, 200, 300, 500, 1000, 1500, 2000, 2100, 2200, 2300, 2400]	5.391351056999952
[10, 20, 50, 100, 200, 300, 500, 1000, 1500, 2000, 2100, 2200, 2300, 2400]	4.931891948999919
[10, 20, 50, 100, 200, 300, 500, 1000, 1500, 2000, 2100, 2200, 2300, 2400]	4.945412144000102
[10, 20, 50, 100, 200, 300, 500, 1000, 1500, 2000, 2100, 2200, 2300, 2400]	4.77935158199989
[10, 20, 50, 100, 200, 300, 500, 1000, 1500, 2000, 2100, 2200, 2300, 2400]	5.318315414000153
[10, 20, 50, 100, 200, 300, 500, 1000, 1500, 2000, 2100, 2200, 2300, 2400]	5.264173964000065
[10, 20, 50, 100, 200, 300, 500, 1000, 1500, 2000, 2100, 2200, 2300, 2400]	5.472139928000161
[10, 20, 50, 100, 200, 300, 500, 1000, 1500, 2000, 2100, 2200, 2300, 2400]	4.95867823399999
[10, 20, 50, 100, 200, 300, 500, 1000, 1500, 2000, 2100, 2200, 2300, 2400]	5.550166422000075
[10, 20, 50, 100, 200, 300, 500, 1000, 1500, 2000, 2100, 2200, 2300, 2400]	5.375081580000142
[10, 20, 50, 100, 200, 300, 500, 1000, 1500, 2000, 2100, 2200, 2300, 2400]	5.558964328000002
[10, 20, 50, 100, 200, 300, 500, 1000, 1500, 2000, 2100, 2200, 2300, 2400]	4.917150943000024
[10, 20, 50, 100, 200, 300, 500, 1000, 1500, 2000, 2100, 2200, 2300, 2400]	5.385227099000076
[10, 20, 50, 100, 200, 300, 500, 1000, 1500, 2000, 2100, 2200, 2300, 2400]	4.907019913000113
[10, 20, 50, 100, 200, 300, 500, 1000, 1500, 2000, 2100, 2200, 2300, 2400]	5.577262431000008
[10, 20, 50, 100, 200, 300, 500, 1000, 1500, 2000, 2100, 2200, 2300, 2400]	5.24035825299984
[10, 20, 50, 100, 200, 300, 500, 1000, 1500, 2000, 2100, 2200, 2300, 2400]	5.044874545000084
[10, 20, 50, 100, 200, 300, 500, 1000, 1500, 2000, 2100, 2200, 2300, 2400]	5.0623450160001084
[10, 20, 50, 100, 200, 300, 500, 1000, 1500, 2000, 2100, 2200, 2300, 2400]	4.916559577000044
[10, 20, 50, 100, 200, 300, 500, 1000, 1500, 2000, 2100, 2200, 2300, 2400]	5.300474483000016
[10, 20, 50, 100, 200, 300, 500, 1000, 1500, 2000, 2100, 2200, 2300, 2400]	5.322419072000002
[10, 20, 50, 100, 200, 300, 500, 1000, 1500, 2000, 2100, 2200, 2300, 2400]	4.784413916999938
[10, 20, 50, 100, 200, 300, 500, 1000, 1500, 2000, 2100, 2200, 2300, 2400]	4.823856634000094
[10, 20, 50, 100, 200, 300, 500, 1000, 1500, 2000, 2100, 2200, 2300, 2400]	4.9936929289999625
[10, 20, 50, 100, 200, 300, 500, 1000, 1500, 2000, 2100, 2200, 2300, 2400]	4.939357215999962
[10, 20, 50, 100, 200, 300, 500, 1000, 1500, 2000, 2100, 2200, 2300, 2400]	5.06005092700002
[10, 20, 50, 100, 200, 300, 500, 1000, 1500, 2000, 2100, 2200, 2300, 2400]	4.826900628999965
[10, 20, 50, 100, 200, 300, 500, 1000, 1500, 2000, 2100, 2200, 2300, 2400]	4.712774608000018
[10, 20, 50, 100, 200, 300, 500, 1000, 1500, 2000, 2100, 2200, 2300, 2400]	5.316699228999823
[10, 20, 50, 100, 200, 300, 500, 1000, 1500, 2000, 2100, 2200, 2300, 2400]	5.145927076999897
[10, 20, 50, 100, 200, 300, 500, 1000, 1500, 2000, 2100, 2200, 2300, 2400]	5.433199644000069
[10, 20, 50, 100, 200, 300, 500, 1000, 1500, 2000, 2100, 2200, 2300, 2400]	5.212470111999892
-
[10, 20, 50, 100, 200, 300, 500, 1000, 1500, 2000, 2100, 2200, 2300, 2400]	5.925269449000098
[10, 20, 50, 100, 200, 300, 500, 1000, 1500, 2000, 2100, 2200, 2300, 2400]	5.544603634000168
[10, 20, 50, 100, 200, 300, 500, 1000, 1500, 2000, 2100, 2200, 2300, 2400]	5.518229052999914
[10, 20, 50, 100, 200, 300, 500, 1000, 1500, 2000, 2100, 2200, 2300, 2400]	5.7205262330001005
[10, 20, 50, 100, 200, 300, 500, 1000, 1500, 2000, 2100, 2200, 2300, 2400]	6.068035758000178
[10, 20, 50, 100, 200, 300, 500, 1000, 1500, 2000, 2100, 2200, 2300, 2400]	5.269918557999972
[10, 20, 50, 100, 200, 300, 500, 1000, 1500, 2000, 2100, 2200, 2300, 2400]	5.556901844000095
[10, 20, 50, 100, 200, 300, 500, 1000, 1500, 2000, 2100, 2200, 2300, 2400]	5.834365157000093
[10, 20, 50, 100, 200, 300, 500, 1000, 1500, 2000, 2100, 2200, 2300, 2400]	5.38714235600014
[10, 20, 50, 100, 200, 300, 500, 1000, 1500, 2000, 2100, 2200, 2300, 2400]	6.147070286000144
[10, 20, 50, 100, 200, 300, 500, 1000, 1500, 2000, 2100, 2200, 2300, 2400]	6.181649335999964
[10, 20, 50, 100, 200, 300, 500, 1000, 1500, 2000, 2100, 2200, 2300, 2400]	5.474351090000027
[10, 20, 50, 100, 200, 300, 500, 1000, 1500, 2000, 2100, 2200, 2300, 2400]	6.071416286000158
[10, 20, 50, 100, 200, 300, 500, 1000, 1500, 2000, 2100, 2200, 2300, 2400]	5.366848756999843
[10, 20, 50, 100, 200, 300, 500, 1000, 1500, 2000, 2100, 2200, 2300, 2400]	5.417781044999856
[10, 20, 50, 100, 200, 300, 500, 1000, 1500, 2000, 2100, 2200, 2300, 2400]	5.630973634999918
[10, 20, 50, 100, 200, 300, 500, 1000, 1500, 2000, 2100, 2200, 2300, 2400]	5.243142239999997
[10, 20, 50, 100, 200, 300, 500, 1000, 1500, 2000, 2100, 2200, 2300, 2400]	6.051013473000012
[10, 20, 50, 100, 200, 300, 500, 1000, 1500, 2000, 2100, 2200, 2300, 2400]	5.391394489000049
[10, 20, 50, 100, 200, 300, 500, 1000, 1500, 2000, 2100, 2200, 2300, 2400]	5.40839918000006
[10, 20, 50, 100, 200, 300, 500, 1000, 1500, 2000, 2100, 2200, 2300, 2400]	5.3406059970000115
[10, 20, 50, 100, 200, 300, 500, 1000, 1500, 2000, 2100, 2200, 2300, 2400]	5.322816532000161
[10, 20, 50, 100, 200, 300, 500, 1000, 1500, 2000, 2100, 2200, 2300, 2400]	6.014801629999965
[10, 20, 50, 100, 200, 300, 500, 1000, 1500, 2000, 2100, 2200, 2300, 2400]	5.748053158999937
[10, 20, 50, 100, 200, 300, 500, 1000, 1500, 2000, 2100, 2200, 2300, 2400]	6.153714372999957
[10, 20, 50, 100, 200, 300, 500, 1000, 1500, 2000, 2100, 2200, 2300, 2400]	5.821042813000076
[10, 20, 50, 100, 200, 300, 500, 1000, 1500, 2000, 2100, 2200, 2300, 2400]	6.294388267999921
[10, 20, 50, 100, 200, 300, 500, 1000, 1500, 2000, 2100, 2200, 2300, 2400]	5.307009303000086
[10, 20, 50, 100, 200, 300, 500, 1000, 1500, 2000, 2100, 2200, 2300, 2400]	5.433799001999887
[10, 20, 50, 100, 200, 300, 500, 1000, 1500, 2000, 2100, 2200, 2300, 2400]	5.77665271800015
[10, 20, 50, 100, 200, 300, 500, 1000, 1500, 2000, 2100, 2200, 2300, 2400]	5.371638618000134
[10, 20, 50, 100, 200, 300, 500, 1000, 1500, 2000, 2100, 2200, 2300, 2400]	5.88020829900006
[10, 20, 50, 100, 200, 300, 500, 1000, 1500, 2000, 2100, 2200, 2300, 2400]	5.254895781999949
[10, 20, 50, 100, 200, 300, 500, 1000, 1500, 2000, 2100, 2200, 2300, 2400]	5.914001785999972
[10, 20, 50, 100, 200, 300, 500, 1000, 1500, 2000, 2100, 2200, 2300, 2400]	5.853575208000166
[10, 20, 50, 100, 200, 300, 500, 1000, 1500, 2000, 2100, 2200, 2300, 2400]	5.2843946680000045
[10, 20, 50, 100, 200, 300, 500, 1000, 1500, 2000, 2100, 2200, 2300, 2400]	6.070163342000114
[10, 20, 50, 100, 200, 300, 500, 1000, 1500, 2000, 2100, 2200, 2300, 2400]	5.781745272999842
[10, 20, 50, 100, 200, 300, 500, 1000, 1500, 2000, 2100, 2200, 2300, 2400]	5.859177655999929
[10, 20, 50, 100, 200, 300, 500, 1000, 1500, 2000, 2100, 2200, 2300, 2400]	5.559264652000138
[10, 20, 50, 100, 200, 300, 500, 1000, 1500, 2000, 2100, 2200, 2300, 2400]	5.837804167000058
[10, 20, 50, 100, 200, 300, 500, 1000, 1500, 2000, 2100, 2200, 2300, 2400]	5.357467572999894
[10, 20, 50, 100, 200, 300, 500, 1000, 1500, 2000, 2100, 2200, 2300, 2400]	5.563716772000134
[10, 20, 50, 100, 200, 300, 500, 1000, 1500, 2000, 2100, 2200, 2300, 2400]	5.7739966740000455
[10, 20, 50, 100, 200, 300, 500, 1000, 1500, 2000, 2100, 2200, 2300, 2400]	5.776480321000008
[10, 20, 50, 100, 200, 300, 500, 1000, 1500, 2000, 2100, 2200, 2300, 2400]	5.352087987999994
[10, 20, 50, 100, 200, 300, 500, 1000, 1500, 2000, 2100, 2200, 2300, 2400]	5.764110523999989
[10, 20, 50, 100, 200, 300, 500, 1000, 1500, 2000, 2100, 2200, 2300, 2400]	5.446885748000113
[10, 20, 50, 100, 200, 300, 500, 1000, 1500, 2000, 2100, 2200, 2300, 2400]	6.199232613000049
[10, 20, 50, 100, 200, 300, 500, 1000, 1500, 2000, 2100, 2200, 2300, 2400]	6.1628848919999655
-
[10, 20, 50, 100, 200, 300, 500, 1000, 1500, 2000, 2100, 2200, 2300, 2400]	5.806704811999907
[10, 20, 50, 100, 200, 300, 500, 1000, 1500, 2000, 2100, 2200, 2300, 2400]	6.349784838000005
[10, 20, 50, 100, 200, 300, 500, 1000, 1500, 2000, 2100, 2200, 2300, 2400]	6.639004772999897
[10, 20, 50, 100, 200, 300, 500, 1000, 1500, 2000, 2100, 2200, 2300, 2400]	6.091362581999874
[10, 20, 50, 100, 200, 300, 500, 1000, 1500, 2000, 2100, 2200, 2300, 2400]	6.025922982000111
[10, 20, 50, 100, 200, 300, 500, 1000, 1500, 2000, 2100, 2200, 2300, 2400]	7.001874108000038
[10, 20, 50, 100, 200, 300, 500, 1000, 1500, 2000, 2100, 2200, 2300, 2400]	6.853308324999944
[10, 20, 50, 100, 200, 300, 500, 1000, 1500, 2000, 2100, 2200, 2300, 2400]	6.793731922999996
[10, 20, 50, 100, 200, 300, 500, 1000, 1500, 2000, 2100, 2200, 2300, 2400]	6.378593080999963
[10, 20, 50, 100, 200, 300, 500, 1000, 1500, 2000, 2100, 2200, 2300, 2400]	6.00331267699994
[10, 20, 50, 100, 200, 300, 500, 1000, 1500, 2000, 2100, 2200, 2300, 2400]	6.652514220999819
[10, 20, 50, 100, 200, 300, 500, 1000, 1500, 2000, 2100, 2200, 2300, 2400]	6.476310889999922
[10, 20, 50, 100, 200, 300, 500, 1000, 1500, 2000, 2100, 2200, 2300, 2400]	5.895224597999913
[10, 20, 50, 100, 200, 300, 500, 1000, 1500, 2000, 2100, 2200, 2300, 2400]	5.793833704000008
[10, 20, 50, 100, 200, 300, 500, 1000, 1500, 2000, 2100, 2200, 2300, 2400]	6.989709332000075
[10, 20, 50, 100, 200, 300, 500, 1000, 1500, 2000, 2100, 2200, 2300, 2400]	6.489587903000029
[10, 20, 50, 100, 200, 300, 500, 1000, 1500, 2000, 2100, 2200, 2300, 2400]	6.317824212000005
[10, 20, 50, 100, 200, 300, 500, 1000, 1500, 2000, 2100, 2200, 2300, 2400]	6.6982143609998275
[10, 20, 50, 100, 200, 300, 500, 1000, 1500, 2000, 2100, 2200, 2300, 2400]	6.032371756999964
[10, 20, 50, 100, 200, 300, 500, 1000, 1500, 2000, 2100, 2200, 2300, 2400]	6.416969929000061
[10, 20, 50, 100, 200, 300, 500, 1000, 1500, 2000, 2100, 2200, 2300, 2400]	5.878664919999892
[10, 20, 50, 100, 200, 300, 500, 1000, 1500, 2000, 2100, 2200, 2300, 2400]	7.207465297999988
[10, 20, 50, 100, 200, 300, 500, 1000, 1500, 2000, 2100, 2200, 2300, 2400]	6.401157142999864
[10, 20, 50, 100, 200, 300, 500, 1000, 1500, 2000, 2100, 2200, 2300, 2400]	6.327929027999971
[10, 20, 50, 100, 200, 300, 500, 1000, 1500, 2000, 2100, 2200, 2300, 2400]	5.836868576999905
[10, 20, 50, 100, 200, 300, 500, 1000, 1500, 2000, 2100, 2200, 2300, 2400]	6.482552672000111
[10, 20, 50, 100, 200, 300, 500, 1000, 1500, 2000, 2100, 2200, 2300, 2400]	6.150692251999999
[10, 20, 50, 100, 200, 300, 500, 1000, 1500, 2000, 2100, 2200, 2300, 2400]	5.964875640000173
[10, 20, 50, 100, 200, 300, 500, 1000, 1500, 2000, 2100, 2200, 2300, 2400]	6.593894256999647
[10, 20, 50, 100, 200, 300, 500, 1000, 1500, 2000, 2100, 2200, 2300, 2400]	6.448455986000226
[10, 20, 50, 100, 200, 300, 500, 1000, 1500, 2000, 2100, 2200, 2300, 2400]	6.019690238999829
[10, 20, 50, 100, 200, 300, 500, 1000, 1500, 2000, 2100, 2200, 2300, 2400]	6.054456571999708
[10, 20, 50, 100, 200, 300, 500, 1000, 1500, 2000, 2100, 2200, 2300, 2400]	6.120656904000043
[10, 20, 50, 100, 200, 300, 500, 1000, 1500, 2000, 2100, 2200, 2300, 2400]	6.568139039000016
[10, 20, 50, 100, 200, 300, 500, 1000, 1500, 2000, 2100, 2200, 2300, 2400]	5.948055854999893
[10, 20, 50, 100, 200, 300, 500, 1000, 1500, 2000, 2100, 2200, 2300, 2400]	6.0307758819999435
[10, 20, 50, 100, 200, 300, 500, 1000, 1500, 2000, 2100, 2200, 2300, 2400]	6.789932531999966
[10, 20, 50, 100, 200, 300, 500, 1000, 1500, 2000, 2100, 2200, 2300, 2400]	6.028749139999945
[10, 20, 50, 100, 200, 300, 500, 1000, 1500, 2000, 2100, 2200, 2300, 2400]	6.4648353890002
[10, 20, 50, 100, 200, 300, 500, 1000, 1500, 2000, 2100, 2200, 2300, 2400]	6.522803029999977
[10, 20, 50, 100, 200, 300, 500, 1000, 1500, 2000, 2100, 2200, 2300, 2400]	5.912400267000066
[10, 20, 50, 100, 200, 300, 500, 1000, 1500, 2000, 2100, 2200, 2300, 2400]	6.590163128999848
[10, 20, 50, 100, 200, 300, 500, 1000, 1500, 2000, 2100, 2200, 2300, 2400]	5.856266394999693
[10, 20, 50, 100, 200, 300, 500, 1000, 1500, 2000, 2100, 2200, 2300, 2400]	6.03469676099985
[10, 20, 50, 100, 200, 300, 500, 1000, 1500, 2000, 2100, 2200, 2300, 2400]	6.190409699000156
[10, 20, 50, 100, 200, 300, 500, 1000, 1500, 2000, 2100, 2200, 2300, 2400]	6.323761410000316
[10, 20, 50, 100, 200, 300, 500, 1000, 1500, 2000, 2100, 2200, 2300, 2400]	6.695223436000106
[10, 20, 50, 100, 200, 300, 500, 1000, 1500, 2000, 2100, 2200, 2300, 2400]	6.477411527000186
[10, 20, 50, 100, 200, 300, 500, 1000, 1500, 2000, 2100, 2200, 2300, 2400]	6.185514387999774
[10, 20, 50, 100, 200, 300, 500, 1000, 1500, 2000, 2100, 2200, 2300, 2400]	6.2986545610001485
-
[10, 20, 50, 100, 200, 300, 500, 1000, 1500, 2000, 2100, 2200, 2300, 2400]	6.715131316999759
[10, 20, 50, 100, 200, 300, 500, 1000, 1500, 2000, 2100, 2200, 2300, 2400]	7.254028685999856
[10, 20, 50, 100, 200, 300, 500, 1000, 1500, 2000, 2100, 2200, 2300, 2400]	7.060964142000103
[10, 20, 50, 100, 200, 300, 500, 1000, 1500, 2000, 2100, 2200, 2300, 2400]	6.466561383000226
[10, 20, 50, 100, 200, 300, 500, 1000, 1500, 2000, 2100, 2200, 2300, 2400]	6.557442427999831
[10, 20, 50, 100, 200, 300, 500, 1000, 1500, 2000, 2100, 2200, 2300, 2400]	6.476030550999894
[10, 20, 50, 100, 200, 300, 500, 1000, 1500, 2000, 2100, 2200, 2300, 2400]	7.136435826000252
[10, 20, 50, 100, 200, 300, 500, 1000, 1500, 2000, 2100, 2200, 2300, 2400]	6.507560371999716
[10, 20, 50, 100, 200, 300, 500, 1000, 1500, 2000, 2100, 2200, 2300, 2400]	7.743815629999972
[10, 20, 50, 100, 200, 300, 500, 1000, 1500, 2000, 2100, 2200, 2300, 2400]	7.301435910000237
[10, 20, 50, 100, 200, 300, 500, 1000, 1500, 2000, 2100, 2200, 2300, 2400]	7.153276866999931
[10, 20, 50, 100, 200, 300, 500, 1000, 1500, 2000, 2100, 2200, 2300, 2400]	6.794396242999937
[10, 20, 50, 100, 200, 300, 500, 1000, 1500, 2000, 2100, 2200, 2300, 2400]	7.068147924999721
[10, 20, 50, 100, 200, 300, 500, 1000, 1500, 2000, 2100, 2200, 2300, 2400]	6.762066292999862
[10, 20, 50, 100, 200, 300, 500, 1000, 1500, 2000, 2100, 2200, 2300, 2400]	6.638434452000183
[10, 20, 50, 100, 200, 300, 500, 1000, 1500, 2000, 2100, 2200, 2300, 2400]	6.740306602999681
[10, 20, 50, 100, 200, 300, 500, 1000, 1500, 2000, 2100, 2200, 2300, 2400]	7.545205451000129
[10, 20, 50, 100, 200, 300, 500, 1000, 1500, 2000, 2100, 2200, 2300, 2400]	7.813535346000208
[10, 20, 50, 100, 200, 300, 500, 1000, 1500, 2000, 2100, 2200, 2300, 2400]	6.37404091999997
[10, 20, 50, 100, 200, 300, 500, 1000, 1500, 2000, 2100, 2200, 2300, 2400]	7.411342495000099
[10, 20, 50, 100, 200, 300, 500, 1000, 1500, 2000, 2100, 2200, 2300, 2400]	7.820259370000258
[10, 20, 50, 100, 200, 300, 500, 1000, 1500, 2000, 2100, 2200, 2300, 2400]	8.798717332000251
[10, 20, 50, 100, 200, 300, 500, 1000, 1500, 2000, 2100, 2200, 2300, 2400]	7.814551539999684
[10, 20, 50, 100, 200, 300, 500, 1000, 1500, 2000, 2100, 2200, 2300, 2400]	6.766978451999876
[10, 20, 50, 100, 200, 300, 500, 1000, 1500, 2000, 2100, 2200, 2300, 2400]	7.237984548999975
[10, 20, 50, 100, 200, 300, 500, 1000, 1500, 2000, 2100, 2200, 2300, 2400]	7.221801339999729
[10, 20, 50, 100, 200, 300, 500, 1000, 1500, 2000, 2100, 2200, 2300, 2400]	9.986817145999794
[10, 20, 50, 100, 200, 300, 500, 1000, 1500, 2000, 2100, 2200, 2300, 2400]	6.681364453000242
[10, 20, 50, 100, 200, 300, 500, 1000, 1500, 2000, 2100, 2200, 2300, 2400]	6.828758757999822
[10, 20, 50, 100, 200, 300, 500, 1000, 1500, 2000, 2100, 2200, 2300, 2400]	6.429707813000277
[10, 20, 50, 100, 200, 300, 500, 1000, 1500, 2000, 2100, 2200, 2300, 2400]	7.841921809999803
[10, 20, 50, 100, 200, 300, 500, 1000, 1500, 2000, 2100, 2200, 2300, 2400]	7.890752316000089
[10, 20, 50, 100, 200, 300, 500, 1000, 1500, 2000, 2100, 2200, 2300, 2400]	7.695582943999852
[10, 20, 50, 100, 200, 300, 500, 1000, 1500, 2000, 2100, 2200, 2300, 2400]	6.567486109000129
[10, 20, 50, 100, 200, 300, 500, 1000, 1500, 2000, 2100, 2200, 2300, 2400]	6.793020566999985
[10, 20, 50, 100, 200, 300, 500, 1000, 1500, 2000, 2100, 2200, 2300, 2400]	7.037975124999775
[10, 20, 50, 100, 200, 300, 500, 1000, 1500, 2000, 2100, 2200, 2300, 2400]	7.8158448429999225
[10, 20, 50, 100, 200, 300, 500, 1000, 1500, 2000, 2100, 2200, 2300, 2400]	6.706001450000258
[10, 20, 50, 100, 200, 300, 500, 1000, 1500, 2000, 2100, 2200, 2300, 2400]	6.756110053000157
[10, 20, 50, 100, 200, 300, 500, 1000, 1500, 2000, 2100, 2200, 2300, 2400]	7.198783272000128
[10, 20, 50, 100, 200, 300, 500, 1000, 1500, 2000, 2100, 2200, 2300, 2400]	6.578749911000159
[10, 20, 50, 100, 200, 300, 500, 1000, 1500, 2000, 2100, 2200, 2300, 2400]	6.608125296999788
[10, 20, 50, 100, 200, 300, 500, 1000, 1500, 2000, 2100, 2200, 2300, 2400]	7.205789217000074
[10, 20, 50, 100, 200, 300, 500, 1000, 1500, 2000, 2100, 2200, 2300, 2400]	6.658952333999878
[10, 20, 50, 100, 200, 300, 500, 1000, 1500, 2000, 2100, 2200, 2300, 2400]	7.7384364629997435
[10, 20, 50, 100, 200, 300, 500, 1000, 1500, 2000, 2100, 2200, 2300, 2400]	7.146509838999918
[10, 20, 50, 100, 200, 300, 500, 1000, 1500, 2000, 2100, 2200, 2300, 2400]	7.674262820999957
[10, 20, 50, 100, 200, 300, 500, 1000, 1500, 2000, 2100, 2200, 2300, 2400]	7.157215711999925
[10, 20, 50, 100, 200, 300, 500, 1000, 1500, 2000, 2100, 2200, 2300, 2400]	6.533689541000058
[10, 20, 50, 100, 200, 300, 500, 1000, 1500, 2000, 2100, 2200, 2300, 2400]	6.7557411309999225
-
