[10, 20, 50, 100, 200, 300, 500, 1000, 1500, 2000, 2100, 2200, 2300, 2400]	0.00393607199999968
[10, 20, 50, 100, 200, 300, 500, 1000, 1500, 2000, 2100, 2200, 2300, 2400]	0.0029192289999997456
[10, 20, 50, 100, 200, 300, 500, 1000, 1500, 2000, 2100, 2200, 2300, 2400]	0.0029787080000001076
[10, 20, 50, 100, 200, 300, 500, 1000, 1500, 2000, 2100, 2200, 2300, 2400]	0.003223402000000153
[10, 20, 50, 100, 200, 300, 500, 1000, 1500, 2000, 2100, 2200, 2300, 2400]	0.0030112619999997925
[10, 20, 50, 100, 200, 300, 500, 1000, 1500, 2000, 2100, 2200, 2300, 2400]	0.00311975199999992
[10, 20, 50, 100, 200, 300, 500, 1000, 1500, 2000, 2100, 2200, 2300, 2400]	0.002955951999999762
[10, 20, 50, 100, 200, 300, 500, 1000, 1500, 2000, 2100, 2200, 2300, 2400]	0.003231541999999976
[10, 20, 50, 100, 200, 300, 500, 1000, 1500, 2000, 2100, 2200, 2300, 2400]	0.0030629649999998065
[10, 20, 50, 100, 200, 300, 500, 1000, 1500, 2000, 2100, 2200, 2300, 2400]	0.0035529350000000903
[10, 20, 50, 100, 200, 300, 500, 1000, 1500, 2000, 2100, 2200, 2300, 2400]	0.0029352369999999794
[10, 20, 50, 100, 200, 300, 500, 1000, 1500, 2000, 2100, 2200, 2300, 2400]	0.0030516670000002577
[10, 20, 50, 100, 200, 300, 500, 1000, 1500, 2000, 2100, 2200, 2300, 2400]	0.003069544000000146
[10, 20, 50, 100, 200, 300, 500, 1000, 1500, 2000, 2100, 2200, 2300, 2400]	0.0035486410000000745
[10, 20, 50, 100, 200, 300, 500, 1000, 1500, 2000, 2100, 2200, 2300, 2400]	0.003371578999999958
[10, 20, 50, 100, 200, 300, 500, 1000, 1500, 2000, 2100, 2200, 2300, 2400]	0.0029499920000000124
[10, 20, 50, 100, 200, 300, 500, 1000, 1500, 2000, 2100, 2200, 2300, 2400]	0.003583163000000056
[10, 20, 50, 100, 200, 300, 500, 1000, 1500, 2000, 2100, 2200, 2300, 2400]	0.0032286309999998153
[10, 20, 50, 100, 200, 300, 500, 1000, 1500, 2000, 2100, 2200, 2300, 2400]	0.0033198599999999523
[10, 20, 50, 100, 200, 300, 500, 1000, 1500, 2000, 2100, 2200, 2300, 2400]	0.0029370029999999936
[10, 20, 50, 100, 200, 300, 500, 1000, 1500, 2000, 2100, 2200, 2300, 2400]	0.0035466209999999165
[10, 20, 50, 100, 200, 300, 500, 1000, 1500, 2000, 2100, 2200, 2300, 2400]	0.0035750380000001414
[10, 20, 50, 100, 200, 300, 500, 1000, 1500, 2000, 2100, 2200, 2300, 2400]	0.0035813330000000754
[10, 20, 50, 100, 200, 300, 500, 1000, 1500, 2000, 2100, 2200, 2300, 2400]	0.002941877000000037
[10, 20, 50, 100, 200, 300, 500, 1000, 1500, 2000, 2100, 2200, 2300, 2400]	0.003557027000000268
[10, 20, 50, 100, 200, 300, 500, 1000, 1500, 2000, 2100, 2200, 2300, 2400]	0.0029376629999999793
[10, 20, 50, 100, 200, 300, 500, 1000, 1500, 2000, 2100, 2200, 2300, 2400]	0.0031458139999998025
[10, 20, 50, 100, 200, 300, 500, 1000, 1500, 2000, 2100, 2200, 2300, 2400]	0.0035823090000000057
[10, 20, 50, 100, 200, 300, 500, 1000, 1500, 2000, 2100, 2200, 2300, 2400]	0.0035762290000000974
[10, 20, 50, 100, 200, 300, 500, 1000, 1500, 2000, 2100, 2200, 2300, 2400]	0.003575067999999959
-
[10, 20, 50, 100, 200, 300, 500, 1000, 1500, 2000, 2100, 2200, 2300, 2400]	0.006024887000000145
[10, 20, 50, 100, 200, 300, 500, 1000, 1500, 2000, 2100, 2200, 2300, 2400]	0.006064711000000056
[10, 20, 50, 100, 200, 300, 500, 1000, 1500, 2000, 2100, 2200, 2300, 2400]	0.006697684000000148
[10, 20, 50, 100, 200, 300, 500, 1000, 1500, 2000, 2100, 2200, 2300, 2400]	0.0064253599999997135
[10, 20, 50, 100, 200, 300, 500, 1000, 1500, 2000, 2100, 2200, 2300, 2400]	0.006785263000000263
[10, 20, 50, 100, 200, 300, 500, 1000, 1500, 2000, 2100, 2200, 2300, 2400]	0.0065355499999997235
[10, 20, 50, 100, 200, 300, 500, 1000, 1500, 2000, 2100, 2200, 2300, 2400]	0.006205367999999822
[10, 20, 50, 100, 200, 300, 500, 1000, 1500, 2000, 2100, 2200, 2300, 2400]	0.006195461999999985
[10, 20, 50, 100, 200, 300, 500, 1000, 1500, 2000, 2100, 2200, 2300, 2400]	0.006297275000000546
[10, 20, 50, 100, 200, 300, 500, 1000, 1500, 2000, 2100, 2200, 2300, 2400]	0.005020397999999204
[10, 20, 50, 100, 200, 300, 500, 1000, 1500, 2000, 2100, 2200, 2300, 2400]	0.007087936000000461
[10, 20, 50, 100, 200, 300, 500, 1000, 1500, 2000, 2100, 2200, 2300, 2400]	0.006255604000000581
[10, 20, 50, 100, 200, 300, 500, 1000, 1500, 2000, 2100, 2200, 2300, 2400]	0.006816777999999246
[10, 20, 50, 100, 200, 300, 500, 1000, 1500, 2000, 2100, 2200, 2300, 2400]	0.007067214000000099
[10, 20, 50, 100, 200, 300, 500, 1000, 1500, 2000, 2100, 2200, 2300, 2400]	0.006102423999999829
[10, 20, 50, 100, 200, 300, 500, 1000, 1500, 2000, 2100, 2200, 2300, 2400]	0.007104885000000394
[10, 20, 50, 100, 200, 300, 500, 1000, 1500, 2000, 2100, 2200, 2300, 2400]	0.006364913999999722
[10, 20, 50, 100, 200, 300, 500, 1000, 1500, 2000, 2100, 2200, 2300, 2400]	0.006580154000000782
[10, 20, 50, 100, 200, 300, 500, 1000, 1500, 2000, 2100, 2200, 2300, 2400]	0.006369807000000449
[10, 20, 50, 100, 200, 300, 500, 1000, 1500, 2000, 2100, 2200, 2300, 2400]	0.0063502399999997294
[10, 20, 50, 100, 200, 300, 500, 1000, 1500, 2000, 2100, 2200, 2300, 2400]	0.006023210999999584
[10, 20, 50, 100, 200, 300, 500, 1000, 1500, 2000, 2100, 2200, 2300, 2400]	0.006393120000000252
[10, 20, 50, 100, 200, 300, 500, 1000, 1500, 2000, 2100, 2200, 2300, 2400]	0.006335271999999392
[10, 20, 50, 100, 200, 300, 500, 1000, 1500, 2000, 2100, 2200, 2300, 2400]	0.007043153999999774
[10, 20, 50, 100, 200, 300, 500, 1000, 1500, 2000, 2100, 2200, 2300, 2400]	0.0063700769999996965
[10, 20, 50, 100, 200, 300, 500, 1000, 1500, 2000, 2100, 2200, 2300, 2400]	0.0071288059999998765
[10, 20, 50, 100, 200, 300, 500, 1000, 1500, 2000, 2100, 2200, 2300, 2400]	0.006565308999999964
[10, 20, 50, 100, 200, 300, 500, 1000, 1500, 2000, 2100, 2200, 2300, 2400]	0.006067235999999809
[10, 20, 50, 100, 200, 300, 500, 1000, 1500, 2000, 2100, 2200, 2300, 2400]	0.006222178999999883
[10, 20, 50, 100, 200, 300, 500, 1000, 1500, 2000, 2100, 2200, 2300, 2400]	0.006416639000000224
-
[10, 20, 50, 100, 200, 300, 500, 1000, 1500, 2000, 2100, 2200, 2300, 2400]	0.01595843900000027
[10, 20, 50, 100, 200, 300, 500, 1000, 1500, 2000, 2100, 2200, 2300, 2400]	0.016449676999999774
[10, 20, 50, 100, 200, 300, 500, 1000, 1500, 2000, 2100, 2200, 2300, 2400]	0.016895325000000128
[10, 20, 50, 100, 200, 300, 500, 1000, 1500, 2000, 2100, 2200, 2300, 2400]	0.01620111099999999
[10, 20, 50, 100, 200, 300, 500, 1000, 1500, 2000, 2100, 2200, 2300, 2400]	0.01725278500000016
[10, 20, 50, 100, 200, 300, 500, 1000, 1500, 2000, 2100, 2200, 2300, 2400]	0.017499458000000523
[10, 20, 50, 100, 200, 300, 500, 1000, 1500, 2000, 2100, 2200, 2300, 2400]	0.0175635380000001
[10, 20, 50, 100, 200, 300, 500, 1000, 1500, 2000, 2100, 2200, 2300, 2400]	0.01535810900000012
[10, 20, 50, 100, 200, 300, 500, 1000, 1500, 2000, 2100, 2200, 2300, 2400]	0.017186613999999878
[10, 20, 50, 100, 200, 300, 500, 1000, 1500, 2000, 2100, 2200, 2300, 2400]	0.01589949499999932
[10, 20, 50, 100, 200, 300, 500, 1000, 1500, 2000, 2100, 2200, 2300, 2400]	0.017670757000000314
[10, 20, 50, 100, 200, 300, 500, 1000, 1500, 2000, 2100, 2200, 2300, 2400]	0.015771453000000157
[10, 20, 50, 100, 200, 300, 500, 1000, 1500, 2000, 2100, 2200, 2300, 2400]	0.018666377000000622
[10, 20, 50, 100, 200, 300, 500, 1000, 1500, 2000, 2100, 2200, 2300, 2400]	0.01613141799999962
[10, 20, 50, 100, 200, 300, 500, 1000, 1500, 2000, 2100, 2200, 2300, 2400]	0.015706886000000253
[10, 20, 50, 100, 200, 300, 500, 1000, 1500, 2000, 2100, 2200, 2300, 2400]	0.01741133099999992
[10, 20, 50, 100, 200, 300, 500, 1000, 1500, 2000, 2100, 2200, 2300, 2400]	0.017589329999999848
[10, 20, 50, 100, 200, 300, 500, 1000, 1500, 2000, 2100, 2200, 2300, 2400]	0.017578365000000318
[10, 20, 50, 100, 200, 300, 500, 1000, 1500, 2000, 2100, 2200, 2300, 2400]	0.015906676000000175
[10, 20, 50, 100, 200, 300, 500, 1000, 1500, 2000, 2100, 2200, 2300, 2400]	0.017736231999999852
[10, 20, 50, 100, 200, 300, 500, 1000, 1500, 2000, 2100, 2200, 2300, 2400]	0.01584001300000004
[10, 20, 50, 100, 200, 300, 500, 1000, 1500, 2000, 2100, 2200, 2300, 2400]	0.018165339999999475
[10, 20, 50, 100, 200, 300, 500, 1000, 1500, 2000, 2100, 2200, 2300, 2400]	0.015915442999999918
[10, 20, 50, 100, 200, 300, 500, 1000, 1500, 2000, 2100, 2200, 2300, 2400]	0.017483834000000087
[10, 20, 50, 100, 200, 300, 500, 1000, 1500, 2000, 2100, 2200, 2300, 2400]	0.016252521000000186
[10, 20, 50, 100, 200, 300, 500, 1000, 1500, 2000, 2100, 2200, 2300, 2400]	0.01746343699999997
[10, 20, 50, 100, 200, 300, 500, 1000, 1500, 2000, 2100, 2200, 2300, 2400]	0.016332092999999936
[10, 20, 50, 100, 200, 300, 500, 1000, 1500, 2000, 2100, 2200, 2300, 2400]	0.017598503999999515
[10, 20, 50, 100, 200, 300, 500, 1000, 1500, 2000, 2100, 2200, 2300, 2400]	0.01637349499999985
[10, 20, 50, 100, 200, 300, 500, 1000, 1500, 2000, 2100, 2200, 2300, 2400]	0.0164630739999998
-
[10, 20, 50, 100, 200, 300, 500, 1000, 1500, 2000, 2100, 2200, 2300, 2400]	0.03201201799999964
[10, 20, 50, 100, 200, 300, 500, 1000, 1500, 2000, 2100, 2200, 2300, 2400]	0.03473792400000075
[10, 20, 50, 100, 200, 300, 500, 1000, 1500, 2000, 2100, 2200, 2300, 2400]	0.032322776
[10, 20, 50, 100, 200, 300, 500, 1000, 1500, 2000, 2100, 2200, 2300, 2400]	0.03572823599999975
[10, 20, 50, 100, 200, 300, 500, 1000, 1500, 2000, 2100, 2200, 2300, 2400]	0.03360141599999977
[10, 20, 50, 100, 200, 300, 500, 1000, 1500, 2000, 2100, 2200, 2300, 2400]	0.032840936000000376
[10, 20, 50, 100, 200, 300, 500, 1000, 1500, 2000, 2100, 2200, 2300, 2400]	0.0342275790000004
[10, 20, 50, 100, 200, 300, 500, 1000, 1500, 2000, 2100, 2200, 2300, 2400]	0.03417364699999936
[10, 20, 50, 100, 200, 300, 500, 1000, 1500, 2000, 2100, 2200, 2300, 2400]	0.03226505700000004
[10, 20, 50, 100, 200, 300, 500, 1000, 1500, 2000, 2100, 2200, 2300, 2400]	0.04005704199999993
[10, 20, 50, 100, 200, 300, 500, 1000, 1500, 2000, 2100, 2200, 2300, 2400]	0.03343945900000023
[10, 20, 50, 100, 200, 300, 500, 1000, 1500, 2000, 2100, 2200, 2300, 2400]	0.0330141390000005
[10, 20, 50, 100, 200, 300, 500, 1000, 1500, 2000, 2100, 2200, 2300, 2400]	0.03675713799999958
[10, 20, 50, 100, 200, 300, 500, 1000, 1500, 2000, 2100, 2200, 2300, 2400]	0.030569143000000132
[10, 20, 50, 100, 200, 300, 500, 1000, 1500, 2000, 2100, 2200, 2300, 2400]	0.03339660900000041
[10, 20, 50, 100, 200, 300, 500, 1000, 1500, 2000, 2100, 2200, 2300, 2400]	0.0339388060000001
[10, 20, 50, 100, 200, 300, 500, 1000, 1500, 2000, 2100, 2200, 2300, 2400]	0.04031844100000015
[10, 20, 50, 100, 200, 300, 500, 1000, 1500, 2000, 2100, 2200, 2300, 2400]	0.03746284099999997
[10, 20, 50, 100, 200, 300, 500, 1000, 1500, 2000, 2100, 2200, 2300, 2400]	0.03433356699999912
[10, 20, 50, 100, 200, 300, 500, 1000, 1500, 2000, 2100, 2200, 2300, 2400]	0.033709902000000014
[10, 20, 50, 100, 200, 300, 500, 1000, 1500, 2000, 2100, 2200, 2300, 2400]	0.031848585999998846
[10, 20, 50, 100, 200, 300, 500, 1000, 1500, 2000, 2100, 2200, 2300, 2400]	0.035978056000001146
[10, 20, 50, 100, 200, 300, 500, 1000, 1500, 2000, 2100, 2200, 2300, 2400]	0.03261727800000003
[10, 20, 50, 100, 200, 300, 500, 1000, 1500, 2000, 2100, 2200, 2300, 2400]	0.037724847999999866
[10, 20, 50, 100, 200, 300, 500, 1000, 1500, 2000, 2100, 2200, 2300, 2400]	0.03519146700000064
[10, 20, 50, 100, 200, 300, 500, 1000, 1500, 2000, 2100, 2200, 2300, 2400]	0.037097893000000326
[10, 20, 50, 100, 200, 300, 500, 1000, 1500, 2000, 2100, 2200, 2300, 2400]	0.03318971999999931
[10, 20, 50, 100, 200, 300, 500, 1000, 1500, 2000, 2100, 2200, 2300, 2400]	0.03737960499999993
[10, 20, 50, 100, 200, 300, 500, 1000, 1500, 2000, 2100, 2200, 2300, 2400]	0.03715326799999907
[10, 20, 50, 100, 200, 300, 500, 1000, 1500, 2000, 2100, 2200, 2300, 2400]	0.03832527299999988
-
[10, 20, 50, 100, 200, 300, 500, 1000, 1500, 2000, 2100, 2200, 2300, 2400]	0.07468763500000009
[10, 20, 50, 100, 200, 300, 500, 1000, 1500, 2000, 2100, 2200, 2300, 2400]	0.07224975299999947
[10, 20, 50, 100, 200, 300, 500, 1000, 1500, 2000, 2100, 2200, 2300, 2400]	0.06972551399999993
[10, 20, 50, 100, 200, 300, 500, 1000, 1500, 2000, 2100, 2200, 2300, 2400]	0.06850395800000086
[10, 20, 50, 100, 200, 300, 500, 1000, 1500, 2000, 2100, 2200, 2300, 2400]	0.07644578799999913
[10, 20, 50, 100, 200, 300, 500, 1000, 1500, 2000, 2100, 2200, 2300, 2400]	0.07180667899999982
[10, 20, 50, 100, 200, 300, 500, 1000, 1500, 2000, 2100, 2200, 2300, 2400]	0.06950839900000005
[10, 20, 50, 100, 200, 300, 500, 1000, 1500, 2000, 2100, 2200, 2300, 2400]	0.07285211800000013
[10, 20, 50, 100, 200, 300, 500, 1000, 1500, 2000, 2100, 2200, 2300, 2400]	0.07248045100000056
[10, 20, 50, 100, 200, 300, 500, 1000, 1500, 2000, 2100, 2200, 2300, 2400]	0.07128427700000017
[10, 20, 50, 100, 200, 300, 500, 1000, 1500, 2000, 2100, 2200, 2300, 2400]	0.07129753999999977
[10, 20, 50, 100, 200, 300, 500, 1000, 1500, 2000, 2100, 2200, 2300, 2400]	0.07135287400000045
[10, 20, 50, 100, 200, 300, 500, 1000, 1500, 2000, 2100, 2200, 2300, 2400]	0.08014497100000106
[10, 20, 50, 100, 200, 300, 500, 1000, 1500, 2000, 2100, 2200, 2300, 2400]	0.07671988599999935
[10, 20, 50, 100, 200, 300, 500, 1000, 1500, 2000, 2100, 2200, 2300, 2400]	0.07378642100000121
[10, 20, 50, 100, 200, 300, 500, 1000, 1500, 2000, 2100, 2200, 2300, 2400]	0.06478799699999982
[10, 20, 50, 100, 200, 300, 500, 1000, 1500, 2000, 2100, 2200, 2300, 2400]	0.073481039999999
[10, 20, 50, 100, 200, 300, 500, 1000, 1500, 2000, 2100, 2200, 2300, 2400]	0.06517627700000084
[10, 20, 50, 100, 200, 300, 500, 1000, 1500, 2000, 2100, 2200, 2300, 2400]	0.06717962300000124
[10, 20, 50, 100, 200, 300, 500, 1000, 1500, 2000, 2100, 2200, 2300, 2400]	0.07764922500000004
[10, 20, 50, 100, 200, 300, 500, 1000, 1500, 2000, 2100, 2200, 2300, 2400]	0.07598029900000114
[10, 20, 50, 100, 200, 300, 500, 1000, 1500, 2000, 2100, 2200, 2300, 2400]	0.07665740100000029
[10, 20, 50, 100, 200, 300, 500, 1000, 1500, 2000, 2100, 2200, 2300, 2400]	0.06377125700000086
[10, 20, 50, 100, 200, 300, 500, 1000, 1500, 2000, 2100, 2200, 2300, 2400]	0.07884644899999849
[10, 20, 50, 100, 200, 300, 500, 1000, 1500, 2000, 2100, 2200, 2300, 2400]	0.07588111399999953
[10, 20, 50, 100, 200, 300, 500, 1000, 1500, 2000, 2100, 2200, 2300, 2400]	0.07820345500000059
[10, 20, 50, 100, 200, 300, 500, 1000, 1500, 2000, 2100, 2200, 2300, 2400]	0.06536355099999902
[10, 20, 50, 100, 200, 300, 500, 1000, 1500, 2000, 2100, 2200, 2300, 2400]	0.07127574599999953
[10, 20, 50, 100, 200, 300, 500, 1000, 1500, 2000, 2100, 2200, 2300, 2400]	0.07326968700000158
[10, 20, 50, 100, 200, 300, 500, 1000, 1500, 2000, 2100, 2200, 2300, 2400]	0.07150558999999745
-
[10, 20, 50, 100, 200, 300, 500, 1000, 1500, 2000, 2100, 2200, 2300, 2400]	0.10231806899999896
[10, 20, 50, 100, 200, 300, 500, 1000, 1500, 2000, 2100, 2200, 2300, 2400]	0.11898907900000211
[10, 20, 50, 100, 200, 300, 500, 1000, 1500, 2000, 2100, 2200, 2300, 2400]	0.10775666900000047
[10, 20, 50, 100, 200, 300, 500, 1000, 1500, 2000, 2100, 2200, 2300, 2400]	0.11270264599999891
[10, 20, 50, 100, 200, 300, 500, 1000, 1500, 2000, 2100, 2200, 2300, 2400]	0.11606782300000162
[10, 20, 50, 100, 200, 300, 500, 1000, 1500, 2000, 2100, 2200, 2300, 2400]	0.09827904600000181
[10, 20, 50, 100, 200, 300, 500, 1000, 1500, 2000, 2100, 2200, 2300, 2400]	0.11261239400000278
[10, 20, 50, 100, 200, 300, 500, 1000, 1500, 2000, 2100, 2200, 2300, 2400]	0.10935412999999983
[10, 20, 50, 100, 200, 300, 500, 1000, 1500, 2000, 2100, 2200, 2300, 2400]	0.11847537499999916
[10, 20, 50, 100, 200, 300, 500, 1000, 1500, 2000, 2100, 2200, 2300, 2400]	0.12678303799999924
[10, 20, 50, 100, 200, 300, 500, 1000, 1500, 2000, 2100, 2200, 2300, 2400]	0.11100556299999909
[10, 20, 50, 100, 200, 300, 500, 1000, 1500, 2000, 2100, 2200, 2300, 2400]	0.11525217699999857
[10, 20, 50, 100, 200, 300, 500, 1000, 1500, 2000, 2100, 2200, 2300, 2400]	0.10820359799999935
[10, 20, 50, 100, 200, 300, 500, 1000, 1500, 2000, 2100, 2200, 2300, 2400]	0.10457818700000132
[10, 20, 50, 100, 200, 300, 500, 1000, 1500, 2000, 2100, 2200, 2300, 2400]	0.1079628889999995
[10, 20, 50, 100, 200, 300, 500, 1000, 1500, 2000, 2100, 2200, 2300, 2400]	0.1163271700000017
[10, 20, 50, 100, 200, 300, 500, 1000, 1500, 2000, 2100, 2200, 2300, 2400]	0.12360607600000151
[10, 20, 50, 100, 200, 300, 500, 1000, 1500, 2000, 2100, 2200, 2300, 2400]	0.099492141999999
[10, 20, 50, 100, 200, 300, 500, 1000, 1500, 2000, 2100, 2200, 2300, 2400]	0.11237550699999943
[10, 20, 50, 100, 200, 300, 500, 1000, 1500, 2000, 2100, 2200, 2300, 2400]	0.10720560900000109
[10, 20, 50, 100, 200, 300, 500, 1000, 1500, 2000, 2100, 2200, 2300, 2400]	0.12189540199999982
[10, 20, 50, 100, 200, 300, 500, 1000, 1500, 2000, 2100, 2200, 2300, 2400]	0.10776394800000233
[10, 20, 50, 100, 200, 300, 500, 1000, 1500, 2000, 2100, 2200, 2300, 2400]	0.0947227539999993
[10, 20, 50, 100, 200, 300, 500, 1000, 1500, 2000, 2100, 2200, 2300, 2400]	0.10773372599999931
[10, 20, 50, 100, 200, 300, 500, 1000, 1500, 2000, 2100, 2200, 2300, 2400]	0.10776954199999977
[10, 20, 50, 100, 200, 300, 500, 1000, 1500, 2000, 2100, 2200, 2300, 2400]	0.11345728699999924
[10, 20, 50, 100, 200, 300, 500, 1000, 1500, 2000, 2100, 2200, 2300, 2400]	0.10504179299999805
[10, 20, 50, 100, 200, 300, 500, 1000, 1500, 2000, 2100, 2200, 2300, 2400]	0.11337514899999945
[10, 20, 50, 100, 200, 300, 500, 1000, 1500, 2000, 2100, 2200, 2300, 2400]	0.10909097000000045
[10, 20, 50, 100, 200, 300, 500, 1000, 1500, 2000, 2100, 2200, 2300, 2400]	0.11192567399999831
-
[10, 20, 50, 100, 200, 300, 500, 1000, 1500, 2000, 2100, 2200, 2300, 2400]	0.20447694599999977
[10, 20, 50, 100, 200, 300, 500, 1000, 1500, 2000, 2100, 2200, 2300, 2400]	0.17635849199999853
[10, 20, 50, 100, 200, 300, 500, 1000, 1500, 2000, 2100, 2200, 2300, 2400]	0.1798598800000022
[10, 20, 50, 100, 200, 300, 500, 1000, 1500, 2000, 2100, 2200, 2300, 2400]	0.19590512800000326
[10, 20, 50, 100, 200, 300, 500, 1000, 1500, 2000, 2100, 2200, 2300, 2400]	0.20559675400000188
[10, 20, 50, 100, 200, 300, 500, 1000, 1500, 2000, 2100, 2200, 2300, 2400]	0.20743826300000023
[10, 20, 50, 100, 200, 300, 500, 1000, 1500, 2000, 2100, 2200, 2300, 2400]	0.20859645499999857
[10, 20, 50, 100, 200, 300, 500, 1000, 1500, 2000, 2100, 2200, 2300, 2400]	0.20568209199999643
[10, 20, 50, 100, 200, 300, 500, 1000, 1500, 2000, 2100, 2200, 2300, 2400]	0.22089058499999936
[10, 20, 50, 100, 200, 300, 500, 1000, 1500, 2000, 2100, 2200, 2300, 2400]	0.1973253700000015
[10, 20, 50, 100, 200, 300, 500, 1000, 1500, 2000, 2100, 2200, 2300, 2400]	0.20718330599999746
[10, 20, 50, 100, 200, 300, 500, 1000, 1500, 2000, 2100, 2200, 2300, 2400]	0.20228450599999803
[10, 20, 50, 100, 200, 300, 500, 1000, 1500, 2000, 2100, 2200, 2300, 2400]	0.22330693100000332
[10, 20, 50, 100, 200, 300, 500, 1000, 1500, 2000, 2100, 2200, 2300, 2400]	0.22650737700000434
[10, 20, 50, 100, 200, 300, 500, 1000, 1500, 2000, 2100, 2200, 2300, 2400]	0.19730710200000345
[10, 20, 50, 100, 200, 300, 500, 1000, 1500, 2000, 2100, 2200, 2300, 2400]	0.20700283000000042
[10, 20, 50, 100, 200, 300, 500, 1000, 1500, 2000, 2100, 2200, 2300, 2400]	0.23147530399999994
[10, 20, 50, 100, 200, 300, 500, 1000, 1500, 2000, 2100, 2200, 2300, 2400]	0.21740645299999528
[10, 20, 50, 100, 200, 300, 500, 1000, 1500, 2000, 2100, 2200, 2300, 2400]	0.20625019299999536
[10, 20, 50, 100, 200, 300, 500, 1000, 1500, 2000, 2100, 2200, 2300, 2400]	0.19970099599999713
[10, 20, 50, 100, 200, 300, 500, 1000, 1500, 2000, 2100, 2200, 2300, 2400]	0.2036096499999971
[10, 20, 50, 100, 200, 300, 500, 1000, 1500, 2000, 2100, 2200, 2300, 2400]	0.2274517540000005
[10, 20, 50, 100, 200, 300, 500, 1000, 1500, 2000, 2100, 2200, 2300, 2400]	0.20589822400000202
[10, 20, 50, 100, 200, 300, 500, 1000, 1500, 2000, 2100, 2200, 2300, 2400]	0.19964926699999808
[10, 20, 50, 100, 200, 300, 500, 1000, 1500, 2000, 2100, 2200, 2300, 2400]	0.18019807000000299
[10, 20, 50, 100, 200, 300, 500, 1000, 1500, 2000, 2100, 2200, 2300, 2400]	0.1956047380000001
[10, 20, 50, 100, 200, 300, 500, 1000, 1500, 2000, 2100, 2200, 2300, 2400]	0.20826841400000262
[10, 20, 50, 100, 200, 300, 500, 1000, 1500, 2000, 2100, 2200, 2300, 2400]	0.1765125160000025
[10, 20, 50, 100, 200, 300, 500, 1000, 1500, 2000, 2100, 2200, 2300, 2400]	0.1745584479999991
[10, 20, 50, 100, 200, 300, 500, 1000, 1500, 2000, 2100, 2200, 2300, 2400]	0.20208596799999867
-
[10, 20, 50, 100, 200, 300, 500, 1000, 1500, 2000, 2100, 2200, 2300, 2400]	0.4262507329999963
[10, 20, 50, 100, 200, 300, 500, 1000, 1500, 2000, 2100, 2200, 2300, 2400]	0.5940165430000022
[10, 20, 50, 100, 200, 300, 500, 1000, 1500, 2000, 2100, 2200, 2300, 2400]	0.5677277170000039
[10, 20, 50, 100, 200, 300, 500, 1000, 1500, 2000, 2100, 2200, 2300, 2400]	0.6299826260000003
[10, 20, 50, 100, 200, 300, 500, 1000, 1500, 2000, 2100, 2200, 2300, 2400]	0.6022690979999936
[10, 20, 50, 100, 200, 300, 500, 1000, 1500, 2000, 2100, 2200, 2300, 2400]	0.47458283499999965
[10, 20, 50, 100, 200, 300, 500, 1000, 1500, 2000, 2100, 2200, 2300, 2400]	0.5059136819999992
[10, 20, 50, 100, 200, 300, 500, 1000, 1500, 2000, 2100, 2200, 2300, 2400]	0.44514111300000536
[10, 20, 50, 100, 200, 300, 500, 1000, 1500, 2000, 2100, 2200, 2300, 2400]	0.5065771870000049
[10, 20, 50, 100, 200, 300, 500, 1000, 1500, 2000, 2100, 2200, 2300, 2400]	0.5844100319999939
[10, 20, 50, 100, 200, 300, 500, 1000, 1500, 2000, 2100, 2200, 2300, 2400]	0.5345978410000072
[10, 20, 50, 100, 200, 300, 500, 1000, 1500, 2000, 2100, 2200, 2300, 2400]	0.5218256889999964
[10, 20, 50, 100, 200, 300, 500, 1000, 1500, 2000, 2100, 2200, 2300, 2400]	0.4493201570000025
[10, 20, 50, 100, 200, 300, 500, 1000, 1500, 2000, 2100, 2200, 2300, 2400]	0.5870559850000063
[10, 20, 50, 100, 200, 300, 500, 1000, 1500, 2000, 2100, 2200, 2300, 2400]	0.6295084629999934
[10, 20, 50, 100, 200, 300, 500, 1000, 1500, 2000, 2100, 2200, 2300, 2400]	0.533624875000001
[10, 20, 50, 100, 200, 300, 500, 1000, 1500, 2000, 2100, 2200, 2300, 2400]	0.6600779350000039
[10, 20, 50, 100, 200, 300, 500, 1000, 1500, 2000, 2100, 2200, 2300, 2400]	0.5797996849999976
[10, 20, 50, 100, 200, 300, 500, 1000, 1500, 2000, 2100, 2200, 2300, 2400]	0.6860210480000006
[10, 20, 50, 100, 200, 300, 500, 1000, 1500, 2000, 2100, 2200, 2300, 2400]	0.7225190529999992
[10, 20, 50, 100, 200, 300, 500, 1000, 1500, 2000, 2100, 2200, 2300, 2400]	0.5860812840000023
[10, 20, 50, 100, 200, 300, 500, 1000, 1500, 2000, 2100, 2200, 2300, 2400]	0.5323816350000072
[10, 20, 50, 100, 200, 300, 500, 1000, 1500, 2000, 2100, 2200, 2300, 2400]	0.5171644800000053
[10, 20, 50, 100, 200, 300, 500, 1000, 1500, 2000, 2100, 2200, 2300, 2400]	0.6299774650000103
[10, 20, 50, 100, 200, 300, 500, 1000, 1500, 2000, 2100, 2200, 2300, 2400]	0.4855107989999965
[10, 20, 50, 100, 200, 300, 500, 1000, 1500, 2000, 2100, 2200, 2300, 2400]	0.46758525200000634
[10, 20, 50, 100, 200, 300, 500, 1000, 1500, 2000, 2100, 2200, 2300, 2400]	0.5477446900000018
[10, 20, 50, 100, 200, 300, 500, 1000, 1500, 2000, 2100, 2200, 2300, 2400]	0.5052977269999985
[10, 20, 50, 100, 200, 300, 500, 1000, 1500, 2000, 2100, 2200, 2300, 2400]	0.5723204760000016
[10, 20, 50, 100, 200, 300, 500, 1000, 1500, 2000, 2100, 2200, 2300, 2400]	0.5271004319999975
-
[10, 20, 50, 100, 200, 300, 500, 1000, 1500, 2000, 2100, 2200, 2300, 2400]	1.1792847350000102
[10, 20, 50, 100, 200, 300, 500, 1000, 1500, 2000, 2100, 2200, 2300, 2400]	1.0282988369999941
[10, 20, 50, 100, 200, 300, 500, 1000, 1500, 2000, 2100, 2200, 2300, 2400]	1.1497502850000103
[10, 20, 50, 100, 200, 300, 500, 1000, 1500, 2000, 2100, 2200, 2300, 2400]	1.313340855000007
[10, 20, 50, 100, 200, 300, 500, 1000, 1500, 2000, 2100, 2200, 2300, 2400]	0.9541064949999907
[10, 20, 50, 100, 200, 300, 500, 1000, 1500, 2000, 2100, 2200, 2300, 2400]	0.9149321710000038
[10, 20, 50, 100, 200, 300, 500, 1000, 1500, 2000, 2100, 2200, 2300, 2400]	0.8375361619999921
[10, 20, 50, 100, 200, 300, 500, 1000, 1500, 2000, 2100, 2200, 2300, 2400]	0.9735005500000113
[10, 20, 50, 100, 200, 300, 500, 1000, 1500, 2000, 2100, 2200, 2300, 2400]	0.9857587839999837
[10, 20, 50, 100, 200, 300, 500, 1000, 1500, 2000, 2100, 2200, 2300, 2400]	0.9225725299999965
[10, 20, 50, 100, 200, 300, 500, 1000, 1500, 2000, 2100, 2200, 2300, 2400]	0.8492342899999983
[10, 20, 50, 100, 200, 300, 500, 1000, 1500, 2000, 2100, 2200, 2300, 2400]	0.803586987999978
[10, 20, 50, 100, 200, 300, 500, 1000, 1500, 2000, 2100, 2200, 2300, 2400]	0.8117018750000113
[10, 20, 50, 100, 200, 300, 500, 1000, 1500, 2000, 2100, 2200, 2300, 2400]	0.8058884630000023
[10, 20, 50, 100, 200, 300, 500, 1000, 1500, 2000, 2100, 2200, 2300, 2400]	0.8958004060000064
[10, 20, 50, 100, 200, 300, 500, 1000, 1500, 2000, 2100, 2200, 2300, 2400]	0.9162205109999775
[10, 20, 50, 100, 200, 300, 500, 1000, 1500, 2000, 2100, 2200, 2300, 2400]	0.8583890760000088
[10, 20, 50, 100, 200, 300, 500, 1000, 1500, 2000, 2100, 2200, 2300, 2400]	0.804887180999998
[10, 20, 50, 100, 200, 300, 500, 1000, 1500, 2000, 2100, 2200, 2300, 2400]	0.8857424869999875
[10, 20, 50, 100, 200, 300, 500, 1000, 1500, 2000, 2100, 2200, 2300, 2400]	0.8955054299999858
[10, 20, 50, 100, 200, 300, 500, 1000, 1500, 2000, 2100, 2200, 2300, 2400]	0.7990924679999978
[10, 20, 50, 100, 200, 300, 500, 1000, 1500, 2000, 2100, 2200, 2300, 2400]	0.9228619129999913
[10, 20, 50, 100, 200, 300, 500, 1000, 1500, 2000, 2100, 2200, 2300, 2400]	0.8368899499999998
[10, 20, 50, 100, 200, 300, 500, 1000, 1500, 2000, 2100, 2200, 2300, 2400]	0.8843849840000075
[10, 20, 50, 100, 200, 300, 500, 1000, 1500, 2000, 2100, 2200, 2300, 2400]	0.8354776319999928
[10, 20, 50, 100, 200, 300, 500, 1000, 1500, 2000, 2100, 2200, 2300, 2400]	0.9401344940000058
[10, 20, 50, 100, 200, 300, 500, 1000, 1500, 2000, 2100, 2200, 2300, 2400]	0.806319856000016
[10, 20, 50, 100, 200, 300, 500, 1000, 1500, 2000, 2100, 2200, 2300, 2400]	0.9474355309999964
[10, 20, 50, 100, 200, 300, 500, 1000, 1500, 2000, 2100, 2200, 2300, 2400]	0.8024805720000074
[10, 20, 50, 100, 200, 300, 500, 1000, 1500, 2000, 2100, 2200, 2300, 2400]	0.7983899399999927
-
[10, 20, 50, 100, 200, 300, 500, 1000, 1500, 2000, 2100, 2200, 2300, 2400]	1.6615677930000174
[10, 20, 50, 100, 200, 300, 500, 1000, 1500, 2000, 2100, 2200, 2300, 2400]	1.5554807479999795
[10, 20, 50, 100, 200, 300, 500, 1000, 1500, 2000, 2100, 2200, 2300, 2400]	1.6064691910000022
[10, 20, 50, 100, 200, 300, 500, 1000, 1500, 2000, 2100, 2200, 2300, 2400]	1.8729527269999835
[10, 20, 50, 100, 200, 300, 500, 1000, 1500, 2000, 2100, 2200, 2300, 2400]	1.6897938739999745
[10, 20, 50, 100, 200, 300, 500, 1000, 1500, 2000, 2100, 2200, 2300, 2400]	1.6692263489999846
[10, 20, 50, 100, 200, 300, 500, 1000, 1500, 2000, 2100, 2200, 2300, 2400]	1.59986889999999
[10, 20, 50, 100, 200, 300, 500, 1000, 1500, 2000, 2100, 2200, 2300, 2400]	1.6284830449999959
[10, 20, 50, 100, 200, 300, 500, 1000, 1500, 2000, 2100, 2200, 2300, 2400]	1.6893184560000236
[10, 20, 50, 100, 200, 300, 500, 1000, 1500, 2000, 2100, 2200, 2300, 2400]	1.721390781000025
[10, 20, 50, 100, 200, 300, 500, 1000, 1500, 2000, 2100, 2200, 2300, 2400]	1.8778141259999757
[10, 20, 50, 100, 200, 300, 500, 1000, 1500, 2000, 2100, 2200, 2300, 2400]	2.064434972000015
[10, 20, 50, 100, 200, 300, 500, 1000, 1500, 2000, 2100, 2200, 2300, 2400]	1.9192737660000034
[10, 20, 50, 100, 200, 300, 500, 1000, 1500, 2000, 2100, 2200, 2300, 2400]	1.5785287870000388
[10, 20, 50, 100, 200, 300, 500, 1000, 1500, 2000, 2100, 2200, 2300, 2400]	1.8731982560000233
[10, 20, 50, 100, 200, 300, 500, 1000, 1500, 2000, 2100, 2200, 2300, 2400]	1.611859648999996
[10, 20, 50, 100, 200, 300, 500, 1000, 1500, 2000, 2100, 2200, 2300, 2400]	1.6902266080000459
[10, 20, 50, 100, 200, 300, 500, 1000, 1500, 2000, 2100, 2200, 2300, 2400]	1.819622440000046
[10, 20, 50, 100, 200, 300, 500, 1000, 1500, 2000, 2100, 2200, 2300, 2400]	1.806338659000005
[10, 20, 50, 100, 200, 300, 500, 1000, 1500, 2000, 2100, 2200, 2300, 2400]	1.8430294319999803
[10, 20, 50, 100, 200, 300, 500, 1000, 1500, 2000, 2100, 2200, 2300, 2400]	1.8878674519999663
[10, 20, 50, 100, 200, 300, 500, 1000, 1500, 2000, 2100, 2200, 2300, 2400]	1.7497507400000245
[10, 20, 50, 100, 200, 300, 500, 1000, 1500, 2000, 2100, 2200, 2300, 2400]	1.7945154089999846
[10, 20, 50, 100, 200, 300, 500, 1000, 1500, 2000, 2100, 2200, 2300, 2400]	1.6051548990000128
[10, 20, 50, 100, 200, 300, 500, 1000, 1500, 2000, 2100, 2200, 2300, 2400]	1.6696532710000156
[10, 20, 50, 100, 200, 300, 500, 1000, 1500, 2000, 2100, 2200, 2300, 2400]	1.9760268169999904
[10, 20, 50, 100, 200, 300, 500, 1000, 1500, 2000, 2100, 2200, 2300, 2400]	1.551162584999986
[10, 20, 50, 100, 200, 300, 500, 1000, 1500, 2000, 2100, 2200, 2300, 2400]	1.7395715019999898
[10, 20, 50, 100, 200, 300, 500, 1000, 1500, 2000, 2100, 2200, 2300, 2400]	1.9082402989999991
[10, 20, 50, 100, 200, 300, 500, 1000, 1500, 2000, 2100, 2200, 2300, 2400]	1.9298049889999902
-
[10, 20, 50, 100, 200, 300, 500, 1000, 1500, 2000, 2100, 2200, 2300, 2400]	2.1031381649999616
[10, 20, 50, 100, 200, 300, 500, 1000, 1500, 2000, 2100, 2200, 2300, 2400]	1.730101363000017
[10, 20, 50, 100, 200, 300, 500, 1000, 1500, 2000, 2100, 2200, 2300, 2400]	1.7090885360000243
[10, 20, 50, 100, 200, 300, 500, 1000, 1500, 2000, 2100, 2200, 2300, 2400]	1.6910078210000279
[10, 20, 50, 100, 200, 300, 500, 1000, 1500, 2000, 2100, 2200, 2300, 2400]	1.7155506419999824
[10, 20, 50, 100, 200, 300, 500, 1000, 1500, 2000, 2100, 2200, 2300, 2400]	1.7028932810000015
[10, 20, 50, 100, 200, 300, 500, 1000, 1500, 2000, 2100, 2200, 2300, 2400]	1.6960799210000346
[10, 20, 50, 100, 200, 300, 500, 1000, 1500, 2000, 2100, 2200, 2300, 2400]	2.1158544869999787
[10, 20, 50, 100, 200, 300, 500, 1000, 1500, 2000, 2100, 2200, 2300, 2400]	2.1341532760000064
[10, 20, 50, 100, 200, 300, 500, 1000, 1500, 2000, 2100, 2200, 2300, 2400]	1.688458546999982
[10, 20, 50, 100, 200, 300, 500, 1000, 1500, 2000, 2100, 2200, 2300, 2400]	1.7231317860000104
[10, 20, 50, 100, 200, 300, 500, 1000, 1500, 2000, 2100, 2200, 2300, 2400]	1.6840254810000488
[10, 20, 50, 100, 200, 300, 500, 1000, 1500, 2000, 2100, 2200, 2300, 2400]	1.7322435460000634
[10, 20, 50, 100, 200, 300, 500, 1000, 1500, 2000, 2100, 2200, 2300, 2400]	2.1214507739999817
[10, 20, 50, 100, 200, 300, 500, 1000, 1500, 2000, 2100, 2200, 2300, 2400]	2.1233409269999584
[10, 20, 50, 100, 200, 300, 500, 1000, 1500, 2000, 2100, 2200, 2300, 2400]	1.7085056650000752
[10, 20, 50, 100, 200, 300, 500, 1000, 1500, 2000, 2100, 2200, 2300, 2400]	1.7091298419999248
[10, 20, 50, 100, 200, 300, 500, 1000, 1500, 2000, 2100, 2200, 2300, 2400]	2.2496115989999907
[10, 20, 50, 100, 200, 300, 500, 1000, 1500, 2000, 2100, 2200, 2300, 2400]	2.2035283940000454
[10, 20, 50, 100, 200, 300, 500, 1000, 1500, 2000, 2100, 2200, 2300, 2400]	1.6894596870000669
[10, 20, 50, 100, 200, 300, 500, 1000, 1500, 2000, 2100, 2200, 2300, 2400]	2.2527643339999486
[10, 20, 50, 100, 200, 300, 500, 1000, 1500, 2000, 2100, 2200, 2300, 2400]	1.7235173749999149
[10, 20, 50, 100, 200, 300, 500, 1000, 1500, 2000, 2100, 2200, 2300, 2400]	2.209709016999909
[10, 20, 50, 100, 200, 300, 500, 1000, 1500, 2000, 2100, 2200, 2300, 2400]	2.1210518589999765
[10, 20, 50, 100, 200, 300, 500, 1000, 1500, 2000, 2100, 2200, 2300, 2400]	1.7029444629999944
[10, 20, 50, 100, 200, 300, 500, 1000, 1500, 2000, 2100, 2200, 2300, 2400]	1.7742865220000112
[10, 20, 50, 100, 200, 300, 500, 1000, 1500, 2000, 2100, 2200, 2300, 2400]	1.7369037260000368
[10, 20, 50, 100, 200, 300, 500, 1000, 1500, 2000, 2100, 2200, 2300, 2400]	1.7460023900000579
[10, 20, 50, 100, 200, 300, 500, 1000, 1500, 2000, 2100, 2200, 2300, 2400]	1.7359983819999343
[10, 20, 50, 100, 200, 300, 500, 1000, 1500, 2000, 2100, 2200, 2300, 2400]	2.125743173999922
-
[10, 20, 50, 100, 200, 300, 500, 1000, 1500, 2000, 2100, 2200, 2300, 2400]	2.5950826389999975
[10, 20, 50, 100, 200, 300, 500, 1000, 1500, 2000, 2100, 2200, 2300, 2400]	2.5170643809999547
[10, 20, 50, 100, 200, 300, 500, 1000, 1500, 2000, 2100, 2200, 2300, 2400]	1.9581833570000526
[10, 20, 50, 100, 200, 300, 500, 1000, 1500, 2000, 2100, 2200, 2300, 2400]	1.960871453999971
[10, 20, 50, 100, 200, 300, 500, 1000, 1500, 2000, 2100, 2200, 2300, 2400]	2.0925241229999756
[10, 20, 50, 100, 200, 300, 500, 1000, 1500, 2000, 2100, 2200, 2300, 2400]	2.56410606999998
[10, 20, 50, 100, 200, 300, 500, 1000, 1500, 2000, 2100, 2200, 2300, 2400]	1.9827561329999526
[10, 20, 50, 100, 200, 300, 500, 1000, 1500, 2000, 2100, 2200, 2300, 2400]	1.9930167349999692
[10, 20, 50, 100, 200, 300, 500, 1000, 1500, 2000, 2100, 2200, 2300, 2400]	2.439804141999957
[10, 20, 50, 100, 200, 300, 500, 1000, 1500, 2000, 2100, 2200, 2300, 2400]	2.4775513320000755
[10, 20, 50, 100, 200, 300, 500, 1000, 1500, 2000, 2100, 2200, 2300, 2400]	1.9810927679999395
[10, 20, 50, 100, 200, 300, 500, 1000, 1500, 2000, 2100, 2200, 2300, 2400]	1.9929950539999481
[10, 20, 50, 100, 200, 300, 500, 1000, 1500, 2000, 2100, 2200, 2300, 2400]	2.3441001630000073
[10, 20, 50, 100, 200, 300, 500, 1000, 1500, 2000, 2100, 2200, 2300, 2400]	2.0841476859999375
[10, 20, 50, 100, 200, 300, 500, 1000, 1500, 2000, 2100, 2200, 2300, 2400]	1.9568811090000509
[10, 20, 50, 100, 200, 300, 500, 1000, 1500, 2000, 2100, 2200, 2300, 2400]	2.3643946780000533
[10, 20, 50, 100, 200, 300, 500, 1000, 1500, 2000, 2100, 2200, 2300, 2400]	2.6419946429999754
[10, 20, 50, 100, 200, 300, 500, 1000, 1500, 2000, 2100, 2200, 2300, 2400]	2.0330363939999643
[10, 20, 50, 100, 200, 300, 500, 1000, 1500, 2000, 2100, 2200, 2300, 2400]	2.394546708000007
[10, 20, 50, 100, 200, 300, 500, 1000, 1500, 2000, 2100, 2200, 2300, 2400]	2.4956689770000366
[10, 20, 50, 100, 200, 300, 500, 1000, 1500, 2000, 2100, 2200, 2300, 2400]	2.529069261000018
[10, 20, 50, 100, 200, 300, 500, 1000, 1500, 2000, 2100, 2200, 2300, 2400]	2.5098112629999605
[10, 20, 50, 100, 200, 300, 500, 1000, 1500, 2000, 2100, 2200, 2300, 2400]	2.566515482
[10, 20, 50, 100, 200, 300, 500, 1000, 1500, 2000, 2100, 2200, 2300, 2400]	2.034773247999965
[10, 20, 50, 100, 200, 300, 500, 1000, 1500, 2000, 2100, 2200, 2300, 2400]	2.5218716740000673
[10, 20, 50, 100, 200, 300, 500, 1000, 1500, 2000, 2100, 2200, 2300, 2400]	2.0131656229999635
[10, 20, 50, 100, 200, 300, 500, 1000, 1500, 2000, 2100, 2200, 2300, 2400]	2.0511700360000304
[10, 20, 50, 100, 200, 300, 500, 1000, 1500, 2000, 2100, 2200, 2300, 2400]	2.125668367000003
[10, 20, 50, 100, 200, 300, 500, 1000, 1500, 2000, 2100, 2200, 2300, 2400]	2.516814122000028
[10, 20, 50, 100, 200, 300, 500, 1000, 1500, 2000, 2100, 2200, 2300, 2400]	1.9651995649999208
-
[10, 20, 50, 100, 200, 300, 500, 1000, 1500, 2000, 2100, 2200, 2300, 2400]	2.7199649069999623
[10, 20, 50, 100, 200, 300, 500, 1000, 1500, 2000, 2100, 2200, 2300, 2400]	3.047560052999984
[10, 20, 50, 100, 200, 300, 500, 1000, 1500, 2000, 2100, 2200, 2300, 2400]	2.327178033999985
[10, 20, 50, 100, 200, 300, 500, 1000, 1500, 2000, 2100, 2200, 2300, 2400]	2.2648221549999334
[10, 20, 50, 100, 200, 300, 500, 1000, 1500, 2000, 2100, 2200, 2300, 2400]	2.261609346
[10, 20, 50, 100, 200, 300, 500, 1000, 1500, 2000, 2100, 2200, 2300, 2400]	2.278245235999975
[10, 20, 50, 100, 200, 300, 500, 1000, 1500, 2000, 2100, 2200, 2300, 2400]	2.930452043999935
[10, 20, 50, 100, 200, 300, 500, 1000, 1500, 2000, 2100, 2200, 2300, 2400]	2.254330100000061
[10, 20, 50, 100, 200, 300, 500, 1000, 1500, 2000, 2100, 2200, 2300, 2400]	2.3179668899999797
[10, 20, 50, 100, 200, 300, 500, 1000, 1500, 2000, 2100, 2200, 2300, 2400]	2.915179506999948
[10, 20, 50, 100, 200, 300, 500, 1000, 1500, 2000, 2100, 2200, 2300, 2400]	2.8264898490000405
[10, 20, 50, 100, 200, 300, 500, 1000, 1500, 2000, 2100, 2200, 2300, 2400]	2.4542035290000968
[10, 20, 50, 100, 200, 300, 500, 1000, 1500, 2000, 2100, 2200, 2300, 2400]	2.2836378149999064
[10, 20, 50, 100, 200, 300, 500, 1000, 1500, 2000, 2100, 2200, 2300, 2400]	2.2497849560002123
[10, 20, 50, 100, 200, 300, 500, 1000, 1500, 2000, 2100, 2200, 2300, 2400]	2.9542037349999646
[10, 20, 50, 100, 200, 300, 500, 1000, 1500, 2000, 2100, 2200, 2300, 2400]	2.252302181999994
[10, 20, 50, 100, 200, 300, 500, 1000, 1500, 2000, 2100, 2200, 2300, 2400]	2.9327968130000954
[10, 20, 50, 100, 200, 300, 500, 1000, 1500, 2000, 2100, 2200, 2300, 2400]	2.9913050050001857
[10, 20, 50, 100, 200, 300, 500, 1000, 1500, 2000, 2100, 2200, 2300, 2400]	2.2883966800000053
[10, 20, 50, 100, 200, 300, 500, 1000, 1500, 2000, 2100, 2200, 2300, 2400]	2.7365526779999527
[10, 20, 50, 100, 200, 300, 500, 1000, 1500, 2000, 2100, 2200, 2300, 2400]	2.8056221280000955
[10, 20, 50, 100, 200, 300, 500, 1000, 1500, 2000, 2100, 2200, 2300, 2400]	2.326533705999964
[10, 20, 50, 100, 200, 300, 500, 1000, 1500, 2000, 2100, 2200, 2300, 2400]	2.8158797670000695
[10, 20, 50, 100, 200, 300, 500, 1000, 1500, 2000, 2100, 2200, 2300, 2400]	2.8796250450000116
[10, 20, 50, 100, 200, 300, 500, 1000, 1500, 2000, 2100, 2200, 2300, 2400]	2.907876146000035
[10, 20, 50, 100, 200, 300, 500, 1000, 1500, 2000, 2100, 2200, 2300, 2400]	2.9290834200000972
[10, 20, 50, 100, 200, 300, 500, 1000, 1500, 2000, 2100, 2200, 2300, 2400]	3.02344800700007
[10, 20, 50, 100, 200, 300, 500, 1000, 1500, 2000, 2100, 2200, 2300, 2400]	2.7988495259999127
[10, 20, 50, 100, 200, 300, 500, 1000, 1500, 2000, 2100, 2200, 2300, 2400]	2.9301749449998624
[10, 20, 50, 100, 200, 300, 500, 1000, 1500, 2000, 2100, 2200, 2300, 2400]	2.824745243000052
-
[10, 20, 50, 100, 200, 300, 500, 1000, 1500, 2000, 2100, 2200, 2300, 2400]	3.4461543970001003
[10, 20, 50, 100, 200, 300, 500, 1000, 1500, 2000, 2100, 2200, 2300, 2400]	2.6973438139998507
[10, 20, 50, 100, 200, 300, 500, 1000, 1500, 2000, 2100, 2200, 2300, 2400]	2.5764418599999317
[10, 20, 50, 100, 200, 300, 500, 1000, 1500, 2000, 2100, 2200, 2300, 2400]	2.6842710749999696
[10, 20, 50, 100, 200, 300, 500, 1000, 1500, 2000, 2100, 2200, 2300, 2400]	2.610346341999957
[10, 20, 50, 100, 200, 300, 500, 1000, 1500, 2000, 2100, 2200, 2300, 2400]	2.6600110429999404
[10, 20, 50, 100, 200, 300, 500, 1000, 1500, 2000, 2100, 2200, 2300, 2400]	2.5932354910000868
[10, 20, 50, 100, 200, 300, 500, 1000, 1500, 2000, 2100, 2200, 2300, 2400]	2.6476110329999756
[10, 20, 50, 100, 200, 300, 500, 1000, 1500, 2000, 2100, 2200, 2300, 2400]	3.266180109000061
[10, 20, 50, 100, 200, 300, 500, 1000, 1500, 2000, 2100, 2200, 2300, 2400]	2.6374881179999647
[10, 20, 50, 100, 200, 300, 500, 1000, 1500, 2000, 2100, 2200, 2300, 2400]	3.171389397000212
[10, 20, 50, 100, 200, 300, 500, 1000, 1500, 2000, 2100, 2200, 2300, 2400]	3.5327074649999304
[10, 20, 50, 100, 200, 300, 500, 1000, 1500, 2000, 2100, 2200, 2300, 2400]	3.3014457480001056
[10, 20, 50, 100, 200, 300, 500, 1000, 1500, 2000, 2100, 2200, 2300, 2400]	2.6044500969999262
[10, 20, 50, 100, 200, 300, 500, 1000, 1500, 2000, 2100, 2200, 2300, 2400]	2.8350816100000884
[10, 20, 50, 100, 200, 300, 500, 1000, 1500, 2000, 2100, 2200, 2300, 2400]	2.6211193609999555
[10, 20, 50, 100, 200, 300, 500, 1000, 1500, 2000, 2100, 2200, 2300, 2400]	3.398848055999906
[10, 20, 50, 100, 200, 300, 500, 1000, 1500, 2000, 2100, 2200, 2300, 2400]	3.2569240790001004
[10, 20, 50, 100, 200, 300, 500, 1000, 1500, 2000, 2100, 2200, 2300, 2400]	3.433650440000065
[10, 20, 50, 100, 200, 300, 500, 1000, 1500, 2000, 2100, 2200, 2300, 2400]	3.218813081999997
[10, 20, 50, 100, 200, 300, 500, 1000, 1500, 2000, 2100, 2200, 2300, 2400]	2.6262407859999257
[10, 20, 50, 100, 200, 300, 500, 1000, 1500, 2000, 2100, 2200, 2300, 2400]	2.606091418999995
[10, 20, 50, 100, 200, 300, 500, 1000, 1500, 2000, 2100, 2200, 2300, 2400]	3.4364571450000767
[10, 20, 50, 100, 200, 300, 500, 1000, 1500, 2000, 2100, 2200, 2300, 2400]	3.3500449979999303
[10, 20, 50, 100, 200, 300, 500, 1000, 1500, 2000, 2100, 2200, 2300, 2400]	2.8374111650000486
[10, 20, 50, 100, 200, 300, 500, 1000, 1500, 2000, 2100, 2200, 2300, 2400]	2.650501229999918
[10, 20, 50, 100, 200, 300, 500, 1000, 1500, 2000, 2100, 2200, 2300, 2400]	3.434849017000033
[10, 20, 50, 100, 200, 300, 500, 1000, 1500, 2000, 2100, 2200, 2300, 2400]	3.4520613639999738
[10, 20, 50, 100, 200, 300, 500, 1000, 1500, 2000, 2100, 2200, 2300, 2400]	2.8257940140001665
[10, 20, 50, 100, 200, 300, 500, 1000, 1500, 2000, 2100, 2200, 2300, 2400]	3.3738202899999123
-
