40	1	0	0
40	2	1	3
40	3	0	0
40	4	2	5
40	5	6	7
40	6	0	0
40	7	0	0
40	8	2	5
40	9	1	3
40	10	1	3
40	11	1	3
40	12	6	7
40	13	4	14
40	14	16	17
40	15	4	14
40	16	78	79
40	17	32	33
40	18	2	5
40	19	4	14
40	20	4	14
40	21	2	5
40	22	13	23
40	23	25	26
40	24	13	23
40	25	29	30
40	26	56	57
40	27	13	23
40	28	6	7
40	29	85	86
40	30	34	35
40	31	29	30
40	32	0	0
40	33	0	0
40	34	0	0
40	35	0	0
40	36	22	37
40	37	103	104
40	38	36	39
40	39	45	46
40	40	36	39
40	41	29	30
40	42	16	17
40	43	38	44
40	44	51	52
40	45	74	75
40	46	65	66
40	47	32	33
40	48	16	17
40	49	32	33
40	50	45	46
40	51	97	98
40	52	87	88
40	53	43	54
40	54	114	115
40	55	45	46
40	56	62	63
40	57	585	586
40	58	6	7
40	59	45	46
40	60	51	52
40	61	51	52
40	62	0	0
40	63	0	0
40	64	62	63
40	65	67	68
40	66	132	133
40	67	91	92
40	68	80	81
40	69	51	52
40	70	36	39
40	71	29	30
40	72	67	68
40	73	25	26
40	74	311	312
40	75	116	117
40	76	16	17
40	77	25	26
40	78	0	0
40	79	0	0
40	80	408	409
40	81	262	263
40	82	13	23
40	83	56	57
40	84	80	81
40	85	0	0
40	86	0	0
40	87	374	375
40	88	138	139
40	89	65	66
40	90	80	81
40	91	93	94
40	92	144	145
40	93	0	0
40	94	0	0
40	95	32	33
40	96	38	44
40	97	105	106
40	98	157	158
40	99	74	75
40	100	38	44
40	101	80	81
40	102	85	86
40	103	182	183
40	104	107	108
40	105	304	305
40	106	161	162
40	107	203	204
40	108	124	125
40	109	36	39
40	110	34	35
40	111	93	94
40	112	25	26
40	113	85	86
40	114	634	635
40	115	122	123
40	116	250	251
40	117	254	255
40	118	105	106
40	119	116	117
40	120	38	44
40	121	114	115
40	122	212	213
40	123	159	160
40	124	372	373
40	125	258	259
40	126	43	54
40	127	22	37
40	128	103	104
40	129	65	66
40	130	97	98
40	131	85	86
40	132	178	179
40	133	476	477
40	134	34	35
40	135	34	35
40	136	114	115
40	137	62	63
40	138	142	143
40	139	297	298
40	140	74	75
40	141	124	125
40	142	147	148
40	143	330	331
40	144	0	0
40	145	0	0
40	146	144	145
40	147	395	396
40	148	350	351
40	149	114	115
40	150	93	94
40	151	91	92
40	152	62	63
40	153	65	66
40	154	53	155
40	155	380	381
40	156	138	139
40	157	191	192
40	158	166	167
40	159	234	235
40	160	168	169
40	161	170	171
40	162	418	419
40	163	74	75
40	164	144	145
40	165	132	133
40	166	195	196
40	167	193	194
40	168	228	229
40	169	256	257
40	170	266	267
40	171	282	283
40	172	22	37
40	173	144	145
40	174	132	133
40	175	166	167
40	176	142	143
40	177	43	54
40	178	548	549
40	179	275	276
40	180	116	117
40	181	107	108
40	182	607	608
40	183	186	187
40	184	157	158
40	185	93	94
40	186	388	389
40	187	201	202
40	188	67	68
40	189	53	155
40	190	147	148
40	191	413	414
40	192	248	249
40	193	239	240
40	194	316	317
40	195	205	206
40	196	243	244
40	197	87	88
40	198	178	179
40	199	182	183
40	200	107	108
40	201	0	0
40	202	0	0
40	203	382	383
40	204	270	271
40	205	0	0
40	206	0	0
40	207	159	160
40	208	191	192
40	209	193	194
40	210	161	162
40	211	97	98
40	212	430	431
40	213	440	441
40	214	166	167
40	215	195	196
40	216	138	139
40	217	161	162
40	218	132	133
40	219	67	68
40	220	166	167
40	221	170	171
40	222	157	158
40	223	78	79
40	224	105	106
40	225	154	226
40	226	284	285
40	227	124	125
40	228	301	302
40	229	376	377
40	230	43	54
40	231	105	106
40	232	182	183
40	233	97	98
40	234	336	337
40	235	612	613
40	236	212	213
40	237	157	158
40	238	201	202
40	239	0	0
40	240	0	0
40	241	193	194
40	242	154	226
40	243	0	0
40	244	0	0
40	245	212	213
40	246	142	143
40	247	22	37
40	248	544	545
40	249	421	422
40	250	410	411
40	251	904	905
40	252	191	192
40	253	203	204
40	254	286	287
40	255	529	530
40	256	390	391
40	257	306	307
40	258	0	0
40	259	0	0
40	260	250	251
40	261	91	92
40	262	0	0
40	263	0	0
40	264	56	57
40	265	122	123
40	266	0	0
40	267	0	0
40	268	138	139
40	269	248	249
40	270	0	0
40	271	0	0
40	272	262	263
40	273	250	251
40	274	270	271
40	275	0	0
40	276	0	0
40	277	270	271
40	278	250	251
40	279	191	192
40	280	91	92
40	281	147	148
40	282	0	0
40	283	0	0
40	284	0	0
40	285	344	345
40	286	0	0
40	287	0	0
40	288	193	194
40	289	284	285
40	290	178	179
40	291	254	255
40	292	234	235
40	293	256	257
40	294	53	155
40	295	78	79
40	296	168	169
40	297	325	326
40	298	648	649
40	299	195	196
40	300	228	229
40	301	360	361
40	302	571	572
40	303	201	202
40	304	0	0
40	305	621	622
40	306	328	329
40	307	403	404
40	308	212	213
40	309	178	179
40	310	301	302
40	311	533	534
40	312	0	0
40	313	266	267
40	314	258	259
40	315	243	244
40	316	0	0
40	317	0	0
40	318	301	302
40	319	87	88
40	320	53	155
40	321	311	312
40	322	116	117
40	323	182	183
40	324	103	104
40	325	502	503
40	326	488	489
40	327	103	104
40	328	0	0
40	329	0	0
40	330	425	426
40	331	655	656
40	332	275	276
40	333	286	287
40	334	297	298
40	335	203	204
40	336	438	439
40	337	400	401
40	338	258	259
40	339	316	317
40	340	87	88
40	341	306	307
40	342	316	317
40	343	325	326
40	344	582	583
40	345	348	349
40	346	234	235
40	347	262	263
40	348	393	394
40	349	455	456
40	350	0	0
40	351	0	0
40	352	248	249
40	353	124	125
40	354	344	345
40	355	258	259
40	356	282	283
40	357	228	229
40	358	311	312
40	359	256	257
40	360	0	0
40	361	0	0
40	362	239	240
40	363	301	302
40	364	159	160
40	365	282	283
40	366	161	162
40	367	330	331
40	368	254	255
40	369	170	171
40	370	225	371
40	371	861	862
40	372	0	0
40	373	0	0
40	374	873	874
40	375	630	631
40	376	445	446
40	377	541	542
40	378	195	196
40	379	275	276
40	380	576	577
40	381	597	598
40	382	0	0
40	383	0	0
40	384	328	329
40	385	370	386
40	386	405	406
40	387	306	307
40	388	0	0
40	389	0	0
40	390	486	487
40	391	516	517
40	392	374	375
40	393	434	435
40	394	415	416
40	395	0	0
40	396	0	0
40	397	142	143
40	398	262	263
40	399	107	108
40	400	461	462
40	401	526	527
40	402	316	317
40	403	0	0
40	404	0	0
40	405	490	491
40	406	500	501
40	407	248	249
40	408	0	0
40	409	0	0
40	410	0	0
40	411	0	0
40	412	393	394
40	413	702	703
40	414	678	679
40	415	0	0
40	416	453	454
40	417	78	79
40	418	0	0
40	419	784	785
40	420	415	416
40	421	0	0
40	422	0	0
40	423	168	169
40	424	395	396
40	425	0	0
40	426	0	0
40	427	147	148
40	428	282	283
40	429	376	377
40	430	564	565
40	431	505	506
40	432	239	240
40	433	306	307
40	434	442	443
40	435	745	746
40	436	372	373
40	437	421	422
40	438	479	480
40	439	0	0
40	440	912	913
40	441	651	652
40	442	520	521
40	443	0	0
40	444	122	123
40	445	0	0
40	446	0	0
40	447	254	255
40	448	330	331
40	449	284	285
40	450	201	202
40	451	445	446
40	452	344	345
40	453	771	772
40	454	779	780
40	455	483	484
40	456	537	538
40	457	325	326
40	458	382	383
40	459	284	285
40	460	286	287
40	461	0	0
40	462	0	0
40	463	442	443
40	464	256	257
40	465	239	240
40	466	243	244
40	467	374	375
40	468	186	187
40	469	418	419
40	470	203	204
40	471	297	298
40	472	395	396
40	473	286	287
40	474	159	160
40	475	461	462
40	476	741	742
40	477	686	687
40	478	344	345
40	479	0	0
40	480	0	0
40	481	425	426
40	482	438	439
40	483	773	774
40	484	524	525
40	485	418	419
40	486	0	0
40	487	0	0
40	488	0	0
40	489	0	0
40	490	850	851
40	491	0	0
40	492	455	456
40	493	225	371
40	494	461	462
40	495	442	443
40	496	168	169
40	497	486	487
40	498	403	404
40	499	400	401
40	500	837	838
40	501	509	510
40	502	0	0
40	503	0	0
40	504	500	501
40	505	554	555
40	506	579	580
40	507	370	386
40	508	275	276
40	509	693	694
40	510	0	0
40	511	243	244
40	512	425	426
40	513	170	171
40	514	408	409
40	515	270	271
40	516	0	0
40	517	0	0
40	518	413	414
40	519	509	510
40	520	567	568
40	521	560	561
40	522	403	404
40	523	266	267
40	524	906	907
40	525	727	728
40	526	0	0
40	527	0	0
40	528	524	525
40	529	0	0
40	530	0	0
40	531	400	401
40	532	486	487
40	533	0	0
40	534	626	627
40	535	225	371
40	536	438	439
40	537	562	563
40	538	593	594
40	539	403	404
40	540	425	426
40	541	0	0
40	542	0	0
40	543	541	542
40	544	0	0
40	545	0	0
40	546	516	517
40	547	410	411
40	548	0	0
40	549	0	0
40	550	483	484
40	551	410	411
40	552	486	487
40	553	311	312
40	554	719	720
40	555	675	676
40	556	418	419
40	557	455	456
40	558	529	530
40	559	554	555
40	560	615	616
40	561	683	684
40	562	722	723
40	563	618	619
40	564	696	697
40	565	930	931
40	566	122	123
40	567	0	0
40	568	710	711
40	569	421	422
40	570	490	491
40	571	0	0
40	572	0	0
40	573	336	337
40	574	370	386
40	575	154	226
40	576	640	641
40	577	804	805
40	578	360	361
40	579	733	734
40	580	587	588
40	581	328	329
40	582	901	902
40	583	731	732
40	584	410	411
40	585	0	0
40	586	0	0
40	587	0	0
40	588	0	0
40	589	483	484
40	590	205	206
40	591	587	588
40	592	505	506
40	593	768	769
40	594	761	762
40	595	579	580
40	596	390	391
40	597	716	717
40	598	0	0
40	599	297	298
40	600	562	563
40	601	537	538
40	602	225	371
40	603	479	480
40	604	562	563
40	605	509	510
40	606	593	594
40	607	828	829
40	608	0	0
40	609	374	375
40	610	548	549
40	611	430	431
40	612	766	767
40	613	0	0
40	614	395	396
40	615	0	0
40	616	0	0
40	617	348	349
40	618	0	0
40	619	977	978
40	620	434	435
40	621	657	658
40	622	848	849
40	623	348	349
40	624	544	545
40	625	440	441
40	626	0	0
40	627	0	0
40	628	234	235
40	629	56	57
40	630	881	882
40	631	646	647
40	632	621	622
40	633	500	501
40	634	833	834
40	635	707	708
40	636	621	622
40	637	440	441
40	638	328	329
40	639	564	565
40	640	763	764
40	641	689	690
40	642	562	563
40	643	544	545
40	644	455	456
40	645	445	446
40	646	0	0
40	647	0	0
40	648	807	808
40	649	653	654
40	650	564	565
40	651	925	926
40	652	830	831
40	653	0	0
40	654	0	0
40	655	0	0
40	656	0	0
40	657	0	0
40	658	0	0
40	659	526	527
40	660	413	414
40	661	516	517
40	662	430	431
40	663	461	462
40	664	653	654
40	665	541	542
40	666	186	187
40	667	385	668
40	668	943	944
40	669	648	649
40	670	612	613
40	671	186	187
40	672	479	480
40	673	476	477
40	674	350	351
40	675	0	0
40	676	0	0
40	677	488	489
40	678	0	0
40	679	0	0
40	680	430	431
40	681	154	226
40	682	438	439
40	683	0	0
40	684	0	0
40	685	434	435
40	686	0	0
40	687	0	0
40	688	360	361
40	689	0	0
40	690	0	0
40	691	576	577
40	692	500	501
40	693	0	0
40	694	0	0
40	695	509	510
40	696	0	0
40	697	748	749
40	698	593	594
40	699	615	616
40	700	520	521
40	701	370	386
40	702	0	0
40	703	0	0
40	704	651	652
40	705	612	613
40	706	453	454
40	707	714	715
40	708	865	866
40	709	479	480
40	710	0	0
40	711	0	0
40	712	388	389
40	713	533	534
40	714	0	0
40	715	812	813
40	716	0	0
40	717	877	878
40	718	393	394
40	719	0	0
40	720	0	0
40	721	686	687
40	722	0	0
40	723	998	999
40	724	579	580
40	725	388	389
40	726	372	373
40	727	0	0
40	728	0	0
40	729	350	351
40	730	266	267
40	731	819	820
40	732	800	801
40	733	0	0
40	734	0	0
40	735	372	373
40	736	537	538
40	737	612	613
40	738	571	572
40	739	675	676
40	740	385	668
40	741	0	0
40	742	0	0
40	743	350	351
40	744	382	383
40	745	754	755
40	746	0	0
40	747	579	580
40	748	0	0
40	749	0	0
40	750	626	627
40	751	714	715
40	752	388	389
40	753	640	641
40	754	787	788
40	755	0	0
40	756	646	647
40	757	634	635
40	758	413	414
40	759	576	577
40	760	748	749
40	761	777	778
40	762	958	959
40	763	0	0
40	764	0	0
40	765	618	619
40	766	986	987
40	767	0	0
40	768	0	0
40	769	0	0
40	770	640	641
40	771	814	815
40	772	789	790
40	773	0	0
40	774	781	782
40	775	533	534
40	776	675	676
40	777	854	855
40	778	794	795
40	779	0	0
40	780	824	825
40	781	972	973
40	782	896	897
40	783	502	503
40	784	0	0
40	785	0	0
40	786	537	538
40	787	0	0
40	788	0	0
40	789	0	0
40	790	0	0
40	791	548	549
40	792	773	774
40	793	710	711
40	794	0	0
40	795	0	0
40	796	689	690
40	797	490	491
40	798	520	521
40	799	421	422
40	800	845	846
40	801	899	900
40	802	442	443
40	803	648	649
40	804	852	853
40	805	0	0
40	806	593	594
40	807	0	0
40	808	0	0
40	809	516	517
40	810	683	684
40	811	564	565
40	812	0	0
40	813	0	0
40	814	0	0
40	815	0	0
40	816	330	331
40	817	714	715
40	818	689	690
40	819	0	0
40	820	0	0
40	821	348	349
40	822	576	577
40	823	678	679
40	824	0	0
40	825	0	0
40	826	683	684
40	827	483	484
40	828	0	0
40	829	0	0
40	830	0	0
40	831	886	887
40	832	781	782
40	833	0	0
40	834	0	0
40	835	651	652
40	836	405	406
40	837	859	860
40	838	879	880
40	839	719	720
40	840	533	534
40	841	440	441
40	842	761	762
40	843	787	788
40	844	789	790
40	845	0	0
40	846	0	0
40	847	655	656
40	848	0	0
40	849	0	0
40	850	0	0
40	851	0	0
40	852	875	876
40	853	0	0
40	854	0	0
40	855	0	0
40	856	773	774
40	857	205	206
40	858	205	206
40	859	0	0
40	860	0	0
40	861	0	0
40	862	0	0
40	863	784	785
40	864	716	717
40	865	0	0
40	866	0	0
40	867	360	361
40	868	859	860
40	869	490	491
40	870	554	555
40	871	630	631
40	872	524	525
40	873	0	0
40	874	0	0
40	875	0	0
40	876	993	994
40	877	965	966
40	878	0	0
40	879	0	0
40	880	0	0
40	881	0	0
40	882	0	0
40	883	488	489
40	884	865	866
40	885	779	780
40	886	0	0
40	887	0	0
40	888	716	717
40	889	678	679
40	890	777	778
40	891	615	616
40	892	702	703
40	893	648	649
40	894	850	851
40	895	382	383
40	896	0	0
40	897	953	954
40	898	727	728
40	899	0	0
40	900	979	980
40	901	0	0
40	902	0	0
40	903	554	555
40	904	0	0
40	905	0	0
40	906	0	0
40	907	0	0
40	908	875	876
40	909	768	769
40	910	771	772
40	911	779	780
40	912	0	0
40	913	0	0
40	914	748	749
40	915	607	608
40	916	702	703
40	917	686	687
40	918	657	658
40	919	651	652
40	920	634	635
40	921	779	780
40	922	707	708
40	923	634	635
40	924	845	846
40	925	0	0
40	926	0	0
40	927	325	326
40	928	655	656
40	929	716	717
40	930	0	0
40	931	0	0
40	932	879	880
40	933	696	697
40	934	745	746
40	935	754	755
40	936	789	790
40	937	548	549
40	938	615	616
40	939	859	860
40	940	771	772
40	941	653	654
40	942	646	647
40	943	0	0
40	944	0	0
40	945	640	641
40	946	819	820
40	947	754	755
40	948	784	785
40	949	655	656
40	950	733	734
40	951	567	568
40	952	789	790
40	953	0	0
40	954	0	0
40	955	710	711
40	956	505	506
40	957	953	954
40	958	0	0
40	959	0	0
40	960	587	588
40	961	828	829
40	962	777	778
40	963	773	774
40	964	400	401
40	965	0	0
40	966	0	0
40	967	714	715
40	968	754	755
40	969	814	815
40	970	875	876
40	971	930	931
40	972	974	975
40	973	0	0
40	974	0	0
40	975	0	0
40	976	794	795
40	977	0	0
40	978	0	0
40	979	0	0
40	980	0	0
40	981	707	708
40	982	881	882
40	983	881	882
40	984	845	846
40	985	979	980
40	986	0	0
40	987	0	0
40	988	683	684
40	989	675	676
40	990	693	694
40	991	390	391
40	992	777	778
40	993	0	0
40	994	0	0
40	995	901	902
40	996	560	561
40	997	567	568
40	998	0	0
40	999	0	0
40	1000	453	454
