48	1	0	0
48	2	1	3
48	3	0	0
48	4	1	3
48	5	2	6
48	6	8	9
48	7	1	3
48	8	0	0
48	9	0	0
48	10	8	9
48	11	8	9
48	12	2	6
48	13	1	3
48	14	5	15
48	15	20	21
48	16	8	9
48	17	5	15
48	18	2	6
48	19	2	6
48	20	278	279
48	21	33	34
48	22	14	23
48	23	98	99
48	24	22	25
48	25	38	39
48	26	24	27
48	27	74	75
48	28	20	21
48	29	20	21
48	30	24	27
48	31	5	15
48	32	22	25
48	33	0	0
48	34	0	0
48	35	33	34
48	36	26	37
48	37	44	45
48	38	55	56
48	39	57	58
48	40	36	41
48	41	80	81
48	42	26	37
48	43	14	23
48	44	72	73
48	45	76	77
48	46	24	27
48	47	22	25
48	48	5	15
48	49	33	34
48	50	26	37
48	51	24	27
48	52	22	25
48	53	38	39
48	54	26	37
48	55	104	105
48	56	88	89
48	57	66	67
48	58	0	0
48	59	57	58
48	60	55	56
48	61	55	56
48	62	36	41
48	63	33	34
48	64	55	56
48	65	20	21
48	66	78	79
48	67	240	241
48	68	44	45
48	69	57	58
48	70	40	71
48	71	290	291
48	72	91	92
48	73	96	97
48	74	256	257
48	75	360	361
48	76	82	83
48	77	145	146
48	78	0	0
48	79	0	0
48	80	430	431
48	81	149	150
48	82	117	118
48	83	106	107
48	84	66	67
48	85	76	77
48	86	44	45
48	87	76	77
48	88	142	143
48	89	132	133
48	90	36	41
48	91	0	0
48	92	319	320
48	93	82	83
48	94	91	92
48	95	91	92
48	96	102	103
48	97	114	115
48	98	134	135
48	99	125	126
48	100	66	67
48	101	36	41
48	102	208	209
48	103	212	213
48	104	242	243
48	105	342	343
48	106	160	161
48	107	193	194
48	108	70	109
48	109	197	198
48	110	66	67
48	111	70	109
48	112	88	89
48	113	14	23
48	114	168	169
48	115	381	382
48	116	98	99
48	117	127	128
48	118	119	120
48	119	231	232
48	120	475	476
48	121	98	99
48	122	117	118
48	123	78	79
48	124	76	77
48	125	270	271
48	126	140	141
48	127	130	131
48	128	200	201
48	129	80	81
48	130	0	0
48	131	0	0
48	132	0	0
48	133	0	0
48	134	195	196
48	135	220	221
48	136	74	75
48	137	74	75
48	138	80	81
48	139	114	115
48	140	0	0
48	141	0	0
48	142	0	0
48	143	0	0
48	144	130	131
48	145	415	416
48	146	153	154
48	147	119	120
48	148	80	81
48	149	191	192
48	150	301	302
48	151	88	89
48	152	78	79
48	153	228	229
48	154	164	165
48	155	44	45
48	156	117	118
48	157	104	105
48	158	145	146
48	159	14	23
48	160	172	173
48	161	203	204
48	162	142	143
48	163	140	141
48	164	258	259
48	165	205	206
48	166	40	71
48	167	130	131
48	168	224	225
48	169	177	178
48	170	168	169
48	171	40	71
48	172	0	0
48	173	0	0
48	174	82	83
48	175	140	141
48	176	72	73
48	177	0	0
48	178	0	0
48	179	91	92
48	180	117	118
48	181	114	115
48	182	114	115
48	183	132	133
48	184	72	73
48	185	153	154
48	186	172	173
48	187	98	99
48	188	104	105
48	189	125	126
48	190	72	73
48	191	321	322
48	192	294	295
48	193	299	300
48	194	317	318
48	195	0	0
48	196	0	0
48	197	304	305
48	198	218	219
48	199	142	143
48	200	0	0
48	201	0	0
48	202	193	194
48	203	0	0
48	204	0	0
48	205	0	0
48	206	0	0
48	207	125	126
48	208	0	0
48	209	333	334
48	210	168	169
48	211	40	71
48	212	0	0
48	213	262	263
48	214	119	120
48	215	106	107
48	216	130	131
48	217	127	128
48	218	311	312
48	219	0	0
48	220	0	0
48	221	0	0
48	222	218	219
48	223	149	150
48	224	0	0
48	225	0	0
48	226	193	194
48	227	153	154
48	228	236	237
48	229	276	277
48	230	119	120
48	231	0	0
48	232	0	0
48	233	218	219
48	234	106	107
48	235	96	97
48	236	0	0
48	237	0	0
48	238	172	173
48	239	102	103
48	240	0	0
48	241	0	0
48	242	0	0
48	243	0	0
48	244	195	196
48	245	172	173
48	246	195	196
48	247	195	196
48	248	102	103
48	249	205	206
48	250	153	154
48	251	57	58
48	252	240	241
48	253	228	229
48	254	74	75
48	255	212	213
48	256	401	402
48	257	0	0
48	258	0	0
48	259	0	0
48	260	236	237
48	261	125	126
48	262	0	0
48	263	0	0
48	264	88	89
48	265	258	259
48	266	164	165
48	267	96	97
48	268	168	169
48	269	127	128
48	270	0	0
48	271	0	0
48	272	145	146
48	273	191	192
48	274	104	105
48	275	205	206
48	276	0	0
48	277	0	0
48	278	0	0
48	279	0	0
48	280	240	241
48	281	149	150
48	282	276	277
48	283	193	194
48	284	240	241
48	285	231	232
48	286	102	103
48	287	140	141
48	288	224	225
48	289	208	209
48	290	0	0
48	291	0	0
48	292	208	209
48	293	278	279
48	294	307	308
48	295	453	454
48	296	218	219
48	297	96	97
48	298	276	277
48	299	0	0
48	300	0	0
48	301	356	357
48	302	0	0
48	303	160	161
48	304	0	0
48	305	340	341
48	306	106	107
48	307	0	0
48	308	354	355
48	309	307	308
48	310	38	39
48	311	324	325
48	312	397	398
48	313	82	83
48	314	132	133
48	315	177	178
48	316	200	201
48	317	0	0
48	318	0	0
48	319	0	0
48	320	483	484
48	321	0	0
48	322	328	329
48	323	224	225
48	324	0	0
48	325	456	457
48	326	262	263
48	327	262	263
48	328	0	0
48	329	0	0
48	330	160	161
48	331	317	318
48	332	149	150
48	333	0	0
48	334	0	0
48	335	256	257
48	336	242	243
48	337	160	161
48	338	212	213
48	339	200	201
48	340	371	372
48	341	0	0
48	342	0	0
48	343	0	0
48	344	307	308
48	345	278	279
48	346	258	259
48	347	294	295
48	348	270	271
48	349	311	312
48	350	231	232
48	351	333	334
48	352	256	257
48	353	191	192
48	354	374	375
48	355	417	418
48	356	0	0
48	357	0	0
48	358	191	192
48	359	134	135
48	360	479	480
48	361	369	370
48	362	164	165
48	363	304	305
48	364	208	209
48	365	319	320
48	366	360	361
48	367	108	368
48	368	407	408
48	369	399	400
48	370	438	439
48	371	447	448
48	372	395	396
48	373	276	277
48	374	0	0
48	375	0	0
48	376	212	213
48	377	301	302
48	378	127	128
48	379	228	229
48	380	340	341
48	381	0	0
48	382	0	0
48	383	205	206
48	384	228	229
48	385	256	257
48	386	224	225
48	387	317	318
48	388	164	165
48	389	242	243
48	390	132	133
48	391	134	135
48	392	177	178
48	393	374	375
48	394	220	221
48	395	404	405
48	396	0	0
48	397	0	0
48	398	0	0
48	399	481	482
48	400	0	0
48	401	492	493
48	402	0	0
48	403	401	402
48	404	0	0
48	405	0	0
48	406	301	302
48	407	444	445
48	408	0	0
48	409	70	109
48	410	307	308
48	411	317	318
48	412	407	408
48	413	381	382
48	414	294	295
48	415	428	429
48	416	419	420
48	417	0	0
48	418	0	0
48	419	426	427
48	420	0	0
48	421	203	204
48	422	417	418
48	423	401	402
48	424	369	370
48	425	78	79
48	426	0	0
48	427	0	0
48	428	477	478
48	429	485	486
48	430	0	0
48	431	0	0
48	432	369	370
48	433	203	204
48	434	426	427
48	435	145	146
48	436	328	329
48	437	401	402
48	438	0	0
48	439	0	0
48	440	415	416
48	441	236	237
48	442	430	431
48	443	294	295
48	444	0	0
48	445	449	450
48	446	278	279
48	447	0	0
48	448	0	0
48	449	0	0
48	450	0	0
48	451	395	396
48	452	397	398
48	453	0	0
48	454	473	474
48	455	324	325
48	456	0	0
48	457	0	0
48	458	430	431
48	459	142	143
48	460	301	302
48	461	371	372
48	462	231	232
48	463	319	320
48	464	444	445
48	465	319	320
48	466	415	416
48	467	299	300
48	468	236	237
48	469	395	396
48	470	367	471
48	471	0	0
48	472	321	322
48	473	0	0
48	474	0	0
48	475	0	0
48	476	0	0
48	477	0	0
48	478	0	0
48	479	0	0
48	480	0	0
48	481	0	0
48	482	0	0
48	483	0	0
48	484	0	0
48	485	0	0
48	486	0	0
48	487	417	418
48	488	354	355
48	489	70	109
48	490	371	372
48	491	479	480
48	492	0	0
48	493	0	0
48	494	38	39
48	495	197	198
48	496	475	476
48	497	415	416
48	498	447	448
48	499	200	201
48	500	203	204
