14	1	0	0
14	2	1	3
14	3	0	0
14	4	2	5
14	5	11	12
14	6	1	3
14	7	4	8
14	8	15	16
14	9	4	8
14	10	2	5
14	11	0	0
14	12	0	0
14	13	1	3
14	14	11	12
14	15	20	21
14	16	60	61
14	17	11	12
14	18	4	8
14	19	1	3
14	20	0	0
14	21	0	0
14	22	2	5
14	23	15	16
14	24	15	16
14	25	11	12
14	26	15	16
14	27	7	28
14	28	43	44
14	29	20	21
14	30	7	28
14	31	2	5
14	32	4	8
14	33	7	28
14	34	27	35
14	35	55	56
14	36	7	28
14	37	34	38
14	38	46	47
14	39	34	38
14	40	34	38
14	41	27	35
14	42	20	21
14	43	48	49
14	44	106	107
14	45	20	21
14	46	110	111
14	47	88	89
14	48	77	78
14	49	62	63
14	50	27	35
14	51	48	49
14	52	46	47
14	53	46	47
14	54	34	38
14	55	179	180
14	56	65	66
14	57	46	47
14	58	55	56
14	59	48	49
14	60	0	0
14	61	0	0
14	62	0	0
14	63	0	0
14	64	55	56
14	65	73	74
14	66	82	83
14	67	62	63
14	68	48	49
14	69	60	61
14	70	65	66
14	71	62	63
14	72	55	56
14	73	0	0
14	74	80	81
14	75	27	35
14	76	62	63
14	77	0	0
14	78	0	0
14	79	43	44
14	80	0	0
14	81	0	0
14	82	98	99
14	83	84	85
14	84	0	0
14	85	0	0
14	86	43	44
14	87	80	81
14	88	117	118
14	89	114	115
14	90	65	66
14	91	73	74
14	92	88	89
14	93	77	78
14	94	84	85
14	95	84	85
14	96	65	66
14	97	77	78
14	98	0	0
14	99	0	0
14	100	82	83
14	101	82	83
14	102	73	74
14	103	84	85
14	104	60	61
14	105	43	44
14	106	119	120
14	107	139	140
14	108	98	99
14	109	106	107
14	110	148	149
14	111	135	136
14	112	77	78
14	113	73	74
14	114	0	0
14	115	155	156
14	116	60	61
14	117	142	143
14	118	160	161
14	119	0	0
14	120	0	0
14	121	37	122
14	122	127	128
14	123	110	111
14	124	121	125
14	125	131	132
14	126	119	120
14	127	0	0
14	128	169	170
14	129	88	89
14	130	98	99
14	131	0	0
14	132	0	0
14	133	88	89
14	134	106	107
14	135	0	0
14	136	151	152
14	137	121	125
14	138	131	132
14	139	0	0
14	140	0	0
14	141	121	125
14	142	162	163
14	143	0	0
14	144	135	136
14	145	131	132
14	146	135	136
14	147	131	132
14	148	185	186
14	149	0	0
14	150	37	122
14	151	0	0
14	152	0	0
14	153	151	152
14	154	127	128
14	155	0	0
14	156	0	0
14	157	127	128
14	158	148	149
14	159	151	152
14	160	0	0
14	161	187	188
14	162	0	0
14	163	0	0
14	164	98	99
14	165	121	125
14	166	117	118
14	167	82	83
14	168	127	128
14	169	189	190
14	170	177	178
14	171	80	81
14	172	169	170
14	173	148	149
14	174	151	152
14	175	37	122
14	176	110	111
14	177	0	0
14	178	0	0
14	179	0	0
14	180	191	192
14	181	110	111
14	182	169	170
14	183	37	122
14	184	106	107
14	185	0	0
14	186	0	0
14	187	0	0
14	188	0	0
14	189	0	0
14	190	0	0
14	191	0	0
14	192	0	0
14	193	187	188
14	194	177	178
14	195	155	156
14	196	139	140
14	197	160	161
14	198	177	178
14	199	139	140
14	200	0	0
