9	1	0	0
9	2	1	3
9	3	0	0
9	4	1	3
9	5	1	3
9	6	1	3
9	7	2	8
9	8	19	20
9	9	7	10
9	10	12	13
9	11	7	10
9	12	16	17
9	13	22	23
9	14	2	8
9	15	2	8
9	16	0	0
9	17	0	0
9	18	2	8
9	19	0	0
9	20	0	0
9	21	12	13
9	22	0	0
9	23	0	0
9	24	12	13
9	25	16	17
9	26	12	13
9	27	16	17
9	28	7	10
9	29	9	30
9	30	50	51
9	31	22	23
9	32	22	23
9	33	29	34
9	34	80	81
9	35	33	36
9	36	48	49
9	37	29	34
9	38	16	17
9	39	9	30
9	40	7	10
9	41	9	30
9	42	33	36
9	43	9	30
9	44	29	34
9	45	22	23
9	46	19	20
9	47	29	34
9	48	52	53
9	49	60	61
9	50	54	55
9	51	70	71
9	52	93	94
9	53	171	172
9	54	89	90
9	55	64	65
9	56	50	51
9	57	48	49
9	58	48	49
9	59	54	55
9	60	115	116
9	61	95	96
9	62	48	49
9	63	52	53
9	64	0	0
9	65	0	0
9	66	50	51
9	67	35	68
9	68	76	77
9	69	50	51
9	70	99	100
9	71	243	244
9	72	54	55
9	73	52	53
9	74	54	55
9	75	35	68
9	76	119	120
9	77	82	83
9	78	67	79
9	79	87	88
9	80	139	140
9	81	123	124
9	82	103	104
9	83	0	0
9	84	64	65
9	85	52	53
9	86	80	81
9	87	313	314
9	88	156	157
9	89	0	0
9	90	0	0
9	91	70	71
9	92	35	68
9	93	256	257
9	94	160	161
9	95	135	136
9	96	129	130
9	97	87	88
9	98	82	83
9	99	0	0
9	100	0	0
9	101	33	36
9	102	60	61
9	103	444	445
9	104	113	114
9	105	67	79
9	106	95	96
9	107	70	71
9	108	93	94
9	109	82	83
9	110	103	104
9	111	78	112
9	112	294	295
9	113	234	235
9	114	274	275
9	115	131	132
9	116	209	210
9	117	80	81
9	118	95	96
9	119	144	145
9	120	218	219
9	121	82	83
9	122	115	116
9	123	0	0
9	124	365	366
9	125	89	90
9	126	87	88
9	127	70	71
9	128	76	77
9	129	0	0
9	130	333	334
9	131	0	0
9	132	152	153
9	133	99	100
9	134	35	68
9	135	174	175
9	136	149	150
9	137	123	124
9	138	95	96
9	139	176	177
9	140	0	0
9	141	89	90
9	142	78	112
9	143	113	114
9	144	265	266
9	145	289	290
9	146	111	147
9	147	166	167
9	148	67	79
9	149	0	0
9	150	0	0
9	151	78	112
9	152	0	0
9	153	0	0
9	154	146	155
9	155	394	395
9	156	187	188
9	157	180	181
9	158	129	130
9	159	80	81
9	160	0	0
9	161	162	163
9	162	0	0
9	163	0	0
9	164	146	155
9	165	144	145
9	166	193	194
9	167	0	0
9	168	67	79
9	169	119	120
9	170	160	161
9	171	178	179
9	172	451	452
9	173	160	161
9	174	0	0
9	175	0	0
9	176	268	269
9	177	286	287
9	178	0	0
9	179	0	0
9	180	203	204
9	181	276	277
9	182	160	161
9	183	87	88
9	184	174	175
9	185	123	124
9	186	171	172
9	187	200	201
9	188	191	192
9	189	111	147
9	190	180	181
9	191	261	262
9	192	329	330
9	193	301	302
9	194	249	250
9	195	171	172
9	196	180	181
9	197	156	157
9	198	115	116
9	199	135	136
9	200	215	216
9	201	0	0
9	202	146	155
9	203	311	312
9	204	284	285
9	205	78	112
9	206	149	150
9	207	171	172
9	208	76	77
9	209	353	354
9	210	270	271
9	211	19	20
9	212	19	20
9	213	193	194
9	214	115	116
9	215	0	0
9	216	429	430
9	217	146	155
9	218	0	0
9	219	363	364
9	220	152	153
9	221	113	114
9	222	123	124
9	223	156	157
9	224	99	100
9	225	139	140
9	226	64	65
9	227	113	114
9	228	191	192
9	229	215	216
9	230	166	167
9	231	166	167
9	232	33	36
9	233	203	204
9	234	272	273
9	235	492	493
9	236	93	94
9	237	149	150
9	238	234	235
9	239	162	163
9	240	180	181
9	241	139	140
9	242	139	140
9	243	0	0
9	244	0	0
9	245	243	244
9	246	193	194
9	247	243	244
9	248	200	201
9	249	0	0
9	250	307	308
9	251	156	157
9	252	93	94
9	253	249	250
9	254	64	65
9	255	200	201
9	256	259	260
9	257	410	411
9	258	111	147
9	259	0	0
9	260	0	0
9	261	0	0
9	262	315	316
9	263	261	262
9	264	259	260
9	265	299	300
9	266	0	0
9	267	191	192
9	268	0	0
9	269	0	0
9	270	0	0
9	271	0	0
9	272	0	0
9	273	0	0
9	274	325	326
9	275	345	346
9	276	382	383
9	277	472	473
9	278	261	262
9	279	111	147
9	280	234	235
9	281	129	130
9	282	276	277
9	283	152	153
9	284	327	328
9	285	309	310
9	286	0	0
9	287	0	0
9	288	76	77
9	289	421	422
9	290	435	436
9	291	166	167
9	292	191	192
9	293	276	277
9	294	0	0
9	295	304	305
9	296	129	130
9	297	289	290
9	298	131	132
9	299	368	369
9	300	343	344
9	301	449	450
9	302	0	0
9	303	178	179
9	304	336	337
9	305	396	397
9	306	99	100
9	307	0	0
9	308	415	416
9	309	401	402
9	310	350	351
9	311	377	378
9	312	372	373
9	313	0	0
9	314	319	320
9	315	0	0
9	316	425	426
9	317	176	177
9	318	209	210
9	319	338	339
9	320	0	0
9	321	284	285
9	322	89	90
9	323	249	250
9	324	261	262
9	325	0	0
9	326	0	0
9	327	418	419
9	328	463	464
9	329	0	0
9	330	0	0
9	331	249	250
9	332	319	320
9	333	0	0
9	334	0	0
9	335	174	175
9	336	0	0
9	337	0	0
9	338	0	0
9	339	388	389
9	340	144	145
9	341	203	204
9	342	187	188
9	343	0	0
9	344	0	0
9	345	0	0
9	346	0	0
9	347	286	287
9	348	329	330
9	349	325	326
9	350	0	0
9	351	0	0
9	352	299	300
9	353	0	0
9	354	0	0
9	355	307	308
9	356	325	326
9	357	343	344
9	358	265	266
9	359	152	153
9	360	336	337
9	361	234	235
9	362	336	337
9	363	0	0
9	364	485	486
9	365	0	0
9	366	403	404
9	367	176	177
9	368	0	0
9	369	0	0
9	370	270	271
9	371	203	204
9	372	0	0
9	373	0	0
9	374	274	275
9	375	256	257
9	376	343	344
9	377	412	413
9	378	385	386
9	379	103	104
9	380	274	275
9	381	372	373
9	382	0	0
9	383	0	0
9	384	368	369
9	385	0	0
9	386	0	0
9	387	135	136
9	388	0	0
9	389	0	0
9	390	377	378
9	391	353	354
9	392	365	366
9	393	218	219
9	394	438	439
9	395	0	0
9	396	0	0
9	397	0	0
9	398	176	177
9	399	325	326
9	400	178	179
9	401	0	0
9	402	0	0
9	403	0	0
9	404	0	0
9	405	154	406
9	406	474	475
9	407	401	402
9	408	272	273
9	409	365	366
9	410	0	0
9	411	0	0
9	412	0	0
9	413	0	0
9	414	144	145
9	415	469	470
9	416	0	0
9	417	274	275
9	418	0	0
9	419	0	0
9	420	403	404
9	421	0	0
9	422	0	0
9	423	396	397
9	424	103	104
9	425	0	0
9	426	0	0
9	427	368	369
9	428	350	351
9	429	0	0
9	430	0	0
9	431	425	426
9	432	301	302
9	433	388	389
9	434	60	61
9	435	0	0
9	436	0	0
9	437	365	366
9	438	0	0
9	439	0	0
9	440	353	354
9	441	243	244
9	442	385	386
9	443	350	351
9	444	490	491
9	445	0	0
9	446	60	61
9	447	385	386
9	448	363	364
9	449	454	455
9	450	0	0
9	451	0	0
9	452	0	0
9	453	438	439
9	454	0	0
9	455	0	0
9	456	333	334
9	457	353	354
9	458	286	287
9	459	405	460
9	460	0	0
9	461	429	430
9	462	193	194
9	463	0	0
9	464	0	0
9	465	276	277
9	466	463	464
9	467	329	330
9	468	410	411
9	469	0	0
9	470	0	0
9	471	363	364
9	472	0	0
9	473	479	480
9	474	0	0
9	475	0	0
9	476	218	219
9	477	454	455
9	478	444	445
9	479	0	0
9	480	0	0
9	481	435	436
9	482	412	413
9	483	401	402
9	484	313	314
9	485	0	0
9	486	0	0
9	487	265	266
9	488	472	473
9	489	372	373
9	490	0	0
9	491	494	495
9	492	0	0
9	493	0	0
9	494	0	0
9	495	0	0
9	496	149	150
9	497	311	312
9	498	162	163
9	499	451	452
9	500	454	455
