36	1	0	0
36	2	1	3
36	3	0	0
36	4	2	5
36	5	8	9
36	6	4	7
36	7	16	17
36	8	0	0
36	9	0	0
36	10	2	5
36	11	4	7
36	12	8	9
36	13	6	14
36	14	35	36
36	15	8	9
36	16	20	21
36	17	30	31
36	18	8	9
36	19	6	14
36	20	0	0
36	21	0	0
36	22	20	21
36	23	6	14
36	24	16	17
36	25	4	7
36	26	4	7
36	27	20	21
36	28	16	17
36	29	1	3
36	30	0	0
36	31	0	0
36	32	20	21
36	33	30	31
36	34	2	5
36	35	74	75
36	36	39	40
36	37	1	3
36	38	16	17
36	39	66	67
36	40	45	46
36	41	35	36
36	42	39	40
36	43	1	3
36	44	35	36
36	45	0	0
36	46	0	0
36	47	39	40
36	48	39	40
36	49	45	46
36	50	2	5
36	51	45	46
36	52	6	14
36	53	13	54
36	54	55	56
36	55	58	59
36	56	62	63
36	57	30	31
36	58	80	81
36	59	72	73
36	60	55	56
36	61	55	56
36	62	77	78
36	63	103	104
36	64	35	36
36	65	30	31
36	66	0	0
36	67	0	0
36	68	62	63
36	69	45	46
36	70	62	63
36	71	66	67
36	72	192	193
36	73	82	83
36	74	90	91
36	75	0	0
36	76	58	59
36	77	95	96
36	78	93	94
36	79	66	67
36	80	110	111
36	81	88	89
36	82	0	0
36	83	0	0
36	84	66	67
36	85	82	83
36	86	72	73
36	87	80	81
36	88	0	0
36	89	0	0
36	90	0	0
36	91	0	0
36	92	82	83
36	93	0	0
36	94	0	0
36	95	0	0
36	96	0	0
36	97	82	83
36	98	55	56
36	99	72	73
36	100	77	78
36	101	77	78
36	102	58	59
36	103	139	140
36	104	129	130
36	105	13	54
36	106	95	96
36	107	88	89
36	108	77	78
36	109	62	63
36	110	0	0
36	111	0	0
36	112	74	75
36	113	13	54
36	114	103	104
36	115	88	89
36	116	93	94
36	117	80	81
36	118	90	91
36	119	90	91
36	120	72	73
36	121	53	122
36	122	152	153
36	123	58	59
36	124	88	89
36	125	53	122
36	126	80	81
36	127	121	128
36	128	132	133
36	129	0	0
36	130	0	0
36	131	53	122
36	132	265	266
36	133	190	191
36	134	129	130
36	135	74	75
36	136	121	128
36	137	121	128
36	138	74	75
36	139	0	0
36	140	0	0
36	141	139	140
36	142	121	128
36	143	90	91
36	144	110	111
36	145	127	146
36	146	201	202
36	147	95	96
36	148	139	140
36	149	13	54
36	150	145	151
36	151	160	161
36	152	166	167
36	153	155	156
36	154	110	111
36	155	157	158
36	156	171	172
36	157	205	206
36	158	211	212
36	159	145	151
36	160	168	169
36	161	174	175
36	162	157	158
36	163	129	130
36	164	155	156
36	165	145	151
36	166	188	189
36	167	237	238
36	168	186	187
36	169	0	0
36	170	157	158
36	171	0	0
36	172	0	0
36	173	171	172
36	174	0	0
36	175	227	228
36	176	166	167
36	177	155	156
36	178	110	111
36	179	132	133
36	180	145	151
36	181	166	167
36	182	171	172
36	183	155	156
36	184	174	175
36	185	139	140
36	186	225	226
36	187	203	204
36	188	282	283
36	189	0	0
36	190	230	231
36	191	199	200
36	192	0	0
36	193	0	0
36	194	93	94
36	195	53	122
36	196	190	191
36	197	168	169
36	198	129	130
36	199	0	0
36	200	223	224
36	201	0	0
36	202	0	0
36	203	219	220
36	204	213	214
36	205	298	299
36	206	263	264
36	207	205	206
36	208	192	193
36	209	127	146
36	210	190	191
36	211	0	0
36	212	0	0
36	213	216	217
36	214	0	0
36	215	168	169
36	216	0	0
36	217	258	259
36	218	203	204
36	219	244	245
36	220	289	290
36	221	103	104
36	222	132	133
36	223	0	0
36	224	296	297
36	225	0	0
36	226	0	0
36	227	0	0
36	228	240	241
36	229	219	220
36	230	0	0
36	231	0	0
36	232	152	153
36	233	103	104
36	234	227	228
36	235	216	217
36	236	152	153
36	237	249	250
36	238	242	243
36	239	227	228
36	240	272	273
36	241	251	252
36	242	0	0
36	243	0	0
36	244	0	0
36	245	0	0
36	246	95	96
36	247	242	243
36	248	192	193
36	249	268	269
36	250	261	262
36	251	0	0
36	252	0	0
36	253	174	175
36	254	132	133
36	255	150	256
36	256	280	281
36	257	150	256
36	258	274	275
36	259	0	0
36	260	188	189
36	261	0	0
36	262	0	0
36	263	0	0
36	264	0	0
36	265	0	0
36	266	0	0
36	267	240	241
36	268	0	0
36	269	0	0
36	270	93	94
36	271	171	172
36	272	0	0
36	273	0	0
36	274	0	0
36	275	0	0
36	276	268	269
36	277	186	187
36	278	230	231
36	279	265	266
36	280	0	0
36	281	0	0
36	282	0	0
36	283	0	0
36	284	174	175
36	285	188	189
36	286	251	252
36	287	203	204
36	288	186	187
36	289	0	0
36	290	0	0
36	291	289	290
36	292	272	273
36	293	258	259
36	294	213	214
36	295	223	224
36	296	0	0
36	297	0	0
36	298	0	0
36	299	0	0
36	300	255	0
