43	1	0	0
43	2	1	3
43	3	0	0
43	4	1	3
43	5	1	3
43	6	1	3
43	7	2	8
43	8	9	10
43	9	0	0
43	10	0	0
43	11	2	8
43	12	7	13
43	13	48	49
43	14	12	15
43	15	18	19
43	16	9	10
43	17	12	15
43	18	20	21
43	19	43	44
43	20	25	26
43	21	28	29
43	22	7	13
43	23	9	10
43	24	7	13
43	25	0	0
43	26	0	0
43	27	25	26
43	28	0	0
43	29	0	0
43	30	9	10
43	31	28	29
43	32	12	15
43	33	20	21
43	34	18	19
43	35	18	19
43	36	14	37
43	37	52	53
43	38	18	19
43	39	14	37
43	40	20	21
43	41	28	29
43	42	28	29
43	43	87	88
43	44	55	56
43	45	43	44
43	46	2	8
43	47	2	8
43	48	65	66
43	49	0	0
43	50	48	49
43	51	20	21
43	52	61	62
43	53	0	0
43	54	25	26
43	55	0	0
43	56	0	0
43	57	48	49
43	58	25	26
43	59	43	44
43	60	43	44
43	61	0	0
43	62	73	74
43	63	55	56
43	64	48	49
43	65	0	0
43	66	0	0
43	67	61	62
43	68	65	66
43	69	36	70
43	70	82	83
43	71	55	56
43	72	7	13
43	73	0	0
43	74	85	86
43	75	73	74
43	76	55	56
43	77	14	37
43	78	12	15
43	79	69	80
43	80	0	0
43	81	69	80
43	82	0	0
43	83	0	0
43	84	82	83
43	85	0	0
43	86	0	0
43	87	0	0
43	88	0	0
43	89	79	90
43	90	0	0
43	91	87	88
43	92	82	83
43	93	87	88
43	94	87	88
43	95	61	62
43	96	85	86
43	97	79	90
43	98	14	37
43	99	85	86
43	100	0	0
