42	1	0	0
42	2	1	3
42	3	0	0
42	4	2	5
42	5	10	11
42	6	2	5
42	7	1	3
42	8	1	3
42	9	1	3
42	10	0	0
42	11	0	0
42	12	10	11
42	13	10	11
42	14	2	5
42	15	2	5
42	16	10	11
42	17	4	18
42	18	31	32
42	19	17	20
42	20	23	24
42	21	4	18
42	22	17	20
42	23	0	0
42	24	26	27
42	25	17	20
42	26	42	43
42	27	0	0
42	28	19	29
42	29	36	37
42	30	19	29
42	31	40	41
42	32	0	0
42	33	31	32
42	34	31	32
42	35	17	20
42	36	0	0
42	37	0	0
42	38	26	27
42	39	31	32
42	40	0	0
42	41	0	0
42	42	0	0
42	43	0	0
42	44	4	18
42	45	42	43
42	46	28	47
42	47	0	0
42	48	19	29
42	49	19	29
42	50	26	27
