46	1	0	0
46	2	1	3
46	3	0	0
46	4	1	3
46	5	1	3
46	6	1	3
46	7	2	8
46	8	20	21
46	9	2	8
46	10	2	8
46	11	2	8
46	12	7	13
46	13	16	17
46	14	7	13
46	15	7	13
46	16	25	26
46	17	22	23
46	18	16	17
46	19	16	17
46	20	0	0
46	21	0	0
46	22	0	0
46	23	0	0
46	24	20	21
46	25	0	0
46	26	0	0
46	27	12	28
46	28	0	0
46	29	25	26
46	30	16	17
46	31	12	28
46	32	22	23
46	33	22	23
46	34	7	13
46	35	22	23
46	36	25	26
46	37	25	26
46	38	12	28
46	39	20	21
46	40	27	41
46	41	42	43
46	42	0	0
46	43	45	46
46	44	27	41
46	45	48	49
46	46	0	0
46	47	27	41
46	48	0	0
46	49	0	0
46	50	20	21
