10	1	0	0
10	2	1	3
10	3	0	0
10	4	2	5
10	5	18	19
10	6	4	7
10	7	16	17
10	8	6	9
10	9	55	56
10	10	4	7
10	11	1	3
10	12	6	9
10	13	1	3
10	14	6	9
10	15	4	7
10	16	47	48
10	17	25	26
10	18	0	0
10	19	0	0
10	20	18	19
10	21	1	3
10	22	8	23
10	23	41	42
10	24	18	19
10	25	0	0
10	26	0	0
10	27	18	19
10	28	25	26
10	29	22	30
10	30	43	44
10	31	16	17
10	32	2	5
10	33	2	5
10	34	16	17
10	35	8	23
10	36	25	26
10	37	25	26
10	38	4	7
10	39	2	5
10	40	6	9
10	41	105	106
10	42	45	46
10	43	53	54
10	44	51	52
10	45	299	300
10	46	49	50
10	47	0	0
10	48	0	0
10	49	113	114
10	50	71	72
10	51	57	58
10	52	73	74
10	53	151	152
10	54	78	79
10	55	60	61
10	56	212	213
10	57	89	90
10	58	118	119
10	59	16	17
10	60	98	99
10	61	63	64
10	62	57	58
10	63	0	0
10	64	0	0
10	65	55	56
10	66	63	64
10	67	51	52
10	68	57	58
10	69	45	46
10	70	8	23
10	71	0	0
10	72	0	0
10	73	81	82
10	74	116	117
10	75	55	56
10	76	73	74
10	77	51	52
10	78	274	275
10	79	174	175
10	80	78	79
10	81	94	95
10	82	83	84
10	83	0	0
10	84	0	0
10	85	55	56
10	86	83	84
10	87	45	46
10	88	43	44
10	89	136	137
10	90	109	110
10	91	29	92
10	92	200	201
10	93	45	46
10	94	0	0
10	95	0	0
10	96	71	72
10	97	41	42
10	98	0	0
10	99	0	0
10	100	98	99
10	101	41	42
10	102	81	82
10	103	49	50
10	104	53	54
10	105	168	169
10	106	209	210
10	107	47	48
10	108	60	61
10	109	0	0
10	110	0	0
10	111	89	90
10	112	89	90
10	113	0	0
10	114	0	0
10	115	105	106
10	116	398	399
10	117	128	129
10	118	171	172
10	119	138	139
10	120	8	23
10	121	83	84
10	122	78	79
10	123	49	50
10	124	83	84
10	125	29	92
10	126	53	54
10	127	60	61
10	128	0	0
10	129	0	0
10	130	47	48
10	131	73	74
10	132	49	50
10	133	53	54
10	134	89	90
10	135	41	42
10	136	0	0
10	137	0	0
10	138	0	0
10	139	0	0
10	140	94	95
10	141	63	64
10	142	94	95
10	143	29	92
10	144	109	110
10	145	78	79
10	146	136	137
10	147	128	129
10	148	105	106
10	149	138	139
10	150	51	52
10	151	154	155
10	152	187	188
10	153	71	72
10	154	205	206
10	155	234	235
10	156	71	72
10	157	118	119
10	158	113	114
10	159	81	82
10	160	136	137
10	161	118	119
10	162	57	58
10	163	73	74
10	164	91	165
10	165	215	216
10	166	151	152
10	167	105	106
10	168	183	184
10	169	262	263
10	170	151	152
10	171	0	0
10	172	0	0
10	173	128	129
10	174	267	268
10	175	192	193
10	176	118	119
10	177	47	48
10	178	151	152
10	179	63	64
10	180	136	137
10	181	91	165
10	182	22	30
10	183	0	0
10	184	0	0
10	185	128	129
10	186	43	44
10	187	207	208
10	188	337	338
10	189	98	99
10	190	98	99
10	191	29	92
10	192	0	0
10	193	0	0
10	194	60	61
10	195	116	117
10	196	109	110
10	197	109	110
10	198	22	30
10	199	183	184
10	200	296	297
10	201	587	588
10	202	138	139
10	203	164	204
10	204	248	249
10	205	0	0
10	206	0	0
10	207	0	0
10	208	0	0
10	209	284	285
10	210	323	324
10	211	174	175
10	212	229	230
10	213	240	241
10	214	183	184
10	215	236	237
10	216	831	832
10	217	43	44
10	218	116	117
10	219	22	30
10	220	203	221
10	221	255	256
10	222	168	169
10	223	168	169
10	224	209	210
10	225	205	206
10	226	171	172
10	227	94	95
10	228	203	221
10	229	0	0
10	230	0	0
10	231	187	188
10	232	212	213
10	233	200	201
10	234	0	0
10	235	0	0
10	236	433	434
10	237	292	293
10	238	203	221
10	239	81	82
10	240	0	0
10	241	0	0
10	242	207	208
10	243	236	237
10	244	234	235
10	245	203	221
10	246	229	230
10	247	209	210
10	248	692	693
10	249	309	310
10	250	113	114
10	251	192	193
10	252	164	204
10	253	171	172
10	254	164	204
10	255	0	0
10	256	370	371
10	257	212	213
10	258	91	165
10	259	255	256
10	260	234	235
10	261	234	235
10	262	0	0
10	263	0	0
10	264	248	249
10	265	212	213
10	266	248	249
10	267	0	0
10	268	0	0
10	269	240	241
10	270	168	169
10	271	164	204
10	272	255	256
10	273	255	256
10	274	347	348
10	275	314	315
10	276	138	139
10	277	154	155
10	278	229	230
10	279	171	172
10	280	154	155
10	281	215	216
10	282	274	275
10	283	207	208
10	284	0	0
10	285	0	0
10	286	113	114
10	287	154	155
10	288	91	165
10	289	174	175
10	290	209	210
10	291	262	263
10	292	492	493
10	293	329	330
10	294	284	285
10	295	200	201
10	296	321	322
10	297	0	0
10	298	284	285
10	299	316	317
10	300	385	386
10	301	267	268
10	302	205	206
10	303	116	117
10	304	220	305
10	305	311	312
10	306	236	237
10	307	187	188
10	308	187	188
10	309	460	461
10	310	422	423
10	311	364	365
10	312	748	749
10	313	200	201
10	314	0	0
10	315	0	0
10	316	0	0
10	317	0	0
10	318	229	230
10	319	220	305
10	320	207	208
10	321	521	522
10	322	349	350
10	323	0	0
10	324	0	0
10	325	274	275
10	326	316	317
10	327	316	317
10	328	314	315
10	329	362	363
10	330	392	393
10	331	329	330
10	332	267	268
10	333	267	268
10	334	292	293
10	335	292	293
10	336	192	193
10	337	0	0
10	338	0	0
10	339	299	300
10	340	292	293
10	341	314	315
10	342	337	338
10	343	240	241
10	344	220	305
10	345	274	275
10	346	296	297
10	347	0	0
10	348	0	0
10	349	0	0
10	350	403	404
10	351	183	184
10	352	349	350
10	353	262	263
10	354	349	350
10	355	337	338
10	356	248	249
10	357	284	285
10	358	347	348
10	359	349	350
10	360	316	317
10	361	347	348
10	362	450	451
10	363	502	503
10	364	368	369
10	365	377	378
10	366	220	305
10	367	309	310
10	368	454	455
10	369	458	459
10	370	456	457
10	371	915	916
10	372	364	365
10	373	299	300
10	374	236	237
10	375	215	216
10	376	370	371
10	377	833	834
10	378	379	380
10	379	678	679
10	380	628	629
10	381	174	175
10	382	262	263
10	383	299	300
10	384	337	338
10	385	0	0
10	386	0	0
10	387	379	380
10	388	311	312
10	389	205	206
10	390	304	391
10	391	396	397
10	392	447	448
10	393	437	438
10	394	296	297
10	395	370	371
10	396	518	519
10	397	401	402
10	398	0	0
10	399	0	0
10	400	347	348
10	401	412	413
10	402	435	436
10	403	414	415
10	404	418	419
10	405	401	402
10	406	215	216
10	407	398	399
10	408	329	330
10	409	314	315
10	410	240	241
10	411	323	324
10	412	469	470
10	413	427	428
10	414	0	0
10	415	0	0
10	416	329	330
10	417	296	297
10	418	0	0
10	419	0	0
10	420	370	371
10	421	304	391
10	422	504	505
10	423	425	426
10	424	368	369
10	425	465	466
10	426	719	720
10	427	496	497
10	428	473	474
10	429	377	378
10	430	304	391
10	431	309	310
10	432	192	193
10	433	486	487
10	434	697	698
10	435	514	515
10	436	585	586
10	437	444	445
10	438	0	0
10	439	362	363
10	440	311	312
10	441	323	324
10	442	309	310
10	443	392	393
10	444	0	0
10	445	0	0
10	446	425	426
10	447	506	507
10	448	630	631
10	449	362	363
10	450	569	570
10	451	483	484
10	452	414	415
10	453	447	448
10	454	467	468
10	455	565	566
10	456	888	889
10	457	0	0
10	458	490	491
10	459	471	472
10	460	500	501
10	461	478	479
10	462	390	463
10	463	626	627
10	464	456	457
10	465	847	848
10	466	481	482
10	467	550	551
10	468	0	0
10	469	0	0
10	470	0	0
10	471	554	555
10	472	0	0
10	473	865	866
10	474	676	677
10	475	458	459
10	476	398	399
10	477	377	378
10	478	723	724
10	479	494	495
10	480	478	479
10	481	710	711
10	482	0	0
10	483	0	0
10	484	0	0
10	485	385	386
10	486	578	579
10	487	614	615
10	488	460	461
10	489	414	415
10	490	836	837
10	491	498	499
10	492	0	0
10	493	794	795
10	494	0	0
10	495	934	935
10	496	547	548
10	497	591	592
10	498	758	759
10	499	516	517
10	500	0	0
10	501	0	0
10	502	0	0
10	503	769	770
10	504	0	0
10	505	552	553
10	506	0	0
10	507	0	0
10	508	506	507
10	509	435	436
10	510	469	470
10	511	396	397
10	512	458	459
10	513	460	461
10	514	526	527
10	515	608	609
10	516	923	924
10	517	858	859
10	518	598	599
10	519	666	667
10	520	454	455
10	521	528	529
10	522	634	635
10	523	481	482
10	524	458	459
10	525	454	455
10	526	637	638
10	527	660	661
10	528	559	560
10	529	808	809
10	530	521	522
10	531	392	393
10	532	368	369
10	533	494	495
10	534	435	436
10	535	496	497
10	536	467	468
10	537	435	436
10	538	478	479
10	539	478	479
10	540	450	451
10	541	500	501
10	542	368	369
10	543	514	515
10	544	456	457
10	545	321	322
10	546	460	461
10	547	639	640
10	548	950	951
10	549	390	463
10	550	735	736
10	551	0	0
10	552	0	0
10	553	580	581
10	554	595	596
10	555	969	970
10	556	473	474
10	557	304	391
10	558	433	434
10	559	0	0
10	560	0	0
10	561	552	553
10	562	379	380
10	563	379	380
10	564	559	560
10	565	820	821
10	566	571	572
10	567	518	519
10	568	467	468
10	569	0	0
10	570	0	0
10	571	0	0
10	572	632	633
10	573	385	386
10	574	401	402
10	575	401	402
10	576	486	487
10	577	425	426
10	578	668	669
10	579	0	0
10	580	746	747
10	581	644	645
10	582	498	499
10	583	469	470
10	584	450	451
10	585	600	601
10	586	785	786
10	587	727	728
10	588	763	764
10	589	559	560
10	590	311	312
10	591	702	703
10	592	0	0
10	593	552	553
10	594	412	413
10	595	621	622
10	596	0	0
10	597	506	507
10	598	0	0
10	599	0	0
10	600	674	675
10	601	671	672
10	602	595	596
10	603	473	474
10	604	516	517
10	605	456	457
10	606	521	522
10	607	569	570
10	608	792	793
10	609	814	815
10	610	412	413
10	611	414	415
10	612	392	393
10	613	492	493
10	614	0	0
10	615	0	0
10	616	398	399
10	617	364	365
10	618	614	615
10	619	362	363
10	620	450	451
10	621	0	0
10	622	0	0
10	623	550	551
10	624	571	572
10	625	471	472
10	626	0	0
10	627	662	663
10	628	943	944
10	629	997	998
10	630	0	0
10	631	0	0
10	632	993	994
10	633	0	0
10	634	766	767
10	635	683	684
10	636	471	472
10	637	778	779
10	638	0	0
10	639	881	882
10	640	715	716
10	641	552	553
10	642	521	522
10	643	496	497
10	644	0	0
10	645	0	0
10	646	473	474
10	647	403	404
10	648	492	493
10	649	323	324
10	650	516	517
10	651	454	455
10	652	637	638
10	653	433	434
10	654	526	527
10	655	600	601
10	656	591	592
10	657	377	378
10	658	506	507
10	659	514	515
10	660	700	701
10	661	825	826
10	662	966	967
10	663	686	687
10	664	630	631
10	665	591	592
10	666	827	828
10	667	0	0
10	668	0	0
10	669	983	984
10	670	422	423
10	671	868	869
10	672	810	811
10	673	492	493
10	674	0	0
10	675	0	0
10	676	804	805
10	677	680	681
10	678	0	0
10	679	737	738
10	680	743	744
10	681	973	974
10	682	547	548
10	683	0	0
10	684	0	0
10	685	637	638
10	686	707	708
10	687	0	0
10	688	418	419
10	689	630	631
10	690	585	586
10	691	427	428
10	692	0	0
10	693	921	922
10	694	490	491
10	695	639	640
10	696	692	693
10	697	0	0
10	698	0	0
10	699	671	672
10	700	801	802
10	701	772	773
10	702	731	732
10	703	0	0
10	704	674	675
10	705	578	579
10	706	467	468
10	707	0	0
10	708	995	996
10	709	437	438
10	710	0	0
10	711	0	0
10	712	547	548
10	713	412	413
10	714	550	551
10	715	0	0
10	716	799	800
10	717	437	438
10	718	700	701
10	719	860	861
10	720	0	0
10	721	715	716
10	722	630	631
10	723	0	0
10	724	0	0
10	725	502	503
10	726	686	687
10	727	0	0
10	728	0	0
10	729	678	679
10	730	608	609
10	731	0	0
10	732	0	0
10	733	683	684
10	734	483	484
10	735	0	0
10	736	0	0
10	737	0	0
10	738	0	0
10	739	702	703
10	740	422	423
10	741	465	466
10	742	692	693
10	743	0	0
10	744	0	0
10	745	447	448
10	746	0	0
10	747	776	777
10	748	948	949
10	749	0	0
10	750	490	491
10	751	444	445
10	752	580	581
10	753	559	560
10	754	632	633
10	755	591	592
10	756	403	404
10	757	554	555
10	758	0	0
10	759	0	0
10	760	565	566
10	761	433	434
10	762	571	572
10	763	963	964
10	764	0	0
10	765	723	724
10	766	0	0
10	767	0	0
10	768	321	322
10	769	0	0
10	770	0	0
10	771	697	698
10	772	911	912
10	773	0	0
10	774	569	570
10	775	403	404
10	776	0	0
10	777	0	0
10	778	0	0
10	779	0	0
10	780	364	365
10	781	385	386
10	782	766	767
10	783	621	622
10	784	634	635
10	785	884	885
10	786	872	873
10	787	595	596
10	788	707	708
10	789	700	701
10	790	632	633
10	791	598	599
10	792	0	0
10	793	0	0
10	794	0	0
10	795	0	0
10	796	700	701
10	797	418	419
10	798	772	773
10	799	849	850
10	800	0	0
10	801	0	0
10	802	0	0
10	803	587	588
10	804	0	0
10	805	0	0
10	806	804	805
10	807	608	609
10	808	0	0
10	809	0	0
10	810	862	863
10	811	0	0
10	812	735	736
10	813	595	596
10	814	0	0
10	815	925	926
10	816	632	633
10	817	702	703
10	818	486	487
10	819	321	322
10	820	0	0
10	821	956	957
10	822	660	661
10	823	444	445
10	824	490	491
10	825	886	887
10	826	0	0
10	827	0	0
10	828	946	947
10	829	743	744
10	830	427	428
10	831	0	0
10	832	0	0
10	833	0	0
10	834	0	0
10	835	692	693
10	836	0	0
10	837	845	846
10	838	660	661
10	839	471	472
10	840	792	793
10	841	547	548
10	842	634	635
10	843	550	551
10	844	598	599
10	845	991	992
10	846	0	0
10	847	0	0
10	848	0	0
10	849	0	0
10	850	0	0
10	851	518	519
10	852	748	749
10	853	514	515
10	854	769	770
10	855	516	517
10	856	763	764
10	857	494	495
10	858	0	0
10	859	894	895
10	860	0	0
10	861	0	0
10	862	0	0
10	863	0	0
10	864	504	505
10	865	0	0
10	866	0	0
10	867	794	795
10	868	896	897
10	869	0	0
10	870	427	428
10	871	697	698
10	872	0	0
10	873	0	0
10	874	676	677
10	875	571	572
10	876	794	795
10	877	447	448
10	878	743	744
10	879	748	749
10	880	766	767
10	881	0	0
10	882	0	0
10	883	396	397
10	884	937	938
10	885	0	0
10	886	0	0
10	887	0	0
10	888	0	0
10	889	900	901
10	890	396	397
10	891	569	570
10	892	660	661
10	893	644	645
10	894	0	0
10	895	0	0
10	896	0	0
10	897	919	920
10	898	598	599
10	899	469	470
10	900	0	0
10	901	961	962
10	902	444	445
10	903	437	438
10	904	608	609
10	905	872	873
10	906	644	645
10	907	678	679
10	908	814	815
10	909	758	759
10	910	860	861
10	911	0	0
10	912	0	0
10	913	825	826
10	914	465	466
10	915	954	955
10	916	0	0
10	917	849	850
10	918	860	861
10	919	0	0
10	920	0	0
10	921	0	0
10	922	0	0
10	923	0	0
10	924	985	986
10	925	929	930
10	926	0	0
10	927	483	484
10	928	626	627
10	929	0	0
10	930	0	0
10	931	763	764
10	932	500	501
10	933	881	882
10	934	0	0
10	935	0	0
10	936	735	736
10	937	0	0
10	938	0	0
10	939	481	482
10	940	634	635
10	941	937	938
10	942	858	859
10	943	0	0
10	944	0	0
10	945	900	901
10	946	0	0
10	947	0	0
10	948	0	0
10	949	0	0
10	950	0	0
10	951	0	0
10	952	758	759
10	953	707	708
10	954	0	0
10	955	0	0
10	956	0	0
10	957	0	0
10	958	418	419
10	959	702	703
10	960	948	949
10	961	0	0
10	962	0	0
10	963	0	0
10	964	0	0
10	965	814	815
10	966	0	0
10	967	0	0
10	968	683	684
10	969	0	0
10	970	0	0
10	971	715	716
10	972	707	708
10	973	0	0
10	974	0	0
10	975	676	677
10	976	668	669
10	977	921	922
10	978	502	503
10	979	894	895
10	980	886	887
10	981	746	747
10	982	678	679
10	983	0	0
10	984	0	0
10	985	0	0
10	986	0	0
10	987	626	627
10	988	919	920
10	989	737	738
10	990	727	728
10	991	0	0
10	992	0	0
10	993	0	0
10	994	0	0
10	995	0	0
10	996	0	0
10	997	0	0
10	998	0	0
10	999	888	889
10	1000	628	629
