17	1	0	0
17	2	1	3
17	3	0	0
17	4	2	5
17	5	34	35
17	6	1	3
17	7	4	8
17	8	11	12
17	9	1	3
17	10	1	3
17	11	0	0
17	12	42	43
17	13	7	14
17	14	23	24
17	15	7	14
17	16	2	5
17	17	7	14
17	18	11	12
17	19	11	12
17	20	11	12
17	21	13	22
17	22	26	27
17	23	72	73
17	24	32	33
17	25	4	8
17	26	29	30
17	27	44	45
17	28	13	22
17	29	78	79
17	30	55	56
17	31	4	8
17	32	0	0
17	33	48	49
17	34	0	0
17	35	0	0
17	36	7	14
17	37	29	30
17	38	23	24
17	39	26	27
17	40	4	8
17	41	2	5
17	42	0	0
17	43	0	0
17	44	0	0
17	45	65	66
17	46	13	22
17	47	23	24
17	48	0	0
17	49	0	0
17	50	44	45
17	51	44	45
17	52	21	53
17	53	70	71
17	54	34	35
17	55	61	62
17	56	95	96
17	57	2	5
17	58	42	43
17	59	32	33
17	60	48	49
17	61	0	0
17	62	0	0
17	63	13	22
17	64	55	56
17	65	76	77
17	66	88	89
17	67	32	33
17	68	42	43
17	69	65	66
17	70	0	0
17	71	0	0
17	72	0	0
17	73	86	87
17	74	23	24
17	75	29	30
17	76	0	0
17	77	0	0
17	78	0	0
17	79	0	0
17	80	72	73
17	81	42	43
17	82	29	30
17	83	70	71
17	84	32	33
17	85	44	45
17	86	0	0
17	87	0	0
17	88	0	0
17	89	0	0
17	90	65	66
17	91	26	27
17	92	70	71
17	93	26	27
17	94	21	53
17	95	0	0
17	96	0	0
17	97	88	89
17	98	55	56
17	99	65	66
17	100	34	35
