5	1	0	0
5	2	1	3
5	3	0	0
5	4	2	5
5	5	25	26
5	6	4	7
5	7	20	21
5	8	6	9
5	9	106	107
5	10	6	9
5	11	6	9
5	12	1	3
5	13	8	14
5	14	22	23
5	15	6	9
5	16	1	3
5	17	1	3
5	18	4	7
5	19	4	7
5	20	49	50
5	21	42	43
5	22	36	37
5	23	78	79
5	24	20	21
5	25	0	0
5	26	0	0
5	27	22	23
5	28	8	14
5	29	25	26
5	30	25	26
5	31	13	32
5	32	40	41
5	33	2	5
5	34	25	26
5	35	20	21
5	36	68	69
5	37	75	76
5	38	36	37
5	39	36	37
5	40	94	95
5	41	45	46
5	42	0	0
5	43	0	0
5	44	2	5
5	45	63	64
5	46	177	178
5	47	31	48
5	48	88	89
5	49	0	0
5	50	0	0
5	51	8	14
5	52	13	32
5	53	42	43
5	54	40	41
5	55	22	23
5	56	45	46
5	57	31	48
5	58	8	14
5	59	40	41
5	60	42	43
5	61	40	41
5	62	2	5
5	63	147	148
5	64	121	122
5	65	47	66
5	66	139	140
5	67	20	21
5	68	70	71
5	69	96	97
5	70	0	0
5	71	0	0
5	72	68	69
5	73	68	69
5	74	36	37
5	75	80	81
5	76	123	124
5	77	68	69
5	78	83	84
5	79	193	194
5	80	0	0
5	81	0	0
5	82	63	64
5	83	91	92
5	84	117	118
5	85	75	76
5	86	47	66
5	87	47	66
5	88	168	169
5	89	202	203
5	90	47	66
5	91	0	0
5	92	0	0
5	93	49	50
5	94	232	233
5	95	128	129
5	96	0	0
5	97	0	0
5	98	94	95
5	99	91	92
5	100	22	23
5	101	88	89
5	102	42	43
5	103	49	50
5	104	31	48
5	105	45	46
5	106	130	131
5	107	162	163
5	108	75	76
5	109	83	84
5	110	94	95
5	111	31	48
5	112	63	64
5	113	83	84
5	114	13	32
5	115	83	84
5	116	88	89
5	117	0	0
5	118	0	0
5	119	63	64
5	120	94	95
5	121	566	567
5	122	158	159
5	123	0	0
5	124	0	0
5	125	91	92
5	126	78	79
5	127	78	79
5	128	182	183
5	129	160	161
5	130	180	181
5	131	332	333
5	132	75	76
5	133	130	131
5	134	70	71
5	135	96	97
5	136	88	89
5	137	91	92
5	138	96	97
5	139	214	215
5	140	339	340
5	141	49	50
5	142	96	97
5	143	13	32
5	144	80	81
5	145	4	7
5	146	121	122
5	147	152	153
5	148	199	200
5	149	128	129
5	150	128	129
5	151	106	107
5	152	0	0
5	153	0	0
5	154	147	148
5	155	128	129
5	156	70	71
5	157	130	131
5	158	0	0
5	159	0	0
5	160	165	166
5	161	431	432
5	162	279	280
5	163	229	230
5	164	123	124
5	165	0	0
5	166	0	0
5	167	106	107
5	168	204	205
5	169	185	186
5	170	139	140
5	171	117	118
5	172	106	107
5	173	158	159
5	174	117	118
5	175	117	118
5	176	147	148
5	177	248	249
5	178	253	254
5	179	158	159
5	180	0	0
5	181	0	0
5	182	552	553
5	183	188	189
5	184	160	161
5	185	209	210
5	186	281	282
5	187	182	183
5	188	0	0
5	189	0	0
5	190	177	178
5	191	158	159
5	192	152	153
5	193	219	220
5	194	267	268
5	195	168	169
5	196	45	46
5	197	177	178
5	198	80	81
5	199	0	0
5	200	0	0
5	201	168	169
5	202	478	479
5	203	293	294
5	204	393	394
5	205	227	228
5	206	80	81
5	207	70	71
5	208	162	163
5	209	383	384
5	210	0	0
5	211	202	203
5	212	204	205
5	213	123	124
5	214	418	419
5	215	271	272
5	216	152	153
5	217	180	181
5	218	202	203
5	219	0	0
5	220	0	0
5	221	199	200
5	222	214	215
5	223	202	203
5	224	78	79
5	225	182	183
5	226	199	200
5	227	359	360
5	228	413	414
5	229	0	0
5	230	0	0
5	231	123	124
5	232	255	256
5	233	236	237
5	234	232	233
5	235	139	140
5	236	318	319
5	237	302	303
5	238	214	215
5	239	130	131
5	240	160	161
5	241	177	178
5	242	168	169
5	243	160	161
5	244	139	140
5	245	193	194
5	246	180	181
5	247	182	183
5	248	485	486
5	249	306	307
5	250	180	181
5	251	204	205
5	252	236	237
5	253	264	265
5	254	314	315
5	255	407	408
5	256	291	292
5	257	162	163
5	258	227	228
5	259	193	194
5	260	185	186
5	261	204	205
5	262	65	263
5	263	296	297
5	264	0	0
5	265	0	0
5	266	253	254
5	267	0	0
5	268	0	0
5	269	165	166
5	270	162	163
5	271	274	275
5	272	344	345
5	273	121	122
5	274	627	628
5	275	520	521
5	276	264	265
5	277	253	254
5	278	219	220
5	279	0	0
5	280	0	0
5	281	506	507
5	282	328	329
5	283	165	166
5	284	227	228
5	285	227	228
5	286	236	237
5	287	214	215
5	288	255	256
5	289	121	122
5	290	248	249
5	291	0	0
5	292	0	0
5	293	299	300
5	294	496	497
5	295	293	294
5	296	605	606
5	297	576	577
5	298	296	297
5	299	373	374
5	300	324	325
5	301	267	268
5	302	0	0
5	303	0	0
5	304	236	237
5	305	264	265
5	306	0	0
5	307	0	0
5	308	248	249
5	309	296	297
5	310	271	272
5	311	302	303
5	312	264	265
5	313	219	220
5	314	0	0
5	315	0	0
5	316	281	282
5	317	271	272
5	318	0	0
5	319	0	0
5	320	185	186
5	321	255	256
5	322	281	282
5	323	271	272
5	324	349	350
5	325	579	580
5	326	302	303
5	327	219	220
5	328	396	397
5	329	346	347
5	330	324	325
5	331	274	275
5	332	0	0
5	333	0	0
5	334	185	186
5	335	165	166
5	336	293	294
5	337	193	194
5	338	199	200
5	339	438	439
5	340	355	356
5	341	291	292
5	342	302	303
5	343	279	280
5	344	351	352
5	345	583	584
5	346	0	0
5	347	0	0
5	348	255	256
5	349	0	0
5	350	0	0
5	351	427	428
5	352	425	426
5	353	279	280
5	354	209	210
5	355	639	640
5	356	411	412
5	357	65	263
5	358	274	275
5	359	483	484
5	360	475	476
5	361	232	233
5	362	318	319
5	363	359	360
5	364	65	263
5	365	65	263
5	366	152	153
5	367	293	294
5	368	355	356
5	369	147	148
5	370	281	282
5	371	339	340
5	372	328	329
5	373	385	386
5	374	452	453
5	375	267	268
5	376	314	315
5	377	229	230
5	378	328	329
5	379	248	249
5	380	332	333
5	381	299	300
5	382	344	345
5	383	693	694
5	384	405	406
5	385	0	0
5	386	0	0
5	387	359	360
5	388	296	297
5	389	383	384
5	390	359	360
5	391	232	233
5	392	328	329
5	393	400	401
5	394	784	785
5	395	346	347
5	396	0	0
5	397	0	0
5	398	299	300
5	399	355	356
5	400	531	532
5	401	0	0
5	402	332	333
5	403	209	210
5	404	279	280
5	405	0	0
5	406	0	0
5	407	0	0
5	408	0	0
5	409	393	394
5	410	332	333
5	411	561	562
5	412	442	443
5	413	421	422
5	414	450	451
5	415	344	345
5	416	324	325
5	417	188	189
5	418	516	517
5	419	499	500
5	420	229	230
5	421	0	0
5	422	0	0
5	423	291	292
5	424	344	345
5	425	444	445
5	426	455	456
5	427	469	470
5	428	447	448
5	429	407	408
5	430	411	412
5	431	0	0
5	432	0	0
5	433	314	315
5	434	411	412
5	435	393	394
5	436	253	254
5	437	421	422
5	438	459	460
5	439	488	489
5	440	346	347
5	441	400	401
5	442	786	787
5	443	508	509
5	444	0	0
5	445	0	0
5	446	373	374
5	447	0	0
5	448	0	0
5	449	393	394
5	450	0	0
5	451	0	0
5	452	0	0
5	453	0	0
5	454	442	443
5	455	0	0
5	456	0	0
5	457	274	275
5	458	411	412
5	459	467	468
5	460	815	816
5	461	444	445
5	462	455	456
5	463	314	315
5	464	405	406
5	465	400	401
5	466	346	347
5	467	689	690
5	468	643	644
5	469	0	0
5	470	0	0
5	471	450	451
5	472	413	414
5	473	469	470
5	474	324	325
5	475	0	0
5	476	0	0
5	477	467	468
5	478	630	631
5	479	511	512
5	480	355	356
5	481	396	397
5	482	425	426
5	483	0	0
5	484	0	0
5	485	0	0
5	486	0	0
5	487	400	401
5	488	491	492
5	489	589	590
5	490	349	350
5	491	548	549
5	492	618	619
5	493	209	210
5	494	469	470
5	495	418	419
5	496	602	603
5	497	636	637
5	498	447	448
5	499	533	534
5	500	558	559
5	501	431	432
5	502	499	500
5	503	396	397
5	504	351	352
5	505	485	486
5	506	594	595
5	507	528	529
5	508	536	537
5	509	641	642
5	510	452	453
5	511	624	625
5	512	541	542
5	513	499	500
5	514	267	268
5	515	452	453
5	516	964	965
5	517	763	764
5	518	262	519
5	519	585	586
5	520	539	540
5	521	607	608
5	522	418	419
5	523	469	470
5	524	383	384
5	525	407	408
5	526	373	374
5	527	421	422
5	528	0	0
5	529	0	0
5	530	520	521
5	531	0	0
5	532	0	0
5	533	710	711
5	534	769	770
5	535	383	384
5	536	0	0
5	537	0	0
5	538	421	422
5	539	712	713
5	540	569	570
5	541	546	547
5	542	657	658
5	543	499	500
5	544	516	517
5	545	229	230
5	546	0	0
5	547	0	0
5	548	555	556
5	549	931	932
5	550	485	486
5	551	488	489
5	552	0	0
5	553	0	0
5	554	351	352
5	555	0	0
5	556	0	0
5	557	552	553
5	558	0	0
5	559	614	615
5	560	444	445
5	561	572	573
5	562	809	810
5	563	459	460
5	564	413	414
5	565	546	547
5	566	0	0
5	567	0	0
5	568	299	300
5	569	0	0
5	570	0	0
5	571	541	542
5	572	0	0
5	573	719	720
5	574	349	350
5	575	447	448
5	576	621	622
5	577	939	940
5	578	349	350
5	579	0	0
5	580	0	0
5	581	536	537
5	582	548	549
5	583	753	754
5	584	0	0
5	585	664	665
5	586	681	682
5	587	425	426
5	588	475	476
5	589	802	803
5	590	855	856
5	591	579	580
5	592	431	432
5	593	475	476
5	594	0	0
5	595	0	0
5	596	536	537
5	597	407	408
5	598	539	540
5	599	475	476
5	600	589	590
5	601	452	453
5	602	776	777
5	603	700	701
5	604	594	595
5	605	0	0
5	606	999	1000
5	607	671	672
5	608	0	0
5	609	262	519
5	610	520	521
5	611	536	537
5	612	579	580
5	613	552	553
5	614	714	715
5	615	668	669
5	616	262	519
5	617	531	532
5	618	817	818
5	619	0	0
5	620	351	352
5	621	0	0
5	622	0	0
5	623	438	439
5	624	666	667
5	625	984	985
5	626	467	468
5	627	0	0
5	628	697	698
5	629	566	567
5	630	774	775
5	631	648	649
5	632	576	577
5	633	624	625
5	634	531	532
5	635	627	628
5	636	695	696
5	637	0	0
5	638	520	521
5	639	837	838
5	640	891	892
5	641	0	0
5	642	0	0
5	643	0	0
5	644	708	709
5	645	552	553
5	646	427	428
5	647	541	542
5	648	828	829
5	649	824	825
5	650	450	451
5	651	418	419
5	652	558	559
5	653	528	529
5	654	583	584
5	655	605	606
5	656	583	584
5	657	0	0
5	658	0	0
5	659	438	439
5	660	425	426
5	661	455	456
5	662	643	644
5	663	569	570
5	664	736	737
5	665	804	805
5	666	0	0
5	667	0	0
5	668	0	0
5	669	0	0
5	670	627	628
5	671	0	0
5	672	0	0
5	673	508	509
5	674	339	340
5	675	447	448
5	676	636	637
5	677	431	432
5	678	657	658
5	679	318	319
5	680	528	529
5	681	866	867
5	682	0	0
5	683	664	665
5	684	444	445
5	685	630	631
5	686	558	559
5	687	555	556
5	688	531	532
5	689	0	0
5	690	0	0
5	691	413	414
5	692	491	492
5	693	0	0
5	694	0	0
5	695	0	0
5	696	0	0
5	697	877	878
5	698	0	0
5	699	693	694
5	700	0	0
5	701	0	0
5	702	488	489
5	703	648	649
5	704	639	640
5	705	700	701
5	706	405	406
5	707	555	556
5	708	0	0
5	709	0	0
5	710	914	915
5	711	730	731
5	712	0	0
5	713	0	0
5	714	0	0
5	715	0	0
5	716	621	622
5	717	318	319
5	718	636	637
5	719	0	0
5	720	0	0
5	721	657	658
5	722	605	606
5	723	689	690
5	724	666	667
5	725	624	625
5	726	533	534
5	727	459	460
5	728	508	509
5	729	511	512
5	730	0	0
5	731	0	0
5	732	708	709
5	733	648	649
5	734	450	451
5	735	636	637
5	736	0	0
5	737	765	766
5	738	459	460
5	739	605	606
5	740	546	547
5	741	627	628
5	742	455	456
5	743	607	608
5	744	708	709
5	745	589	590
5	746	516	517
5	747	306	307
5	748	618	619
5	749	668	669
5	750	681	682
5	751	561	562
5	752	516	517
5	753	834	835
5	754	862	863
5	755	668	669
5	756	488	489
5	757	614	615
5	758	583	584
5	759	373	374
5	760	442	443
5	761	572	573
5	762	719	720
5	763	977	978
5	764	792	793
5	765	982	983
5	766	0	0
5	767	695	696
5	768	467	468
5	769	969	970
5	770	795	796
5	771	528	529
5	772	712	713
5	773	736	737
5	774	0	0
5	775	979	980
5	776	0	0
5	777	0	0
5	778	589	590
5	779	579	580
5	780	753	754
5	781	681	682
5	782	753	754
5	783	624	625
5	784	0	0
5	785	929	930
5	786	0	0
5	787	0	0
5	788	396	397
5	789	491	492
5	790	697	698
5	791	607	608
5	792	910	911
5	793	0	0
5	794	533	534
5	795	0	0
5	796	0	0
5	797	657	658
5	798	607	608
5	799	618	619
5	800	708	709
5	801	784	785
5	802	933	934
5	803	0	0
5	804	872	873
5	805	868	869
5	806	804	805
5	807	621	622
5	808	485	486
5	809	881	882
5	810	826	827
5	811	566	567
5	812	518	813
5	813	820	821
5	814	668	669
5	815	843	844
5	816	0	0
5	817	0	0
5	818	0	0
5	819	776	777
5	820	848	849
5	821	822	823
5	822	0	0
5	823	0	0
5	824	0	0
5	825	0	0
5	826	0	0
5	827	0	0
5	828	0	0
5	829	0	0
5	830	712	713
5	831	478	479
5	832	812	833
5	833	0	0
5	834	0	0
5	835	0	0
5	836	826	827
5	837	0	0
5	838	927	928
5	839	736	737
5	840	539	540
5	841	621	622
5	842	693	694
5	843	895	896
5	844	0	0
5	845	594	595
5	846	508	509
5	847	804	805
5	848	935	936
5	849	0	0
5	850	664	665
5	851	763	764
5	852	518	813
5	853	643	644
5	854	188	189
5	855	0	0
5	856	0	0
5	857	815	816
5	858	774	775
5	859	541	542
5	860	834	835
5	861	666	667
5	862	0	0
5	863	0	0
5	864	614	615
5	865	837	838
5	866	893	894
5	867	885	886
5	868	0	0
5	869	918	919
5	870	753	754
5	871	804	805
5	872	993	994
5	873	0	0
5	874	561	562
5	875	765	766
5	876	614	615
5	877	0	0
5	878	0	0
5	879	569	570
5	880	438	439
5	881	0	0
5	882	0	0
5	883	306	307
5	884	594	595
5	885	0	0
5	886	950	951
5	887	834	835
5	888	533	534
5	889	546	547
5	890	506	507
5	891	908	909
5	892	0	0
5	893	0	0
5	894	0	0
5	895	0	0
5	896	0	0
5	897	809	810
5	898	891	892
5	899	576	577
5	900	618	619
5	901	891	892
5	902	695	696
5	903	872	873
5	904	891	892
5	905	671	672
5	906	736	737
5	907	483	484
5	908	0	0
5	909	0	0
5	910	0	0
5	911	0	0
5	912	877	878
5	913	555	556
5	914	0	0
5	915	0	0
5	916	730	731
5	917	730	731
5	918	0	0
5	919	0	0
5	920	786	787
5	921	566	567
5	922	776	777
5	923	712	713
5	924	693	694
5	925	491	492
5	926	585	586
5	927	0	0
5	928	948	949
5	929	0	0
5	930	0	0
5	931	0	0
5	932	0	0
5	933	0	0
5	934	0	0
5	935	0	0
5	936	0	0
5	937	812	833
5	938	666	667
5	939	0	0
5	940	0	0
5	941	572	573
5	942	812	833
5	943	518	813
5	944	714	715
5	945	689	690
5	946	697	698
5	947	866	867
5	948	0	0
5	949	0	0
5	950	0	0
5	951	0	0
5	952	572	573
5	953	697	698
5	954	834	835
5	955	815	816
5	956	569	570
5	957	774	775
5	958	877	878
5	959	855	856
5	960	478	479
5	961	585	586
5	962	815	816
5	963	695	696
5	964	0	0
5	965	0	0
5	966	561	562
5	967	427	428
5	968	539	540
5	969	0	0
5	970	0	0
5	971	969	970
5	972	848	849
5	973	828	829
5	974	776	777
5	975	828	829
5	976	641	642
5	977	0	0
5	978	0	0
5	979	0	0
5	980	0	0
5	981	786	787
5	982	0	0
5	983	0	0
5	984	0	0
5	985	0	0
5	986	977	978
5	987	866	867
5	988	518	813
5	989	700	701
5	990	824	825
5	991	822	823
5	992	188	189
5	993	0	0
5	994	0	0
5	995	826	827
5	996	984	985
5	997	405	406
5	998	977	978
5	999	0	0
5	1000	0	0
