8	1	0	0
8	2	1	3
8	3	0	0
8	4	2	5
8	5	6	7
8	6	0	0
8	7	0	0
8	8	6	7
8	9	6	7
8	10	6	7
8	11	1	3
8	12	2	5
8	13	2	5
8	14	2	5
8	15	1	3
8	16	1	3
8	17	4	18
8	18	33	34
8	19	4	18
8	20	17	21
8	21	95	96
8	22	17	21
8	23	17	21
8	24	4	18
8	25	20	26
8	26	225	226
8	27	25	28
8	28	30	31
8	29	20	26
8	30	70	71
8	31	40	41
8	32	17	21
8	33	42	43
8	34	99	100
8	35	30	31
8	36	25	28
8	37	30	31
8	38	30	31
8	39	20	26
8	40	44	45
8	41	58	59
8	42	0	0
8	43	0	0
8	44	61	62
8	45	63	64
8	46	27	47
8	47	49	50
8	48	40	41
8	49	68	69
8	50	89	90
8	51	25	28
8	52	44	45
8	53	49	50
8	54	33	34
8	55	42	43
8	56	44	45
8	57	40	41
8	58	81	82
8	59	174	175
8	60	25	28
8	61	121	122
8	62	111	112
8	63	76	77
8	64	356	357
8	65	27	47
8	66	27	47
8	67	61	62
8	68	137	138
8	69	83	84
8	70	203	204
8	71	159	160
8	72	63	64
8	73	68	69
8	74	70	71
8	75	42	43
8	76	0	0
8	77	0	0
8	78	58	59
8	79	33	34
8	80	76	77
8	81	91	92
8	82	296	297
8	83	86	87
8	84	190	191
8	85	63	64
8	86	131	132
8	87	115	116
8	88	44	45
8	89	119	120
8	90	101	102
8	91	0	0
8	92	0	0
8	93	49	50
8	94	70	71
8	95	363	364
8	96	104	105
8	97	89	90
8	98	70	71
8	99	0	0
8	100	0	0
8	101	125	126
8	102	263	264
8	103	42	43
8	104	278	279
8	105	135	136
8	106	33	34
8	107	101	102
8	108	101	102
8	109	68	69
8	110	95	96
8	111	0	0
8	112	0	0
8	113	27	47
8	114	104	105
8	115	140	141
8	116	170	171
8	117	68	69
8	118	61	62
8	119	149	150
8	120	432	433
8	121	0	0
8	122	0	0
8	123	40	41
8	124	104	105
8	125	155	156
8	126	269	270
8	127	91	92
8	128	61	62
8	129	119	120
8	130	58	59
8	131	162	163
8	132	231	232
8	133	101	102
8	134	119	120
8	135	0	0
8	136	0	0
8	137	326	327
8	138	205	206
8	139	76	77
8	140	0	0
8	141	0	0
8	142	99	100
8	143	95	96
8	144	95	96
8	145	63	64
8	146	58	59
8	147	89	90
8	148	121	122
8	149	177	178
8	150	152	153
8	151	20	26
8	152	165	166
8	153	345	346
8	154	152	153
8	155	417	418
8	156	300	301
8	157	115	116
8	158	111	112
8	159	324	325
8	160	186	187
8	161	81	82
8	162	0	0
8	163	0	0
8	164	125	126
8	165	0	0
8	166	0	0
8	167	149	150
8	168	4	18
8	169	155	156
8	170	0	0
8	171	0	0
8	172	104	105
8	173	152	153
8	174	195	196
8	175	522	523
8	176	83	84
8	177	233	234
8	178	217	218
8	179	86	87
8	180	149	150
8	181	131	132
8	182	83	84
8	183	155	156
8	184	131	132
8	185	115	116
8	186	200	201
8	187	208	209
8	188	135	136
8	189	152	153
8	190	198	199
8	191	192	193
8	192	259	260
8	193	484	485
8	194	81	82
8	195	0	0
8	196	0	0
8	197	192	193
8	198	241	242
8	199	222	223
8	200	0	0
8	201	0	0
8	202	155	156
8	203	212	213
8	204	592	593
8	205	469	470
8	206	246	247
8	207	149	150
8	208	0	0
8	209	0	0
8	210	111	112
8	211	186	187
8	212	386	387
8	213	214	215
8	214	0	0
8	215	0	0
8	216	200	201
8	217	0	0
8	218	0	0
8	219	119	120
8	220	214	215
8	221	49	50
8	222	0	0
8	223	0	0
8	224	195	196
8	225	229	230
8	226	252	253
8	227	225	226
8	228	125	126
8	229	281	282
8	230	249	250
8	231	0	0
8	232	0	0
8	233	0	0
8	234	0	0
8	235	159	160
8	236	162	163
8	237	174	175
8	238	165	166
8	239	214	215
8	240	81	82
8	241	0	0
8	242	0	0
8	243	214	215
8	244	135	136
8	245	200	201
8	246	371	372
8	247	404	405
8	248	91	92
8	249	520	521
8	250	276	277
8	251	233	234
8	252	308	309
8	253	315	316
8	254	200	201
8	255	186	187
8	256	198	199
8	257	131	132
8	258	212	213
8	259	0	0
8	260	0	0
8	261	177	178
8	262	212	213
8	263	380	381
8	264	271	272
8	265	76	77
8	266	125	126
8	267	192	193
8	268	137	138
8	269	343	344
8	270	290	291
8	271	407	408
8	272	477	478
8	273	233	234
8	274	198	199
8	275	91	92
8	276	0	0
8	277	0	0
8	278	0	0
8	279	0	0
8	280	111	112
8	281	400	401
8	282	311	312
8	283	121	122
8	284	269	270
8	285	170	171
8	286	186	187
8	287	259	260
8	288	198	199
8	289	165	166
8	290	0	0
8	291	0	0
8	292	231	232
8	293	290	291
8	294	46	295
8	295	434	435
8	296	0	0
8	297	0	0
8	298	271	272
8	299	190	191
8	300	0	0
8	301	0	0
8	302	137	138
8	303	162	163
8	304	195	196
8	305	121	122
8	306	225	226
8	307	135	136
8	308	427	428
8	309	557	558
8	310	195	196
8	311	0	0
8	312	0	0
8	313	170	171
8	314	140	141
8	315	565	566
8	316	393	394
8	317	140	141
8	318	165	166
8	319	137	138
8	320	99	100
8	321	177	178
8	322	271	272
8	323	46	295
8	324	494	495
8	325	349	350
8	326	409	410
8	327	448	449
8	328	290	291
8	329	296	297
8	330	86	87
8	331	278	279
8	332	315	316
8	333	252	253
8	334	205	206
8	335	225	226
8	336	174	175
8	337	115	116
8	338	269	270
8	339	208	209
8	340	263	264
8	341	83	84
8	342	229	230
8	343	0	0
8	344	0	0
8	345	0	0
8	346	0	0
8	347	241	242
8	348	300	301
8	349	0	0
8	350	0	0
8	351	212	213
8	352	222	223
8	353	271	272
8	354	233	234
8	355	217	218
8	356	0	0
8	357	0	0
8	358	356	357
8	359	356	357
8	360	174	175
8	361	324	325
8	362	170	171
8	363	378	379
8	364	383	384
8	365	89	90
8	366	159	160
8	367	177	178
8	368	281	282
8	369	326	327
8	370	315	316
8	371	0	0
8	372	0	0
8	373	259	260
8	374	294	375
8	375	443	444
8	376	315	316
8	377	241	242
8	378	0	0
8	379	0	0
8	380	731	732
8	381	538	539
8	382	249	250
8	383	0	0
8	384	0	0
8	385	380	381
8	386	0	0
8	387	0	0
8	388	324	325
8	389	203	204
8	390	140	141
8	391	192	193
8	392	86	87
8	393	0	0
8	394	0	0
8	395	311	312
8	396	222	223
8	397	356	357
8	398	308	309
8	399	378	379
8	400	0	0
8	401	0	0
8	402	345	346
8	403	229	230
8	404	0	0
8	405	0	0
8	406	203	204
8	407	0	0
8	408	0	0
8	409	709	710
8	410	550	551
8	411	380	381
8	412	380	381
8	413	294	375
8	414	383	384
8	415	249	250
8	416	259	260
8	417	0	0
8	418	0	0
8	419	383	384
8	420	308	309
8	421	311	312
8	422	311	312
8	423	343	344
8	424	378	379
8	425	363	364
8	426	263	264
8	427	0	0
8	428	0	0
8	429	386	387
8	430	281	282
8	431	363	364
8	432	771	772
8	433	436	437
8	434	573	574
8	435	585	586
8	436	553	554
8	437	595	596
8	438	393	394
8	439	241	242
8	440	278	279
8	441	371	372
8	442	349	350
8	443	701	702
8	444	445	446
8	445	462	463
8	446	642	643
8	447	363	364
8	448	510	511
8	449	507	508
8	450	393	394
8	451	231	232
8	452	386	387
8	453	203	204
8	454	222	223
8	455	231	232
8	456	443	444
8	457	443	444
8	458	296	297
8	459	296	297
8	460	294	375
8	461	404	405
8	462	491	492
8	463	503	504
8	464	324	325
8	465	343	344
8	466	407	408
8	467	434	435
8	468	162	163
8	469	505	506
8	470	570	571
8	471	404	405
8	472	263	264
8	473	404	405
8	474	448	449
8	475	345	346
8	476	294	375
8	477	0	0
8	478	0	0
8	479	378	379
8	480	217	218
8	481	252	253
8	482	208	209
8	483	278	279
8	484	0	0
8	485	0	0
8	486	448	449
8	487	432	433
8	488	434	435
8	489	249	250
8	490	462	463
8	491	535	536
8	492	575	576
8	493	386	387
8	494	0	0
8	495	0	0
8	496	409	410
8	497	269	270
8	498	445	446
8	499	434	435
8	500	217	218
8	501	276	277
8	502	345	346
8	503	517	518
8	504	0	0
8	505	0	0
8	506	0	0
8	507	0	0
8	508	0	0
8	509	448	449
8	510	0	0
8	511	0	0
8	512	443	444
8	513	484	485
8	514	436	437
8	515	374	516
8	516	602	603
8	517	525	526
8	518	830	831
8	519	349	350
8	520	0	0
8	521	0	0
8	522	0	0
8	523	0	0
8	524	159	160
8	525	654	655
8	526	618	619
8	527	417	418
8	528	462	463
8	529	409	410
8	530	246	247
8	531	517	518
8	532	252	253
8	533	409	410
8	534	343	344
8	535	620	621
8	536	638	639
8	537	517	518
8	538	0	0
8	539	0	0
8	540	393	394
8	541	229	230
8	542	308	309
8	543	469	470
8	544	349	350
8	545	407	408
8	546	281	282
8	547	505	506
8	548	507	508
8	549	246	247
8	550	0	0
8	551	0	0
8	552	517	518
8	553	0	0
8	554	0	0
8	555	383	384
8	556	99	100
8	557	0	0
8	558	0	0
8	559	276	277
8	560	535	536
8	561	246	247
8	562	326	327
8	563	557	558
8	564	535	536
8	565	0	0
8	566	0	0
8	567	208	209
8	568	300	301
8	569	290	291
8	570	0	0
8	571	0	0
8	572	525	526
8	573	623	624
8	574	812	813
8	575	608	609
8	576	611	612
8	577	538	539
8	578	484	485
8	579	503	504
8	580	469	470
8	581	371	372
8	582	491	492
8	583	510	511
8	584	326	327
8	585	680	681
8	586	703	704
8	587	445	446
8	588	522	523
8	589	522	523
8	590	276	277
8	591	462	463
8	592	753	754
8	593	721	722
8	594	484	485
8	595	0	0
8	596	0	0
8	597	553	554
8	598	592	593
8	599	491	492
8	600	503	504
8	601	575	576
8	602	787	788
8	603	665	666
8	604	585	586
8	605	565	566
8	606	550	551
8	607	557	558
8	608	659	660
8	609	0	0
8	610	505	506
8	611	733	734
8	612	0	0
8	613	374	516
8	614	573	574
8	615	608	609
8	616	535	536
8	617	505	506
8	618	814	815
8	619	0	0
8	620	0	0
8	621	0	0
8	622	494	495
8	623	736	737
8	624	0	0
8	625	469	470
8	626	553	554
8	627	525	526
8	628	611	612
8	629	432	433
8	630	374	516
8	631	602	603
8	632	515	633
8	633	673	674
8	634	522	523
8	635	436	437
8	636	592	593
8	637	520	521
8	638	696	697
8	639	863	864
8	640	445	446
8	641	400	401
8	642	872	873
8	643	717	718
8	644	570	571
8	645	585	586
8	646	632	647
8	647	742	743
8	648	575	576
8	649	400	401
8	650	638	639
8	651	46	295
8	652	585	586
8	653	477	478
8	654	948	949
8	655	739	740
8	656	654	655
8	657	646	658
8	658	667	668
8	659	686	687
8	660	0	0
8	661	46	295
8	662	427	428
8	663	374	516
8	664	646	658
8	665	776	777
8	666	756	757
8	667	791	792
8	668	676	677
8	669	575	576
8	670	573	574
8	671	407	408
8	672	638	639
8	673	728	729
8	674	785	786
8	675	638	639
8	676	0	0
8	677	748	749
8	678	659	660
8	679	557	558
8	680	0	0
8	681	0	0
8	682	673	674
8	683	503	504
8	684	417	418
8	685	436	437
8	686	0	0
8	687	0	0
8	688	592	593
8	689	538	539
8	690	611	612
8	691	553	554
8	692	659	660
8	693	646	658
8	694	190	191
8	695	432	433
8	696	819	820
8	697	989	990
8	698	686	687
8	699	595	596
8	700	300	301
8	701	0	0
8	702	707	708
8	703	821	822
8	704	860	861
8	705	371	372
8	706	417	418
8	707	0	0
8	708	0	0
8	709	0	0
8	710	0	0
8	711	190	191
8	712	611	612
8	713	657	714
8	714	774	775
8	715	665	666
8	716	510	511
8	717	817	818
8	718	778	779
8	719	520	521
8	720	686	687
8	721	0	0
8	722	0	0
8	723	427	428
8	724	673	674
8	725	515	633
8	726	570	571
8	727	608	609
8	728	0	0
8	729	0	0
8	730	510	511
8	731	0	0
8	732	0	0
8	733	899	900
8	734	965	966
8	735	703	704
8	736	0	0
8	737	0	0
8	738	477	478
8	739	0	0
8	740	0	0
8	741	515	633
8	742	808	809
8	743	0	0
8	744	494	495
8	745	657	714
8	746	632	647
8	747	667	668
8	748	0	0
8	749	0	0
8	750	646	658
8	751	620	621
8	752	491	492
8	753	0	0
8	754	0	0
8	755	400	401
8	756	769	770
8	757	804	805
8	758	659	660
8	759	756	757
8	760	477	478
8	761	623	624
8	762	739	740
8	763	703	704
8	764	427	428
8	765	707	708
8	766	713	767
8	767	0	0
8	768	608	609
8	769	0	0
8	770	0	0
8	771	0	0
8	772	0	0
8	773	701	702
8	774	926	927
8	775	0	0
8	776	0	0
8	777	0	0
8	778	780	781
8	779	975	976
8	780	839	840
8	781	0	0
8	782	673	674
8	783	520	521
8	784	680	681
8	785	848	849
8	786	0	0
8	787	810	811
8	788	0	0
8	789	787	788
8	790	573	574
8	791	911	912
8	792	874	875
8	793	696	697
8	794	696	697
8	795	667	668
8	796	538	539
8	797	733	734
8	798	721	722
8	799	728	729
8	800	742	743
8	801	776	777
8	802	696	697
8	803	753	754
8	804	878	879
8	805	851	852
8	806	707	708
8	807	686	687
8	808	0	0
8	809	0	0
8	810	0	0
8	811	0	0
8	812	835	836
8	813	827	828
8	814	0	0
8	815	0	0
8	816	632	647
8	817	0	0
8	818	0	0
8	819	0	0
8	820	0	0
8	821	0	0
8	822	0	0
8	823	515	633
8	824	753	754
8	825	728	729
8	826	804	805
8	827	0	0
8	828	833	834
8	829	667	668
8	830	958	959
8	831	0	0
8	832	739	740
8	833	895	896
8	834	945	946
8	835	980	981
8	836	0	0
8	837	753	754
8	838	804	805
8	839	0	0
8	840	887	888
8	841	821	822
8	842	618	619
8	843	623	624
8	844	833	834
8	845	657	714
8	846	748	749
8	847	791	792
8	848	868	869
8	849	0	0
8	850	618	619
8	851	0	0
8	852	933	934
8	853	654	655
8	854	766	855
8	855	865	866
8	856	776	777
8	857	570	571
8	858	819	820
8	859	565	566
8	860	994	995
8	861	0	0
8	862	703	704
8	863	0	0
8	864	906	907
8	865	0	0
8	866	0	0
8	867	736	737
8	868	916	917
8	869	968	969
8	870	814	815
8	871	821	822
8	872	0	0
8	873	991	992
8	874	876	877
8	875	883	884
8	876	904	905
8	877	0	0
8	878	0	0
8	879	0	0
8	880	721	722
8	881	707	708
8	882	769	770
8	883	952	953
8	884	963	964
8	885	817	818
8	886	827	828
8	887	0	0
8	888	0	0
8	889	618	619
8	890	623	624
8	891	632	647
8	892	728	729
8	893	657	714
8	894	742	743
8	895	0	0
8	896	0	0
8	897	830	831
8	898	787	788
8	899	0	0
8	900	0	0
8	901	868	869
8	902	731	732
8	903	839	840
8	904	0	0
8	905	0	0
8	906	0	0
8	907	0	0
8	908	876	877
8	909	642	643
8	910	876	877
8	911	0	0
8	912	0	0
8	913	819	820
8	914	785	786
8	915	676	677
8	916	0	0
8	917	0	0
8	918	665	666
8	919	742	743
8	920	860	861
8	921	525	526
8	922	654	655
8	923	830	831
8	924	863	864
8	925	680	681
8	926	931	932
8	927	0	0
8	928	494	495
8	929	771	772
8	930	676	677
8	931	0	0
8	932	0	0
8	933	935	936
8	934	0	0
8	935	0	0
8	936	0	0
8	937	878	879
8	938	876	877
8	939	812	813
8	940	205	206
8	941	821	822
8	942	676	677
8	943	906	907
8	944	931	932
8	945	956	957
8	946	0	0
8	947	739	740
8	948	0	0
8	949	0	0
8	950	791	792
8	951	733	734
8	952	0	0
8	953	0	0
8	954	916	917
8	955	791	792
8	956	0	0
8	957	0	0
8	958	0	0
8	959	0	0
8	960	507	508
8	961	878	879
8	962	595	596
8	963	0	0
8	964	0	0
8	965	0	0
8	966	0	0
8	967	804	805
8	968	0	0
8	969	985	986
8	970	721	722
8	971	878	879
8	972	906	907
8	973	680	681
8	974	756	757
8	975	0	0
8	976	0	0
8	977	595	596
8	978	851	852
8	979	748	749
8	980	0	0
8	981	0	0
8	982	848	849
8	983	808	809
8	984	771	772
8	985	0	0
8	986	996	997
8	987	713	767
8	988	774	775
8	989	0	0
8	990	0	0
8	991	0	0
8	992	0	0
8	993	933	934
8	994	0	0
8	995	0	0
8	996	0	0
8	997	0	0
8	998	899	900
8	999	989	990
8	1000	0	0
