40	1	0	0
40	2	1	3
40	3	0	0
40	4	1	3
40	5	1	3
40	6	1	3
40	7	2	8
40	8	15	16
40	9	7	10
40	10	20	21
40	11	2	8
40	12	7	10
40	13	9	14
40	14	49	50
40	15	0	0
40	16	0	0
40	17	15	16
40	18	15	16
40	19	15	16
40	20	23	24
40	21	25	26
40	22	2	8
40	23	0	0
40	24	0	0
40	25	0	0
40	26	0	0
40	27	23	24
40	28	13	29
40	29	60	61
40	30	9	14
40	31	25	26
40	32	23	24
40	33	25	26
40	34	13	29
40	35	28	36
40	36	78	79
40	37	23	24
40	38	9	14
40	39	25	26
40	40	28	36
40	41	20	21
40	42	9	14
40	43	13	29
40	44	2	8
40	45	7	10
40	46	20	21
40	47	13	29
40	48	7	10
40	49	53	54
40	50	102	103
40	51	20	21
40	52	49	50
40	53	56	57
40	54	96	97
40	55	49	50
40	56	0	0
40	57	0	0
40	58	49	50
40	59	53	54
40	60	66	67
40	61	62	63
40	62	136	137
40	63	87	88
40	64	56	57
40	65	60	61
40	66	129	130
40	67	73	74
40	68	35	69
40	69	138	139
40	70	35	69
40	71	35	69
40	72	35	69
40	73	80	81
40	74	83	84
40	75	28	36
40	76	56	57
40	77	53	54
40	78	134	135
40	79	90	91
40	80	0	0
40	81	0	0
40	82	53	54
40	83	0	0
40	84	0	0
40	85	56	57
40	86	60	61
40	87	0	0
40	88	150	151
40	89	60	61
40	90	100	101
40	91	104	105
40	92	73	74
40	93	83	84
40	94	66	67
40	95	28	36
40	96	0	0
40	97	0	0
40	98	62	63
40	99	66	67
40	100	121	122
40	101	127	128
40	102	0	0
40	103	141	142
40	104	108	109
40	105	143	144
40	106	104	105
40	107	78	79
40	108	171	172
40	109	132	133
40	110	78	79
40	111	104	105
40	112	100	101
40	113	108	109
40	114	100	101
40	115	78	79
40	116	104	105
40	117	83	84
40	118	102	103
40	119	87	88
40	120	80	81
40	121	166	167
40	122	123	124
40	123	0	0
40	124	0	0
40	125	123	124
40	126	123	124
40	127	0	0
40	128	0	0
40	129	0	0
40	130	0	0
40	131	66	67
40	132	0	0
40	133	0	0
40	134	0	0
40	135	154	155
40	136	175	176
40	137	183	184
40	138	0	0
40	139	0	0
40	140	102	103
40	141	0	0
40	142	0	0
40	143	164	165
40	144	169	170
40	145	90	91
40	146	143	144
40	147	127	128
40	148	138	139
40	149	102	103
40	150	0	0
40	151	0	0
40	152	129	130
40	153	123	124
40	154	177	178
40	155	0	0
40	156	138	139
40	157	87	88
40	158	136	137
40	159	108	109
40	160	121	122
40	161	141	142
40	162	108	109
40	163	138	139
40	164	0	0
40	165	0	0
40	166	0	0
40	167	0	0
40	168	121	122
40	169	0	0
40	170	0	0
40	171	0	0
40	172	0	0
40	173	134	135
40	174	83	84
40	175	0	0
40	176	0	0
40	177	0	0
40	178	0	0
40	179	141	142
40	180	90	91
40	181	62	63
40	182	127	128
40	183	0	0
40	184	0	0
40	185	96	97
40	186	150	151
40	187	183	184
40	188	141	142
40	189	100	101
40	190	73	74
40	191	154	155
40	192	177	178
40	193	96	97
40	194	164	165
40	195	96	97
40	196	175	176
40	197	166	167
40	198	136	137
40	199	171	172
40	200	175	176
