29	1	0	0
29	2	1	3
29	3	0	0
29	4	1	3
29	5	1	3
29	6	2	7
29	7	9	10
29	8	1	3
29	9	0	0
29	10	0	0
29	11	9	10
29	12	9	10
29	13	6	14
29	14	22	23
29	15	2	7
29	16	9	10
29	17	2	7
29	18	6	14
29	19	6	14
29	20	6	14
29	21	2	7
29	22	24	25
29	23	66	67
29	24	0	0
29	25	0	0
29	26	24	25
29	27	22	23
29	28	22	23
29	29	22	23
29	30	13	31
29	31	36	37
29	32	13	31
29	33	24	25
29	34	24	25
29	35	13	31
29	36	97	98
29	37	38	39
29	38	40	41
29	39	48	49
29	40	0	0
29	41	0	0
29	42	38	39
29	43	38	39
29	44	13	31
29	45	30	46
29	46	50	51
29	47	30	46
29	48	0	0
29	49	0	0
29	50	55	56
29	51	60	61
29	52	30	46
29	53	48	49
29	54	38	39
29	55	111	112
29	56	58	59
29	57	40	41
29	58	122	123
29	59	92	93
29	60	74	75
29	61	78	79
29	62	60	61
29	63	48	49
29	64	60	61
29	65	58	59
29	66	0	0
29	67	0	0
29	68	60	61
29	69	55	56
29	70	55	56
29	71	58	59
29	72	48	49
29	73	50	51
29	74	108	109
29	75	101	102
29	76	30	46
29	77	66	67
29	78	81	82
29	79	125	126
29	80	74	75
29	81	0	0
29	82	0	0
29	83	78	79
29	84	81	82
29	85	78	79
29	86	81	82
29	87	36	37
29	88	74	75
29	89	78	79
29	90	45	91
29	91	113	114
29	92	0	0
29	93	0	0
29	94	40	41
29	95	66	67
29	96	36	37
29	97	140	141
29	98	165	166
29	99	74	75
29	100	36	37
29	101	0	0
29	102	0	0
29	103	66	67
29	104	97	98
29	105	45	91
29	106	40	41
29	107	50	51
29	108	0	0
29	109	0	0
29	110	97	98
29	111	143	144
29	112	171	172
29	113	118	119
29	114	115	116
29	115	186	187
29	116	232	233
29	117	101	102
29	118	227	228
29	119	120	121
29	120	133	134
29	121	179	180
29	122	0	0
29	123	0	0
29	124	113	114
29	125	0	0
29	126	0	0
29	127	97	98
29	128	55	56
29	129	118	119
29	130	92	93
29	131	111	112
29	132	108	109
29	133	163	164
29	134	216	217
29	135	133	134
29	136	122	123
29	137	101	102
29	138	108	109
29	139	50	51
29	140	0	0
29	141	0	0
29	142	140	141
29	143	0	0
29	144	0	0
29	145	58	59
29	146	143	144
29	147	101	102
29	148	115	116
29	149	108	109
29	150	92	93
29	151	120	121
29	152	45	91
29	153	115	116
29	154	111	112
29	155	45	91
29	156	111	112
29	157	143	144
29	158	133	134
29	159	90	160
29	160	211	212
29	161	115	116
29	162	90	160
29	163	0	0
29	164	0	0
29	165	0	0
29	166	0	0
29	167	81	82
29	168	120	121
29	169	140	141
29	170	118	119
29	171	0	0
29	172	0	0
29	173	140	141
29	174	113	114
29	175	133	134
29	176	125	126
29	177	113	114
29	178	171	172
29	179	183	184
29	180	213	214
29	181	122	123
29	182	171	172
29	183	0	0
29	184	0	0
29	185	92	93
29	186	224	225
29	187	195	196
29	188	120	121
29	189	179	180
29	190	90	160
29	191	163	164
29	192	159	193
29	193	246	247
29	194	143	144
29	195	496	497
29	196	219	220
29	197	179	180
29	198	163	164
29	199	195	196
29	200	186	187
29	201	125	126
29	202	118	119
29	203	125	126
29	204	183	184
29	205	171	172
29	206	163	164
29	207	159	193
29	208	179	180
29	209	90	160
29	210	195	196
29	211	234	235
29	212	257	258
29	213	0	0
29	214	0	0
29	215	186	187
29	216	0	0
29	217	0	0
29	218	216	217
29	219	0	0
29	220	0	0
29	221	213	214
29	222	213	214
29	223	159	193
29	224	250	251
29	225	326	327
29	226	183	184
29	227	229	230
29	228	236	237
29	229	361	362
29	230	238	239
29	231	229	230
29	232	287	288
29	233	263	264
29	234	310	311
29	235	268	269
29	236	244	245
29	237	364	365
29	238	0	0
29	239	0	0
29	240	236	237
29	241	192	242
29	242	490	491
29	243	216	217
29	244	0	0
29	245	0	0
29	246	290	291
29	247	299	300
29	248	211	212
29	249	236	237
29	250	0	0
29	251	0	0
29	252	219	220
29	253	192	242
29	254	183	184
29	255	219	220
29	256	250	251
29	257	554	555
29	258	343	344
29	259	232	233
29	260	211	212
29	261	211	212
29	262	224	225
29	263	266	267
29	264	301	302
29	265	195	196
29	266	0	0
29	267	0	0
29	268	282	283
29	269	277	278
29	270	268	269
29	271	257	258
29	272	232	233
29	273	227	228
29	274	227	228
29	275	216	217
29	276	236	237
29	277	355	356
29	278	375	376
29	279	224	225
29	280	266	267
29	281	122	123
29	282	351	352
29	283	0	0
29	284	219	220
29	285	282	283
29	286	257	258
29	287	308	309
29	288	293	294
29	289	227	228
29	290	318	319
29	291	349	350
29	292	232	233
29	293	0	0
29	294	0	0
29	295	250	251
29	296	290	291
29	297	282	283
29	298	229	230
29	299	414	415
29	300	305	306
29	301	0	0
29	302	0	0
29	303	299	300
29	304	244	245
29	305	331	332
29	306	0	0
29	307	268	269
29	308	0	0
29	309	0	0
29	310	323	324
29	311	312	313
29	312	542	543
29	313	463	464
29	314	224	225
29	315	282	283
29	316	301	302
29	317	263	264
29	318	439	440
29	319	336	337
29	320	266	267
29	321	234	235
29	322	234	235
29	323	368	369
29	324	333	334
29	325	268	269
29	326	0	0
29	327	0	0
29	328	234	235
29	329	238	239
29	330	250	251
29	331	357	358
29	332	416	417
29	333	390	391
29	334	754	755
29	335	192	242
29	336	404	405
29	337	366	367
29	338	165	166
29	339	244	245
29	340	305	306
29	341	310	311
29	342	333	334
29	343	393	394
29	344	452	453
29	345	308	309
29	346	246	247
29	347	290	291
29	348	308	309
29	349	437	438
29	350	801	802
29	351	370	371
29	352	443	444
29	353	312	313
29	354	165	166
29	355	424	425
29	356	488	489
29	357	0	0
29	358	435	436
29	359	257	258
29	360	301	302
29	361	0	0
29	362	0	0
29	363	290	291
29	364	0	0
29	365	0	0
29	366	499	500
29	367	419	420
29	368	373	374
29	369	410	411
29	370	0	0
29	371	0	0
29	372	244	245
29	373	0	0
29	374	0	0
29	375	472	473
29	376	659	660
29	377	323	324
29	378	305	306
29	379	299	300
29	380	370	371
29	381	349	350
29	382	366	367
29	383	355	356
29	384	357	358
29	385	318	319
29	386	310	311
29	387	336	337
29	388	213	214
29	389	331	332
29	390	0	0
29	391	0	0
29	392	186	187
29	393	400	401
29	394	482	483
29	395	355	356
29	396	336	337
29	397	366	367
29	398	366	367
29	399	293	294
29	400	622	623
29	401	431	432
29	402	318	319
29	403	326	327
29	404	602	603
29	405	475	476
29	406	400	401
29	407	310	311
29	408	370	371
29	409	266	267
29	410	0	0
29	411	0	0
29	412	333	334
29	413	263	264
29	414	580	581
29	415	433	434
29	416	486	487
29	417	493	494
29	418	287	288
29	419	718	719
29	420	868	869
29	421	308	309
29	422	323	324
29	423	318	319
29	424	0	0
29	425	0	0
29	426	246	247
29	427	351	352
29	428	301	302
29	429	326	327
29	430	400	401
29	431	0	0
29	432	0	0
29	433	456	457
29	434	612	613
29	435	592	593
29	436	682	683
29	437	849	850
29	438	843	844
29	439	449	450
29	440	0	0
29	441	419	420
29	442	349	350
29	443	0	0
29	444	0	0
29	445	326	327
29	446	419	420
29	447	419	420
29	448	393	394
29	449	678	679
29	450	558	559
29	451	368	369
29	452	507	508
29	453	552	553
29	454	400	401
29	455	404	405
29	456	505	506
29	457	686	687
29	458	305	306
29	459	263	264
29	460	229	230
29	461	370	371
29	462	336	337
29	463	770	771
29	464	477	478
29	465	357	358
29	466	390	391
29	467	159	193
29	468	331	332
29	469	375	376
29	470	410	411
29	471	435	436
29	472	0	0
29	473	0	0
29	474	435	436
29	475	527	528
29	476	666	667
29	477	0	0
29	478	0	0
29	479	456	457
29	480	475	476
29	481	331	332
29	482	614	615
29	483	982	983
29	484	351	352
29	485	368	369
29	486	585	586
29	487	561	562
29	488	0	0
29	489	0	0
29	490	676	677
29	491	725	726
29	492	443	444
29	493	538	539
29	494	517	518
29	495	192	242
29	496	0	0
29	497	0	0
29	498	299	300
29	499	635	636
29	500	583	584
29	501	477	478
29	502	463	464
29	503	490	491
29	504	463	464
29	505	775	776
29	506	545	546
29	507	748	749
29	508	0	0
29	509	364	365
29	510	246	247
29	511	393	394
29	512	393	394
29	513	368	369
29	514	439	440
29	515	488	489
29	516	355	356
29	517	0	0
29	518	0	0
29	519	323	324
29	520	437	438
29	521	333	334
29	522	482	483
29	523	241	524
29	524	588	589
29	525	463	464
29	526	238	239
29	527	0	0
29	528	0	0
29	529	472	473
29	530	238	239
29	531	517	518
29	532	343	344
29	533	437	438
29	534	488	489
29	535	527	528
29	536	373	374
29	537	410	411
29	538	0	0
29	539	0	0
29	540	390	391
29	541	449	450
29	542	784	785
29	543	693	694
29	544	433	434
29	545	0	0
29	546	0	0
29	547	523	548
29	548	563	564
29	549	488	489
29	550	523	548
29	551	404	405
29	552	818	819
29	553	733	734
29	554	751	752
29	555	645	646
29	556	241	524
29	557	414	415
29	558	0	0
29	559	637	638
29	560	277	278
29	561	0	0
29	562	0	0
29	563	0	0
29	564	773	774
29	565	456	457
29	566	375	376
29	567	435	436
29	568	165	166
29	569	523	548
29	570	424	425
29	571	545	546
29	572	527	528
29	573	505	506
29	574	542	543
29	575	542	543
29	576	439	440
29	577	373	374
29	578	493	494
29	579	486	487
29	580	824	825
29	581	606	607
29	582	493	494
29	583	0	0
29	584	0	0
29	585	0	0
29	586	0	0
29	587	583	584
29	588	764	765
29	589	0	0
29	590	477	478
29	591	452	453
29	592	0	0
29	593	0	0
29	594	293	294
29	595	554	555
29	596	585	586
29	597	456	457
29	598	431	432
29	599	545	546
29	600	552	553
29	601	443	444
29	602	616	617
29	603	857	858
29	604	416	417
29	605	482	483
29	606	674	675
29	607	633	634
29	608	580	581
29	609	437	438
29	610	364	365
29	611	538	539
29	612	827	828
29	613	710	711
29	614	0	0
29	615	0	0
29	616	0	0
29	617	0	0
29	618	558	559
29	619	614	615
29	620	538	539
29	621	312	313
29	622	0	0
29	623	0	0
29	624	606	607
29	625	241	524
29	626	293	294
29	627	507	508
29	628	614	615
29	629	616	617
29	630	373	374
29	631	375	376
29	632	287	288
29	633	651	652
29	634	0	0
29	635	0	0
29	636	0	0
29	637	0	0
29	638	0	0
29	639	538	539
29	640	545	546
29	641	431	432
29	642	424	425
29	643	364	365
29	644	612	613
29	645	737	738
29	646	655	656
29	647	486	487
29	648	614	615
29	649	580	581
29	650	585	586
29	651	0	0
29	652	0	0
29	653	563	564
29	654	439	440
29	655	0	0
29	656	0	0
29	657	606	607
29	658	585	586
29	659	0	0
29	660	0	0
29	661	523	548
29	662	558	559
29	663	482	483
29	664	588	589
29	665	602	603
29	666	0	0
29	667	0	0
29	668	493	494
29	669	414	415
29	670	410	411
29	671	287	288
29	672	416	417
29	673	357	358
29	674	805	806
29	675	0	0
29	676	708	709
29	677	697	698
29	678	816	817
29	679	0	0
29	680	659	660
29	681	583	584
29	682	0	0
29	683	0	0
29	684	674	675
29	685	443	444
29	686	691	692
29	687	948	949
29	688	682	683
29	689	499	500
29	690	505	506
29	691	0	0
29	692	0	0
29	693	0	0
29	694	0	0
29	695	404	405
29	696	612	613
29	697	0	0
29	698	851	852
29	699	693	694
29	700	655	656
29	701	633	634
29	702	449	450
29	703	452	453
29	704	361	362
29	705	588	589
29	706	433	434
29	707	561	562
29	708	0	0
29	709	812	813
29	710	0	0
29	711	878	879
29	712	693	694
29	713	505	506
29	714	645	646
29	715	390	391
29	716	676	677
29	717	554	555
29	718	0	0
29	719	0	0
29	720	622	623
29	721	616	617
29	722	682	683
29	723	361	362
29	724	349	350
29	725	799	800
29	726	787	788
29	727	561	562
29	728	554	555
29	729	431	432
29	730	475	476
29	731	416	417
29	732	542	543
29	733	0	0
29	734	0	0
29	735	718	719
29	736	449	450
29	737	0	0
29	738	986	987
29	739	602	603
29	740	583	584
29	741	674	675
29	742	637	638
29	743	725	726
29	744	552	553
29	745	691	692
29	746	351	352
29	747	616	617
29	748	0	0
29	749	0	0
29	750	588	589
29	751	930	931
29	752	0	0
29	753	748	749
29	754	0	0
29	755	0	0
29	756	622	623
29	757	622	623
29	758	666	667
29	759	552	553
29	760	754	755
29	761	241	524
29	762	563	564
29	763	666	667
29	764	0	0
29	765	0	0
29	766	682	683
29	767	452	453
29	768	754	755
29	769	507	508
29	770	0	0
29	771	0	0
29	772	527	528
29	773	832	833
29	774	913	914
29	775	0	0
29	776	0	0
29	777	606	607
29	778	708	709
29	779	517	518
29	780	558	559
29	781	602	603
29	782	637	638
29	783	733	734
29	784	0	0
29	785	0	0
29	786	424	425
29	787	0	0
29	788	797	798
29	789	561	562
29	790	433	434
29	791	708	709
29	792	691	692
29	793	784	785
29	794	787	788
29	795	612	613
29	796	770	771
29	797	0	0
29	798	886	887
29	799	834	835
29	800	0	0
29	801	0	0
29	802	803	804
29	803	0	0
29	804	838	839
29	805	0	0
29	806	0	0
29	807	343	344
29	808	686	687
29	809	635	636
29	810	754	755
29	811	635	636
29	812	0	0
29	813	0	0
29	814	635	636
29	815	312	313
29	816	0	0
29	817	0	0
29	818	0	0
29	819	0	0
29	820	361	362
29	821	547	822
29	822	945	946
29	823	472	473
29	824	952	953
29	825	967	968
29	826	770	771
29	827	0	0
29	828	0	0
29	829	827	828
29	830	676	677
29	831	733	734
29	832	889	890
29	833	988	989
29	834	0	0
29	835	996	997
29	836	563	564
29	837	737	738
29	838	882	883
29	839	972	973
29	840	674	675
29	841	805	806
29	842	737	738
29	843	0	0
29	844	0	0
29	845	651	652
29	846	710	711
29	847	843	844
29	848	472	473
29	849	0	0
29	850	863	864
29	851	0	0
29	852	865	866
29	853	637	638
29	854	821	855
29	855	884	885
29	856	801	802
29	857	0	0
29	858	0	0
29	859	733	734
29	860	784	785
29	861	751	752
29	862	697	698
29	863	954	955
29	864	979	980
29	865	0	0
29	866	0	0
29	867	863	864
29	868	0	0
29	869	0	0
29	870	770	771
29	871	718	719
29	872	678	679
29	873	676	677
29	874	678	679
29	875	801	802
29	876	764	765
29	877	821	855
29	878	0	0
29	879	0	0
29	880	691	692
29	881	827	828
29	882	0	0
29	883	0	0
29	884	928	929
29	885	903	904
29	886	0	0
29	887	0	0
29	888	499	500
29	889	0	0
29	890	933	934
29	891	751	752
29	892	710	711
29	893	764	765
29	894	787	788
29	895	414	415
29	896	475	476
29	897	884	885
29	898	678	679
29	899	710	711
29	900	827	828
29	901	477	478
29	902	507	508
29	903	938	939
29	904	0	0
29	905	801	802
29	906	868	869
29	907	666	667
29	908	824	825
29	909	764	765
29	910	343	344
29	911	857	858
29	912	812	813
29	913	970	971
29	914	915	916
29	915	0	0
29	916	0	0
29	917	784	785
29	918	886	887
29	919	882	883
29	920	886	887
29	921	490	491
29	922	797	798
29	923	496	497
29	924	651	652
29	925	748	749
29	926	863	864
29	927	816	817
29	928	0	0
29	929	0	0
29	930	959	960
29	931	0	0
29	932	708	709
29	933	0	0
29	934	0	0
29	935	834	835
29	936	903	904
29	937	843	844
29	938	0	0
29	939	0	0
29	940	655	656
29	941	773	774
29	942	812	813
29	943	651	652
29	944	775	776
29	945	0	0
29	946	956	957
29	947	863	864
29	948	0	0
29	949	0	0
29	950	838	839
29	951	865	866
29	952	0	0
29	953	992	993
29	954	0	0
29	955	0	0
29	956	0	0
29	957	0	0
29	958	277	278
29	959	0	0
29	960	0	0
29	961	592	593
29	962	857	858
29	963	868	869
29	964	787	788
29	965	277	278
29	966	821	855
29	967	0	0
29	968	0	0
29	969	838	839
29	970	0	0
29	971	0	0
29	972	0	0
29	973	0	0
29	974	851	852
29	975	834	835
29	976	824	825
29	977	659	660
29	978	490	491
29	979	0	0
29	980	0	0
29	981	799	800
29	982	0	0
29	983	0	0
29	984	889	890
29	985	693	694
29	986	0	0
29	987	0	0
29	988	994	995
29	989	0	0
29	990	972	973
29	991	799	800
29	992	0	0
29	993	0	0
29	994	0	0
29	995	0	0
29	996	0	0
29	997	0	0
29	998	988	989
29	999	938	939
29	1000	592	593
