6	1	0	0
6	2	1	3
6	3	0	0
6	4	1	3
6	5	1	3
6	6	1	3
6	7	2	8
6	8	9	10
6	9	0	0
6	10	0	0
6	11	2	8
6	12	2	8
6	13	9	10
6	14	7	15
6	15	17	18
6	16	2	8
6	17	21	22
6	18	24	25
6	19	9	10
6	20	9	10
6	21	0	0
6	22	0	0
6	23	21	22
6	24	0	0
6	25	0	0
6	26	7	15
6	27	7	15
6	28	24	25
6	29	14	30
6	30	32	33
6	31	14	30
6	32	34	35
6	33	56	57
6	34	58	59
6	35	76	77
6	36	24	25
6	37	32	33
6	38	32	33
6	39	21	22
6	40	32	33
6	41	7	15
6	42	14	30
6	43	29	44
6	44	46	47
6	45	24	25
6	46	52	53
6	47	65	66
6	48	14	30
6	49	46	47
6	50	46	47
6	51	21	22
6	52	60	61
6	53	140	141
6	54	34	35
6	55	52	53
6	56	72	73
6	57	63	64
6	58	0	0
6	59	0	0
6	60	85	86
6	61	67	68
6	62	46	47
6	63	0	0
6	64	0	0
6	65	82	83
6	66	79	80
6	67	0	0
6	68	0	0
6	69	52	53
6	70	34	35
6	71	60	61
6	72	0	0
6	73	0	0
6	74	34	35
6	75	58	59
6	76	0	0
6	77	0	0
6	78	29	44
6	79	165	166
6	80	0	0
6	81	72	73
6	82	110	111
6	83	102	103
6	84	82	83
6	85	0	0
6	86	0	0
6	87	60	61
6	88	17	18
6	89	43	90
6	90	113	114
6	91	82	83
6	92	72	73
6	93	56	57
6	94	85	86
6	95	17	18
6	96	56	57
6	97	82	83
6	98	89	99
6	99	106	107
6	100	72	73
6	101	43	90
6	102	0	0
6	103	0	0
6	104	65	66
6	105	17	18
6	106	128	129
6	107	138	139
6	108	60	61
6	109	102	103
6	110	0	0
6	111	0	0
6	112	52	53
6	113	133	134
6	114	147	148
6	115	79	80
6	116	106	107
6	117	63	64
6	118	98	119
6	119	136	137
6	120	43	90
6	121	65	66
6	122	29	44
6	123	110	111
6	124	113	114
6	125	102	103
6	126	58	59
6	127	106	107
6	128	149	150
6	129	0	0
6	130	113	114
6	131	110	111
6	132	76	77
6	133	158	159
6	134	0	0
6	135	89	99
6	136	196	197
6	137	0	0
6	138	0	0
6	139	181	182
6	140	192	193
6	141	0	0
6	142	138	139
6	143	85	86
6	144	113	114
6	145	85	86
6	146	29	44
6	147	0	0
6	148	162	163
6	149	0	0
6	150	169	170
6	151	43	90
6	152	110	111
6	153	118	154
6	154	0	0
6	155	89	99
6	156	63	64
6	157	65	66
6	158	0	0
6	159	172	173
6	160	106	107
6	161	79	80
6	162	198	199
6	163	0	0
6	164	98	119
6	165	0	0
6	166	0	0
6	167	118	154
6	168	165	166
6	169	179	180
6	170	0	0
6	171	136	137
6	172	0	0
6	173	0	0
6	174	169	170
6	175	140	141
6	176	56	57
6	177	67	68
6	178	172	173
6	179	0	0
6	180	0	0
6	181	183	184
6	182	0	0
6	183	0	0
6	184	0	0
6	185	179	180
6	186	67	68
6	187	162	163
6	188	172	173
6	189	172	173
6	190	63	64
6	191	102	103
6	192	0	0
6	193	0	0
6	194	158	159
6	195	79	80
6	196	0	0
6	197	0	0
6	198	0	0
6	199	0	0
6	200	58	59
