43	1	0	0
43	2	1	3
43	3	0	0
43	4	1	3
43	5	1	3
43	6	1	3
43	7	2	8
43	8	15	16
43	9	7	10
43	10	11	12
43	11	13	14
43	12	52	53
43	13	0	0
43	14	0	0
43	15	0	0
43	16	0	0
43	17	7	10
43	18	2	8
43	19	15	16
43	20	11	12
43	21	11	12
43	22	13	14
43	23	11	12
43	24	2	8
43	25	13	14
43	26	9	27
43	27	36	37
43	28	9	27
43	29	13	14
43	30	7	10
43	31	9	27
43	32	26	33
43	33	38	39
43	34	26	33
43	35	9	27
43	36	60	61
43	37	175	176
43	38	43	44
43	39	45	46
43	40	32	41
43	41	90	91
43	42	32	41
43	43	58	59
43	44	55	56
43	45	78	79
43	46	118	119
43	47	43	44
43	48	7	10
43	49	15	16
43	50	32	41
43	51	38	39
43	52	0	0
43	53	0	0
43	54	52	53
43	55	87	88
43	56	147	148
43	57	43	44
43	58	74	75
43	59	69	70
43	60	71	72
43	61	83	84
43	62	52	53
43	63	60	61
43	64	40	65
43	65	110	111
43	66	45	46
43	67	36	37
43	68	60	61
43	69	0	0
43	70	0	0
43	71	0	0
43	72	0	0
43	73	2	8
43	74	0	0
43	75	0	0
43	76	74	75
43	77	38	39
43	78	170	171
43	79	100	101
43	80	78	79
43	81	69	70
43	82	60	61
43	83	0	0
43	84	0	0
43	85	45	46
43	86	78	79
43	87	0	0
43	88	0	0
43	89	40	65
43	90	98	99
43	91	247	248
43	92	43	44
43	93	74	75
43	94	58	59
43	95	83	84
43	96	74	75
43	97	40	65
43	98	229	230
43	99	107	108
43	100	0	0
43	101	0	0
43	102	98	99
43	103	45	46
43	104	90	91
43	105	38	39
43	106	69	70
43	107	163	164
43	108	252	253
43	109	71	72
43	110	161	162
43	111	130	131
43	112	58	59
43	113	90	91
43	114	26	33
43	115	100	101
43	116	87	88
43	117	36	37
43	118	155	156
43	119	128	129
43	120	32	41
43	121	118	119
43	122	98	99
43	123	52	53
43	124	69	70
43	125	58	59
43	126	40	65
43	127	55	56
43	128	0	0
43	129	0	0
43	130	201	202
43	131	165	166
43	132	118	119
43	133	98	99
43	134	83	84
43	135	128	129
43	136	36	37
43	137	90	91
43	138	78	79
43	139	128	129
43	140	107	108
43	141	130	131
43	142	100	101
43	143	110	111
43	144	128	129
43	145	130	131
43	146	87	88
43	147	0	0
43	148	0	0
43	149	147	148
43	150	55	56
43	151	83	84
43	152	118	119
43	153	110	111
43	154	26	33
43	155	0	0
43	156	0	0
43	157	55	56
43	158	107	108
43	159	110	111
43	160	87	88
43	161	167	168
43	162	0	0
43	163	182	183
43	164	0	0
43	165	203	204
43	166	186	187
43	167	178	179
43	168	0	0
43	169	107	108
43	170	0	0
43	171	0	0
43	172	170	171
43	173	15	16
43	174	161	162
43	175	184	185
43	176	0	0
43	177	100	101
43	178	292	293
43	179	250	251
43	180	170	171
43	181	175	176
43	182	0	0
43	183	0	0
43	184	0	0
43	185	0	0
43	186	191	192
43	187	274	275
43	188	161	162
43	189	163	164
43	190	186	187
43	191	193	194
43	192	197	198
43	193	0	0
43	194	0	0
43	195	167	168
43	196	184	185
43	197	0	0
43	198	0	0
43	199	163	164
43	200	130	131
43	201	245	246
43	202	208	209
43	203	221	222
43	204	0	0
43	205	201	202
43	206	184	185
43	207	193	194
43	208	213	214
43	209	238	239
43	210	182	183
43	211	178	179
43	212	191	192
43	213	232	233
43	214	0	0
43	215	163	164
43	216	175	176
43	217	182	183
43	218	161	162
43	219	167	168
43	220	208	209
43	221	0	0
43	222	0	0
43	223	197	198
43	224	213	214
43	225	167	168
43	226	197	198
43	227	64	228
43	228	0	0
43	229	255	256
43	230	234	235
43	231	213	214
43	232	0	0
43	233	0	0
43	234	0	0
43	235	0	0
43	236	155	156
43	237	186	187
43	238	0	0
43	239	257	258
43	240	175	176
43	241	178	179
43	242	227	243
43	243	0	0
43	244	193	194
43	245	285	286
43	246	0	0
43	247	0	0
43	248	0	0
43	249	227	243
43	250	267	268
43	251	0	0
43	252	0	0
43	253	278	279
43	254	245	246
43	255	295	296
43	256	299	300
43	257	0	0
43	258	0	0
43	259	229	230
43	260	197	198
43	261	191	192
43	262	64	228
43	263	227	243
43	264	165	166
43	265	64	228
43	266	71	72
43	267	0	0
43	268	0	0
43	269	247	248
43	270	227	243
43	271	184	185
43	272	193	194
43	273	252	253
43	274	0	0
43	275	0	0
43	276	257	258
43	277	232	233
43	278	0	0
43	279	0	0
43	280	178	179
43	281	278	279
43	282	208	209
43	283	155	156
43	284	186	187
43	285	288	289
43	286	0	0
43	287	165	166
43	288	0	0
43	289	0	0
43	290	213	214
43	291	288	289
43	292	0	0
43	293	0	0
43	294	292	293
43	295	0	0
43	296	0	0
43	297	170	171
43	298	64	228
43	299	0	0
43	300	0	0
