27	1	0	0
27	2	1	3
27	3	0	0
27	4	1	3
27	5	2	6
27	6	19	20
27	7	2	6
27	8	2	6
27	9	1	3
27	10	2	6
27	11	1	3
27	12	5	13
27	13	55	56
27	14	5	13
27	15	5	13
27	16	12	17
27	17	24	25
27	18	5	13
27	19	0	0
27	20	0	0
27	21	16	22
27	22	29	30
27	23	16	22
27	24	31	32
27	25	37	38
27	26	16	22
27	27	16	22
27	28	19	20
27	29	59	60
27	30	39	40
27	31	70	71
27	32	110	111
27	33	19	20
27	34	31	32
27	35	19	20
27	36	24	25
27	37	49	50
27	38	43	44
27	39	75	76
27	40	41	42
27	41	85	86
27	42	57	58
27	43	0	0
27	44	0	0
27	45	29	30
27	46	43	44
27	47	39	40
27	48	41	42
27	49	0	0
27	50	0	0
27	51	37	38
27	52	41	42
27	53	39	40
27	54	37	38
27	55	133	134
27	56	61	62
27	57	0	0
27	58	0	0
27	59	141	142
27	60	105	106
27	61	0	0
27	62	0	0
27	63	55	56
27	64	31	32
27	65	49	50
27	66	29	30
27	67	12	17
27	68	57	58
27	69	29	30
27	70	0	0
27	71	0	0
27	72	39	40
27	73	55	56
27	74	37	38
27	75	122	123
27	76	113	114
27	77	49	50
27	78	43	44
27	79	12	17
27	80	55	56
27	81	70	71
27	82	70	71
27	83	59	60
27	84	12	17
27	85	0	0
27	86	0	0
27	87	85	86
27	88	24	25
27	89	75	76
27	90	85	86
27	91	41	42
27	92	43	44
27	93	59	60
27	94	21	95
27	95	100	101
27	96	85	86
27	97	57	58
27	98	61	62
27	99	49	50
27	100	119	120
27	101	205	206
27	102	75	76
27	103	31	32
27	104	57	58
27	105	107	108
27	106	131	132
27	107	0	0
27	108	0	0
27	109	70	71
27	110	0	0
27	111	0	0
27	112	110	111
27	113	0	0
27	114	0	0
27	115	110	111
27	116	100	101
27	117	24	25
27	118	75	76
27	119	124	125
27	120	163	164
27	121	119	120
27	122	0	0
27	123	0	0
27	124	185	186
27	125	129	130
27	126	110	111
27	127	61	62
27	128	100	101
27	129	180	181
27	130	138	139
27	131	0	0
27	132	0	0
27	133	0	0
27	134	0	0
27	135	129	130
27	136	133	134
27	137	129	130
27	138	0	0
27	139	0	0
27	140	133	134
27	141	167	168
27	142	157	158
27	143	122	123
27	144	107	108
27	145	133	134
27	146	100	101
27	147	131	132
27	148	122	123
27	149	124	125
27	150	122	123
27	151	119	120
27	152	105	106
27	153	94	154
27	154	160	161
27	155	94	154
27	156	129	130
27	157	0	0
27	158	0	0
27	159	59	60
27	160	212	213
27	161	210	211
27	162	105	106
27	163	191	192
27	164	165	166
27	165	170	171
27	166	174	175
27	167	0	0
27	168	0	0
27	169	138	139
27	170	0	0
27	171	0	0
27	172	113	114
27	173	163	164
27	174	0	0
27	175	0	0
27	176	107	108
27	177	113	114
27	178	124	125
27	179	124	125
27	180	0	0
27	181	0	0
27	182	165	166
27	183	119	120
27	184	138	139
27	185	195	196
27	186	235	236
27	187	180	181
27	188	21	95
27	189	94	154
27	190	157	158
27	191	198	199
27	192	220	221
27	193	141	142
27	194	131	132
27	195	0	0
27	196	0	0
27	197	160	161
27	198	0	0
27	199	0	0
27	200	160	161
27	201	191	192
27	202	180	181
27	203	170	171
27	204	195	196
27	205	295	296
27	206	214	215
27	207	170	171
27	208	105	106
27	209	107	108
27	210	318	319
27	211	270	271
27	212	242	243
27	213	223	224
27	214	348	349
27	215	256	257
27	216	160	161
27	217	61	62
27	218	153	219
27	219	298	299
27	220	0	0
27	221	0	0
27	222	198	199
27	223	240	241
27	224	274	275
27	225	214	215
27	226	113	114
27	227	191	192
27	228	214	215
27	229	214	215
27	230	198	199
27	231	210	211
27	232	163	164
27	233	195	196
27	234	153	219
27	235	0	0
27	236	0	0
27	237	191	192
27	238	223	224
27	239	205	206
27	240	258	259
27	241	399	400
27	242	253	254
27	243	279	280
27	244	138	139
27	245	165	166
27	246	170	171
27	247	141	142
27	248	235	236
27	249	153	219
27	250	212	213
27	251	212	213
27	252	94	154
27	253	267	268
27	254	0	0
27	255	165	166
27	256	307	308
27	257	263	264
27	258	321	322
27	259	467	468
27	260	212	213
27	261	185	186
27	262	167	168
27	263	0	0
27	264	0	0
27	265	235	236
27	266	256	257
27	267	474	475
27	268	384	385
27	269	256	257
27	270	290	291
27	271	351	352
27	272	157	158
27	273	258	259
27	274	360	361
27	275	494	495
27	276	258	259
27	277	21	95
27	278	131	132
27	279	293	294
27	280	419	420
27	281	274	275
27	282	153	219
27	283	279	280
27	284	180	181
27	285	267	268
27	286	256	257
27	287	263	264
27	288	21	95
27	289	274	275
27	290	0	0
27	291	323	324
27	292	235	236
27	293	377	378
27	294	409	410
27	295	302	303
27	296	0	0
27	297	270	271
27	298	334	335
27	299	345	346
27	300	195	196
27	301	253	254
27	302	499	500
27	303	425	426
27	304	163	164
27	305	141	142
27	306	174	175
27	307	0	0
27	308	0	0
27	309	290	291
27	310	198	199
27	311	267	268
27	312	274	275
27	313	174	175
27	314	242	243
27	315	253	254
27	316	242	243
27	317	293	294
27	318	325	326
27	319	413	414
27	320	223	224
27	321	0	0
27	322	0	0
27	323	0	0
27	324	0	0
27	325	336	337
27	326	486	487
27	327	210	211
27	328	223	224
27	329	167	168
27	330	210	211
27	331	174	175
27	332	323	324
27	333	323	324
27	334	402	403
27	335	363	364
27	336	406	407
27	337	381	382
27	338	267	268
27	339	253	254
27	340	263	264
27	341	323	324
27	342	293	294
27	343	270	271
27	344	302	303
27	345	471	472
27	346	464	465
27	347	263	264
27	348	357	358
27	349	442	443
27	350	240	241
27	351	0	0
27	352	480	481
27	353	185	186
27	354	307	308
27	355	185	186
27	356	318	319
27	357	0	0
27	358	0	0
27	359	298	299
27	360	0	0
27	361	490	491
27	362	351	352
27	363	379	380
27	364	394	395
27	365	298	299
27	366	334	335
27	367	336	337
27	368	325	326
27	369	345	346
27	370	357	358
27	371	345	346
27	372	334	335
27	373	279	280
27	374	334	335
27	375	307	308
27	376	363	364
27	377	0	0
27	378	0	0
27	379	396	397
27	380	431	432
27	381	0	0
27	382	0	0
27	383	302	303
27	384	0	0
27	385	0	0
27	386	321	322
27	387	360	361
27	388	379	380
27	389	325	326
27	390	357	358
27	391	279	280
27	392	290	291
27	393	302	303
27	394	0	0
27	395	450	451
27	396	0	0
27	397	461	462
27	398	363	364
27	399	422	423
27	400	0	0
27	401	258	259
27	402	459	460
27	403	433	434
27	404	240	241
27	405	384	385
27	406	0	0
27	407	0	0
27	408	402	403
27	409	0	0
27	410	0	0
27	411	336	337
27	412	399	400
27	413	0	0
27	414	0	0
27	415	290	291
27	416	413	414
27	417	325	326
27	418	157	158
27	419	0	0
27	420	0	0
27	421	384	385
27	422	0	0
27	423	0	0
27	424	384	385
27	425	0	0
27	426	0	0
27	427	167	168
27	428	242	243
27	429	357	358
27	430	348	349
27	431	446	447
27	432	0	0
27	433	437	438
27	434	0	0
27	435	348	349
27	436	345	346
27	437	0	0
27	438	452	453
27	439	295	296
27	440	321	322
27	441	220	221
27	442	0	0
27	443	0	0
27	444	437	438
27	445	336	337
27	446	0	0
27	447	0	0
27	448	205	206
27	449	431	432
27	450	0	0
27	451	0	0
27	452	0	0
27	453	0	0
27	454	293	294
27	455	419	420
27	456	351	352
27	457	437	438
27	458	422	423
27	459	0	0
27	460	477	478
27	461	0	0
27	462	0	0
27	463	433	434
27	464	0	0
27	465	0	0
27	466	399	400
27	467	0	0
27	468	0	0
27	469	307	308
27	470	396	397
27	471	0	0
27	472	0	0
27	473	379	380
27	474	0	0
27	475	0	0
27	476	419	420
27	477	0	0
27	478	0	0
27	479	396	397
27	480	0	0
27	481	0	0
27	482	422	423
27	483	240	241
27	484	409	410
27	485	425	426
27	486	0	0
27	487	0	0
27	488	205	206
27	489	461	462
27	490	0	0
27	491	0	0
27	492	477	478
27	493	348	349
27	494	0	0
27	495	0	0
27	496	419	420
27	497	295	296
27	498	433	434
27	499	0	0
27	500	0	0
