14	1	0	0
14	2	1	3
14	3	0	0
14	4	2	5
14	5	217	218
14	6	2	5
14	7	1	3
14	8	2	5
14	9	1	3
14	10	2	5
14	11	4	12
14	12	96	97
14	13	4	12
14	14	4	12
14	15	1	3
14	16	4	12
14	17	11	18
14	18	23	24
14	19	17	20
14	20	46	47
14	21	17	20
14	22	17	20
14	23	33	34
14	24	31	32
14	25	19	26
14	26	37	38
14	27	19	26
14	28	11	18
14	29	23	24
14	30	23	24
14	31	42	43
14	32	35	36
14	33	80	81
14	34	71	72
14	35	0	0
14	36	0	0
14	37	39	40
14	38	204	205
14	39	111	112
14	40	73	74
14	41	11	18
14	42	0	0
14	43	0	0
14	44	25	45
14	45	87	88
14	46	60	61
14	47	143	144
14	48	19	26
14	49	37	38
14	50	25	45
14	51	35	36
14	52	17	20
14	53	35	36
14	54	39	40
14	55	33	34
14	56	46	47
14	57	25	45
14	58	35	36
14	59	39	40
14	60	85	86
14	61	82	83
14	62	46	47
14	63	25	45
14	64	11	18
14	65	42	43
14	66	44	67
14	67	184	185
14	68	23	24
14	69	37	38
14	70	39	40
14	71	0	0
14	72	0	0
14	73	101	102
14	74	215	216
14	75	71	72
14	76	73	74
14	77	46	47
14	78	19	26
14	79	37	38
14	80	0	0
14	81	0	0
14	82	198	199
14	83	273	274
14	84	33	34
14	85	403	404
14	86	94	95
14	87	89	90
14	88	192	193
14	89	114	115
14	90	107	108
14	91	42	43
14	92	66	93
14	93	123	124
14	94	0	0
14	95	0	0
14	96	164	165
14	97	133	134
14	98	96	97
14	99	31	32
14	100	94	95
14	101	652	653
14	102	104	105
14	103	94	95
14	104	0	0
14	105	0	0
14	106	73	74
14	107	408	409
14	108	129	130
14	109	85	86
14	110	87	88
14	111	116	117
14	112	493	494
14	113	73	74
14	114	905	906
14	115	120	121
14	116	310	311
14	117	289	290
14	118	60	61
14	119	71	72
14	120	275	276
14	121	177	178
14	122	107	108
14	123	127	128
14	124	175	176
14	125	66	93
14	126	80	81
14	127	156	157
14	128	170	171
14	129	372	373
14	130	207	208
14	131	31	32
14	132	87	88
14	133	0	0
14	134	0	0
14	135	111	112
14	136	107	108
14	137	71	72
14	138	44	67
14	139	87	88
14	140	116	117
14	141	82	83
14	142	127	128
14	143	154	155
14	144	382	383
14	145	89	90
14	146	107	108
14	147	89	90
14	148	116	117
14	149	60	61
14	150	120	121
14	151	85	86
14	152	127	128
14	153	120	121
14	154	219	220
14	155	253	254
14	156	166	167
14	157	232	233
14	158	80	81
14	159	89	90
14	160	82	83
14	161	33	34
14	162	85	86
14	163	94	95
14	164	0	0
14	165	0	0
14	166	970	971
14	167	0	0
14	168	66	93
14	169	154	155
14	170	179	180
14	171	281	282
14	172	127	128
14	173	143	144
14	174	164	165
14	175	376	377
14	176	182	183
14	177	457	458
14	178	390	391
14	179	248	249
14	180	317	318
14	181	123	124
14	182	200	201
14	183	189	190
14	184	516	517
14	185	306	307
14	186	143	144
14	187	182	183
14	188	184	185
14	189	194	195
14	190	446	447
14	191	60	61
14	192	352	353
14	193	245	246
14	194	421	422
14	195	235	236
14	196	189	190
14	197	179	180
14	198	0	0
14	199	0	0
14	200	250	251
14	201	240	241
14	202	111	112
14	203	177	178
14	204	483	484
14	205	0	0
14	206	170	171
14	207	222	223
14	208	285	286
14	209	177	178
14	210	92	211
14	211	213	214
14	212	111	112
14	213	817	818
14	214	267	268
14	215	291	292
14	216	269	270
14	217	0	0
14	218	0	0
14	219	0	0
14	220	0	0
14	221	31	32
14	222	0	0
14	223	0	0
14	224	198	199
14	225	192	193
14	226	219	220
14	227	210	228
14	228	298	299
14	229	80	81
14	230	222	223
14	231	170	171
14	232	255	256
14	233	478	479
14	234	219	220
14	235	0	0
14	236	533	534
14	237	217	218
14	238	66	93
14	239	194	195
14	240	655	656
14	241	885	886
14	242	192	193
14	243	227	244
14	244	977	978
14	245	571	572
14	246	332	333
14	247	175	176
14	248	337	338
14	249	354	355
14	250	399	400
14	251	365	366
14	252	189	190
14	253	0	0
14	254	0	0
14	255	322	323
14	256	907	908
14	257	227	244
14	258	164	165
14	259	166	167
14	260	248	249
14	261	204	205
14	262	219	220
14	263	175	176
14	264	184	185
14	265	96	97
14	266	255	256
14	267	546	547
14	268	777	778
14	269	0	0
14	270	0	0
14	271	96	97
14	272	116	117
14	273	0	0
14	274	0	0
14	275	303	304
14	276	342	343
14	277	175	176
14	278	240	241
14	279	189	190
14	280	184	185
14	281	385	386
14	282	415	416
14	283	123	124
14	284	232	233
14	285	0	0
14	286	0	0
14	287	255	256
14	288	104	105
14	289	0	0
14	290	0	0
14	291	0	0
14	292	0	0
14	293	289	290
14	294	104	105
14	295	285	286
14	296	289	290
14	297	210	228
14	298	455	456
14	299	520	521
14	300	281	282
14	301	198	199
14	302	82	83
14	303	0	0
14	304	0	0
14	305	298	299
14	306	345	346
14	307	431	432
14	308	298	299
14	309	306	307
14	310	0	0
14	311	0	0
14	312	243	313
14	313	862	863
14	314	285	286
14	315	269	270
14	316	255	256
14	317	619	620
14	318	396	397
14	319	133	134
14	320	243	313
14	321	198	199
14	322	552	553
14	323	329	330
14	324	101	102
14	325	312	326
14	326	550	551
14	327	248	249
14	328	275	276
14	329	834	835
14	330	874	875
14	331	42	43
14	332	471	472
14	333	701	702
14	334	329	330
14	335	273	274
14	336	194	195
14	337	368	369
14	338	685	686
14	339	204	205
14	340	129	130
14	341	154	155
14	342	0	0
14	343	0	0
14	344	213	214
14	345	387	388
14	346	585	586
14	347	273	274
14	348	245	246
14	349	182	183
14	350	240	241
14	351	312	326
14	352	0	0
14	353	505	506
14	354	358	359
14	355	0	0
14	356	317	318
14	357	232	233
14	358	0	0
14	359	0	0
14	360	310	311
14	361	332	333
14	362	192	193
14	363	120	121
14	364	250	251
14	365	438	439
14	366	0	0
14	367	213	214
14	368	474	475
14	369	443	444
14	370	215	216
14	371	329	330
14	372	688	689
14	373	394	395
14	374	164	165
14	375	222	223
14	376	773	774
14	377	0	0
14	378	368	369
14	379	232	233
14	380	354	355
14	381	273	274
14	382	679	680
14	383	0	0
14	384	332	333
14	385	0	0
14	386	632	633
14	387	540	541
14	388	0	0
14	389	337	338
14	390	0	0
14	391	0	0
14	392	133	134
14	393	354	355
14	394	0	0
14	395	0	0
14	396	623	624
14	397	511	512
14	398	306	307
14	399	941	942
14	400	603	604
14	401	123	124
14	402	114	115
14	403	0	0
14	404	0	0
14	405	44	67
14	406	354	355
14	407	281	282
14	408	441	442
14	409	464	465
14	410	92	211
14	411	358	359
14	412	207	208
14	413	240	241
14	414	332	333
14	415	0	0
14	416	529	530
14	417	101	102
14	418	207	208
14	419	291	292
14	420	114	115
14	421	0	0
14	422	435	436
14	423	306	307
14	424	322	323
14	425	298	299
14	426	227	244
14	427	403	404
14	428	303	304
14	429	390	391
14	430	44	67
14	431	580	581
14	432	0	0
14	433	182	183
14	434	394	395
14	435	0	0
14	436	522	523
14	437	342	343
14	438	752	753
14	439	0	0
14	440	376	377
14	441	466	467
14	442	699	700
14	443	0	0
14	444	0	0
14	445	207	208
14	446	0	0
14	447	453	454
14	448	317	318
14	449	342	343
14	450	337	338
14	451	210	228
14	452	394	395
14	453	485	486
14	454	705	706
14	455	754	755
14	456	578	579
14	457	0	0
14	458	0	0
14	459	213	214
14	460	387	388
14	461	235	236
14	462	317	318
14	463	329	330
14	464	468	469
14	465	0	0
14	466	0	0
14	467	0	0
14	468	0	0
14	469	0	0
14	470	267	268
14	471	819	820
14	472	0	0
14	473	394	395
14	474	0	0
14	475	0	0
14	476	408	409
14	477	170	171
14	478	957	958
14	479	0	0
14	480	285	286
14	481	376	377
14	482	352	353
14	483	0	0
14	484	536	537
14	485	0	0
14	486	837	838
14	487	368	369
14	488	399	400
14	489	385	386
14	490	382	383
14	491	310	311
14	492	376	377
14	493	0	0
14	494	723	724
14	495	217	218
14	496	403	404
14	497	177	178
14	498	399	400
14	499	92	211
14	500	200	201
14	501	200	201
14	502	104	105
14	503	310	311
14	504	345	346
14	505	524	525
14	506	661	662
14	507	101	102
14	508	129	130
14	509	365	366
14	510	390	391
14	511	588	589
14	512	761	762
14	513	478	479
14	514	154	155
14	515	267	268
14	516	518	519
14	517	527	528
14	518	0	0
14	519	770	771
14	520	634	635
14	521	639	640
14	522	0	0
14	523	0	0
14	524	915	916
14	525	531	532
14	526	453	454
14	527	0	0
14	528	0	0
14	529	614	615
14	530	0	0
14	531	0	0
14	532	0	0
14	533	721	722
14	534	0	0
14	535	248	249
14	536	676	677
14	537	693	694
14	538	522	523
14	539	133	134
14	540	0	0
14	541	801	802
14	542	443	444
14	543	408	409
14	544	291	292
14	545	415	416
14	546	566	567
14	547	628	629
14	548	441	442
14	549	217	218
14	550	0	0
14	551	555	556
14	552	703	704
14	553	866	867
14	554	415	416
14	555	648	649
14	556	626	627
14	557	358	359
14	558	114	115
14	559	372	373
14	560	483	484
14	561	358	359
14	562	156	157
14	563	143	144
14	564	365	366
14	565	443	444
14	566	0	0
14	567	963	964
14	568	399	400
14	569	385	386
14	570	468	469
14	571	600	601
14	572	749	750
14	573	431	432
14	574	571	572
14	575	421	422
14	576	421	422
14	577	345	346
14	578	636	637
14	579	768	769
14	580	0	0
14	581	0	0
14	582	566	567
14	583	372	373
14	584	485	486
14	585	0	0
14	586	606	607
14	587	431	432
14	588	0	0
14	589	0	0
14	590	455	456
14	591	485	486
14	592	527	528
14	593	303	304
14	594	441	442
14	595	129	130
14	596	275	276
14	597	516	517
14	598	365	366
14	599	269	270
14	600	736	737
14	601	0	0
14	602	345	346
14	603	961	962
14	604	870	871
14	605	493	494
14	606	695	696
14	607	643	644
14	608	555	556
14	609	457	458
14	610	325	611
14	611	0	0
14	612	446	447
14	613	200	201
14	614	0	0
14	615	931	932
14	616	524	525
14	617	524	525
14	618	529	530
14	619	0	0
14	620	621	622
14	621	0	0
14	622	0	0
14	623	0	0
14	624	924	925
14	625	281	282
14	626	0	0
14	627	0	0
14	628	779	780
14	629	0	0
14	630	291	292
14	631	222	223
14	632	791	792
14	633	832	833
14	634	738	739
14	635	674	675
14	636	657	658
14	637	813	814
14	638	536	537
14	639	0	0
14	640	0	0
14	641	614	615
14	642	619	620
14	643	0	0
14	644	789	790
14	645	204	205
14	646	210	228
14	647	382	383
14	648	806	807
14	649	663	664
14	650	555	556
14	651	337	338
14	652	0	0
14	653	0	0
14	654	529	530
14	655	936	937
14	656	0	0
14	657	0	0
14	658	894	895
14	659	639	640
14	660	352	353
14	661	0	0
14	662	824	825
14	663	796	797
14	664	666	667
14	665	643	644
14	666	846	847
14	667	934	935
14	668	610	669
14	669	0	0
14	670	536	537
14	671	546	547
14	672	267	268
14	673	600	601
14	674	994	995
14	675	0	0
14	676	0	0
14	677	0	0
14	678	438	439
14	679	0	0
14	680	0	0
14	681	443	444
14	682	566	567
14	683	555	556
14	684	619	620
14	685	0	0
14	686	877	878
14	687	621	622
14	688	0	0
14	689	0	0
14	690	540	541
14	691	666	667
14	692	466	467
14	693	0	0
14	694	0	0
14	695	798	799
14	696	0	0
14	697	325	611
14	698	431	432
14	699	0	0
14	700	0	0
14	701	0	0
14	702	719	720
14	703	0	0
14	704	0	0
14	705	912	913
14	706	0	0
14	707	289	290
14	708	536	537
14	709	619	620
14	710	415	416
14	711	92	211
14	712	666	667
14	713	457	458
14	714	468	469
14	715	634	635
14	716	493	494
14	717	215	216
14	718	705	706
14	719	0	0
14	720	0	0
14	721	0	0
14	722	0	0
14	723	0	0
14	724	0	0
14	725	634	635
14	726	464	465
14	727	695	696
14	728	657	658
14	729	403	404
14	730	303	304
14	731	643	644
14	732	674	675
14	733	666	667
14	734	719	720
14	735	580	581
14	736	0	0
14	737	0	0
14	738	0	0
14	739	0	0
14	740	603	604
14	741	474	475
14	742	550	551
14	743	661	662
14	744	245	246
14	745	518	519
14	746	588	589
14	747	628	629
14	748	614	615
14	749	0	0
14	750	0	0
14	751	580	581
14	752	0	0
14	753	0	0
14	754	0	0
14	755	868	869
14	756	438	439
14	757	325	611
14	758	550	551
14	759	166	167
14	760	552	553
14	761	0	0
14	762	0	0
14	763	699	700
14	764	632	633
14	765	674	675
14	766	421	422
14	767	610	669
14	768	0	0
14	769	0	0
14	770	0	0
14	771	872	873
14	772	312	326
14	773	0	0
14	774	967	968
14	775	245	246
14	776	516	517
14	777	975	976
14	778	0	0
14	779	0	0
14	780	0	0
14	781	546	547
14	782	235	236
14	783	540	541
14	784	552	553
14	785	588	589
14	786	312	326
14	787	770	771
14	788	634	635
14	789	0	0
14	790	0	0
14	791	997	998
14	792	0	0
14	793	623	624
14	794	603	604
14	795	243	313
14	796	809	810
14	797	827	828
14	798	0	0
14	799	0	0
14	800	453	454
14	801	944	945
14	802	0	0
14	803	505	506
14	804	471	472
14	805	761	762
14	806	829	830
14	807	881	882
14	808	493	494
14	809	0	0
14	810	0	0
14	811	688	689
14	812	455	456
14	813	0	0
14	814	0	0
14	815	524	525
14	816	446	447
14	817	0	0
14	818	0	0
14	819	0	0
14	820	0	0
14	821	194	195
14	822	688	689
14	823	474	475
14	824	0	0
14	825	0	0
14	826	703	704
14	827	0	0
14	828	0	0
14	829	0	0
14	830	0	0
14	831	253	254
14	832	0	0
14	833	0	0
14	834	0	0
14	835	0	0
14	836	396	397
14	837	0	0
14	838	0	0
14	839	250	251
14	840	578	579
14	841	688	689
14	842	636	637
14	843	806	807
14	844	588	589
14	845	250	251
14	846	852	853
14	847	0	0
14	848	468	469
14	849	457	458
14	850	626	627
14	851	243	313
14	852	0	0
14	853	855	856
14	854	385	386
14	855	0	0
14	856	0	0
14	857	483	484
14	858	652	653
14	859	550	551
14	860	736	737
14	861	738	739
14	862	989	990
14	863	992	993
14	864	829	830
14	865	382	383
14	866	0	0
14	867	0	0
14	868	0	0
14	869	0	0
14	870	0	0
14	871	0	0
14	872	982	983
14	873	972	973
14	874	0	0
14	875	0	0
14	876	578	579
14	877	0	0
14	878	0	0
14	879	520	521
14	880	657	658
14	881	959	960
14	882	0	0
14	883	603	604
14	884	342	343
14	885	0	0
14	886	0	0
14	887	699	700
14	888	632	633
14	889	485	486
14	890	453	454
14	891	723	724
14	892	791	792
14	893	325	611
14	894	0	0
14	895	0	0
14	896	600	601
14	897	527	528
14	898	455	456
14	899	824	825
14	900	471	472
14	901	511	512
14	902	668	903
14	903	0	0
14	904	390	391
14	905	0	0
14	906	0	0
14	907	0	0
14	908	0	0
14	909	695	696
14	910	621	622
14	911	777	778
14	912	0	0
14	913	0	0
14	914	885	886
14	915	0	0
14	916	0	0
14	917	408	409
14	918	578	579
14	919	915	916
14	920	372	373
14	921	885	886
14	922	663	664
14	923	868	869
14	924	0	0
14	925	0	0
14	926	798	799
14	927	905	906
14	928	736	737
14	929	703	704
14	930	912	913
14	931	0	0
14	932	0	0
14	933	483	484
14	934	0	0
14	935	0	0
14	936	0	0
14	937	0	0
14	938	699	700
14	939	834	835
14	940	777	778
14	941	0	0
14	942	0	0
14	943	907	908
14	944	0	0
14	945	0	0
14	946	471	472
14	947	827	828
14	948	643	644
14	949	668	903
14	950	227	244
14	951	478	479
14	952	944	945
14	953	877	878
14	954	801	802
14	955	518	519
14	956	546	547
14	957	987	988
14	958	0	0
14	959	0	0
14	960	0	0
14	961	0	0
14	962	0	0
14	963	0	0
14	964	0	0
14	965	866	867
14	966	657	658
14	967	0	0
14	968	0	0
14	969	275	276
14	970	0	0
14	971	0	0
14	972	0	0
14	973	0	0
14	974	721	722
14	975	999	1000
14	976	0	0
14	977	0	0
14	978	0	0
14	979	529	530
14	980	738	739
14	981	789	790
14	982	0	0
14	983	0	0
14	984	441	442
14	985	600	601
14	986	606	607
14	987	0	0
14	988	0	0
14	989	0	0
14	990	0	0
14	991	924	925
14	992	0	0
14	993	0	0
14	994	0	0
14	995	0	0
14	996	648	649
14	997	0	0
14	998	0	0
14	999	0	0
14	1000	0	0
