41	1	0	0
41	2	1	3
41	3	0	0
41	4	2	5
41	5	27	28
41	6	4	7
41	7	10	11
41	8	2	5
41	9	1	3
41	10	15	16
41	11	18	19
41	12	4	7
41	13	2	5
41	14	2	5
41	15	0	0
41	16	0	0
41	17	4	7
41	18	0	0
41	19	0	0
41	20	10	11
41	21	10	11
41	22	15	16
41	23	18	19
41	24	1	3
41	25	6	26
41	26	36	37
41	27	0	0
41	28	0	0
41	29	4	7
41	30	6	26
41	31	1	3
41	32	6	26
41	33	18	19
41	34	10	11
41	35	18	19
41	36	63	64
41	37	38	39
41	38	72	73
41	39	341	342
41	40	27	28
41	41	15	16
41	42	27	28
41	43	25	44
41	44	48	49
41	45	6	26
41	46	36	37
41	47	27	28
41	48	66	67
41	49	53	54
41	50	25	44
41	51	48	49
41	52	38	39
41	53	183	184
41	54	122	123
41	55	53	54
41	56	53	54
41	57	15	16
41	58	43	59
41	59	97	98
41	60	38	39
41	61	53	54
41	62	43	59
41	63	99	100
41	64	70	71
41	65	43	59
41	66	114	115
41	67	74	75
41	68	25	44
41	69	38	39
41	70	0	0
41	71	0	0
41	72	0	0
41	73	0	0
41	74	571	572
41	75	535	536
41	76	48	49
41	77	36	37
41	78	58	79
41	79	127	128
41	80	66	67
41	81	63	64
41	82	25	44
41	83	72	73
41	84	78	85
41	85	86	87
41	86	89	90
41	87	165	166
41	88	63	64
41	89	162	163
41	90	92	93
41	91	78	85
41	92	94	95
41	93	265	266
41	94	357	358
41	95	117	118
41	96	43	59
41	97	102	103
41	98	112	113
41	99	0	0
41	100	0	0
41	101	36	37
41	102	200	201
41	103	415	416
41	104	78	85
41	105	89	90
41	106	70	71
41	107	74	75
41	108	78	85
41	109	63	64
41	110	58	79
41	111	89	90
41	112	124	125
41	113	119	120
41	114	253	254
41	115	309	310
41	116	102	103
41	117	537	538
41	118	248	249
41	119	376	377
41	120	147	148
41	121	112	113
41	122	136	137
41	123	209	210
41	124	279	280
41	125	213	214
41	126	70	71
41	127	139	140
41	128	142	143
41	129	70	71
41	130	58	79
41	131	97	98
41	132	124	125
41	133	122	123
41	134	86	87
41	135	112	113
41	136	0	0
41	137	0	0
41	138	124	125
41	139	196	197
41	140	167	168
41	141	139	140
41	142	238	239
41	143	156	157
41	144	97	98
41	145	99	100
41	146	94	95
41	147	174	175
41	148	347	348
41	149	112	113
41	150	94	95
41	151	142	143
41	152	136	137
41	153	84	154
41	154	660	661
41	155	136	137
41	156	240	241
41	157	159	160
41	158	58	79
41	159	221	222
41	160	187	188
41	161	159	160
41	162	185	186
41	163	328	329
41	164	162	163
41	165	478	479
41	166	236	237
41	167	333	334
41	168	215	216
41	169	84	154
41	170	139	140
41	171	119	120
41	172	99	100
41	173	94	95
41	174	0	0
41	175	0	0
41	176	92	93
41	177	114	115
41	178	122	123
41	179	136	137
41	180	142	143
41	181	159	160
41	182	156	157
41	183	230	231
41	184	206	207
41	185	218	219
41	186	522	523
41	187	755	756
41	188	191	192
41	189	159	160
41	190	92	93
41	191	0	0
41	192	0	0
41	193	147	148
41	194	124	125
41	195	127	128
41	196	532	533
41	197	232	233
41	198	196	197
41	199	147	148
41	200	336	337
41	201	352	353
41	202	86	87
41	203	48	49
41	204	99	100
41	205	174	175
41	206	0	0
41	207	0	0
41	208	206	207
41	209	0	0
41	210	0	0
41	211	156	157
41	212	167	168
41	213	318	319
41	214	234	235
41	215	287	288
41	216	420	421
41	217	209	210
41	218	379	380
41	219	429	430
41	220	165	166
41	221	301	302
41	222	251	252
41	223	191	192
41	224	200	201
41	225	221	222
41	226	117	118
41	227	74	75
41	228	97	98
41	229	114	115
41	230	0	0
41	231	0	0
41	232	303	304
41	233	242	243
41	234	0	0
41	235	0	0
41	236	267	268
41	237	323	324
41	238	246	247
41	239	295	296
41	240	433	434
41	241	592	593
41	242	836	837
41	243	313	314
41	244	122	123
41	245	165	166
41	246	311	312
41	247	952	953
41	248	297	298
41	249	558	559
41	250	213	214
41	251	0	0
41	252	0	0
41	253	0	0
41	254	0	0
41	255	92	93
41	256	221	222
41	257	246	247
41	258	86	87
41	259	248	249
41	260	183	184
41	261	74	75
41	262	215	216
41	263	183	184
41	264	167	168
41	265	292	293
41	266	326	327
41	267	275	276
41	268	636	637
41	269	215	216
41	270	232	233
41	271	215	216
41	272	117	118
41	273	183	184
41	274	162	163
41	275	387	388
41	276	444	445
41	277	114	115
41	278	218	219
41	279	0	0
41	280	315	316
41	281	162	163
41	282	66	67
41	283	234	235
41	284	242	243
41	285	185	186
41	286	187	188
41	287	350	351
41	288	471	472
41	289	275	276
41	290	156	157
41	291	242	243
41	292	372	373
41	293	394	395
41	294	221	222
41	295	614	615
41	296	574	575
41	297	0	0
41	298	0	0
41	299	206	207
41	300	236	237
41	301	0	0
41	302	0	0
41	303	853	854
41	304	410	411
41	305	117	118
41	306	238	239
41	307	297	298
41	308	240	241
41	309	0	0
41	310	0	0
41	311	499	500
41	312	320	321
41	313	0	0
41	314	0	0
41	315	0	0
41	316	0	0
41	317	303	304
41	318	0	0
41	319	0	0
41	320	0	0
41	321	0	0
41	322	218	219
41	323	492	493
41	324	996	997
41	325	232	233
41	326	475	476
41	327	368	369
41	328	0	0
41	329	412	413
41	330	218	219
41	331	275	276
41	332	174	175
41	333	497	498
41	334	402	403
41	335	303	304
41	336	520	521
41	337	760	761
41	338	267	268
41	339	209	210
41	340	253	254
41	341	0	0
41	342	0	0
41	343	102	103
41	344	84	154
41	345	230	231
41	346	323	324
41	347	0	0
41	348	0	0
41	349	246	247
41	350	0	0
41	351	0	0
41	352	399	400
41	353	391	392
41	354	328	329
41	355	200	201
41	356	301	302
41	357	821	822
41	358	385	386
41	359	242	243
41	360	311	312
41	361	196	197
41	362	84	154
41	363	232	233
41	364	196	197
41	365	292	293
41	366	89	90
41	367	341	342
41	368	762	763
41	369	779	780
41	370	139	140
41	371	213	214
41	372	404	405
41	373	0	0
41	374	119	120
41	375	323	324
41	376	584	585
41	377	984	985
41	378	267	268
41	379	827	828
41	380	449	450
41	381	301	302
41	382	102	103
41	383	246	247
41	384	297	298
41	385	501	502
41	386	713	714
41	387	687	688
41	388	461	462
41	389	347	348
41	390	336	337
41	391	0	0
41	392	0	0
41	393	328	329
41	394	431	432
41	395	469	470
41	396	323	324
41	397	357	358
41	398	303	304
41	399	0	0
41	400	0	0
41	401	394	395
41	402	562	563
41	403	918	919
41	404	0	0
41	405	0	0
41	406	251	252
41	407	394	395
41	408	287	288
41	409	209	210
41	410	0	0
41	411	0	0
41	412	529	530
41	413	652	653
41	414	267	268
41	415	524	525
41	416	425	426
41	417	234	235
41	418	402	403
41	419	279	280
41	420	459	460
41	421	794	795
41	422	328	329
41	423	357	358
41	424	236	237
41	425	507	508
41	426	681	682
41	427	234	235
41	428	206	207
41	429	518	519
41	430	656	657
41	431	0	0
41	432	0	0
41	433	509	510
41	434	692	693
41	435	347	348
41	436	292	293
41	437	119	120
41	438	326	327
41	439	238	239
41	440	309	310
41	441	326	327
41	442	313	314
41	443	402	403
41	444	791	792
41	445	721	722
41	446	187	188
41	447	142	143
41	448	174	175
41	449	0	0
41	450	0	0
41	451	127	128
41	452	313	314
41	453	147	148
41	454	167	168
41	455	240	241
41	456	394	395
41	457	333	334
41	458	313	314
41	459	0	0
41	460	0	0
41	461	0	0
41	462	0	0
41	463	350	351
41	464	433	434
41	465	297	298
41	466	399	400
41	467	292	293
41	468	311	312
41	469	0	0
41	470	0	0
41	471	0	0
41	472	0	0
41	473	385	386
41	474	275	276
41	475	527	528
41	476	606	607
41	477	429	430
41	478	549	550
41	479	697	698
41	480	352	353
41	481	279	280
41	482	387	388
41	483	404	405
41	484	402	403
41	485	379	380
41	486	311	312
41	487	265	266
41	488	385	386
41	489	368	369
41	490	391	392
41	491	320	321
41	492	623	624
41	493	565	566
41	494	309	310
41	495	368	369
41	496	387	388
41	497	718	719
41	498	750	751
41	499	0	0
41	500	0	0
41	501	0	0
41	502	0	0
41	503	376	377
41	504	320	321
41	505	326	327
41	506	387	388
41	507	0	0
41	508	0	0
41	509	0	0
41	510	0	0
41	511	372	373
41	512	501	502
41	513	429	430
41	514	499	500
41	515	399	400
41	516	420	421
41	517	433	434
41	518	0	0
41	519	0	0
41	520	0	0
41	521	0	0
41	522	601	602
41	523	0	0
41	524	0	0
41	525	647	648
41	526	357	358
41	527	0	0
41	528	0	0
41	529	0	0
41	530	841	842
41	531	529	530
41	532	645	646
41	533	567	568
41	534	478	479
41	535	0	0
41	536	0	0
41	537	981	982
41	538	0	0
41	539	320	321
41	540	265	266
41	541	507	508
41	542	425	426
41	543	412	413
41	544	333	334
41	545	509	510
41	546	165	166
41	547	425	426
41	548	524	525
41	549	978	979
41	550	0	0
41	551	191	192
41	552	336	337
41	553	478	479
41	554	449	450
41	555	399	400
41	556	429	430
41	557	309	310
41	558	0	0
41	559	0	0
41	560	200	201
41	561	497	498
41	562	0	0
41	563	0	0
41	564	185	186
41	565	643	644
41	566	611	612
41	567	597	598
41	568	639	640
41	569	295	296
41	570	66	67
41	571	0	0
41	572	0	0
41	573	315	316
41	574	689	690
41	575	0	0
41	576	391	392
41	577	567	568
41	578	391	392
41	579	315	316
41	580	251	252
41	581	431	432
41	582	279	280
41	583	478	479
41	584	0	0
41	585	0	0
41	586	507	508
41	587	527	528
41	588	240	241
41	589	185	186
41	590	315	316
41	591	248	249
41	592	734	735
41	593	736	737
41	594	153	595
41	595	0	0
41	596	230	231
41	597	0	0
41	598	0	0
41	599	412	413
41	600	350	351
41	601	625	626
41	602	685	686
41	603	469	470
41	604	404	405
41	605	492	493
41	606	0	0
41	607	0	0
41	608	606	607
41	609	253	254
41	610	347	348
41	611	0	0
41	612	0	0
41	613	368	369
41	614	772	773
41	615	872	873
41	616	518	519
41	617	265	266
41	618	549	550
41	619	350	351
41	620	352	353
41	621	333	334
41	622	236	237
41	623	654	655
41	624	747	748
41	625	0	0
41	626	0	0
41	627	318	319
41	628	549	550
41	629	433	434
41	630	597	598
41	631	571	572
41	632	606	607
41	633	238	239
41	634	497	498
41	635	597	598
41	636	789	790
41	637	0	0
41	638	497	498
41	639	0	0
41	640	0	0
41	641	558	559
41	642	336	337
41	643	0	0
41	644	0	0
41	645	739	740
41	646	671	672
41	647	0	0
41	648	0	0
41	649	518	519
41	650	420	421
41	651	501	502
41	652	830	831
41	653	863	864
41	654	0	0
41	655	0	0
41	656	0	0
41	657	0	0
41	658	471	472
41	659	520	521
41	660	886	887
41	661	907	908
41	662	529	530
41	663	592	593
41	664	187	188
41	665	253	254
41	666	318	319
41	667	571	572
41	668	153	595
41	669	535	536
41	670	412	413
41	671	0	0
41	672	0	0
41	673	492	493
41	674	376	377
41	675	449	450
41	676	601	602
41	677	524	525
41	678	592	593
41	679	532	533
41	680	72	73
41	681	0	0
41	682	0	0
41	683	645	646
41	684	606	607
41	685	0	0
41	686	0	0
41	687	0	0
41	688	0	0
41	689	0	0
41	690	0	0
41	691	425	426
41	692	0	0
41	693	0	0
41	694	524	525
41	695	689	690
41	696	535	536
41	697	770	771
41	698	823	824
41	699	571	572
41	700	379	380
41	701	213	214
41	702	532	533
41	703	643	644
41	704	191	192
41	705	565	566
41	706	636	637
41	707	420	421
41	708	499	500
41	709	567	568
41	710	654	655
41	711	475	476
41	712	507	508
41	713	0	0
41	714	0	0
41	715	652	653
41	716	549	550
41	717	656	657
41	718	0	0
41	719	0	0
41	720	449	450
41	721	0	0
41	722	0	0
41	723	127	128
41	724	692	693
41	725	614	615
41	726	475	476
41	727	529	530
41	728	230	231
41	729	532	533
41	730	248	249
41	731	535	536
41	732	537	538
41	733	636	637
41	734	0	0
41	735	0	0
41	736	0	0
41	737	0	0
41	738	475	476
41	739	0	0
41	740	0	0
41	741	654	655
41	742	625	626
41	743	652	653
41	744	647	648
41	745	492	493
41	746	558	559
41	747	0	0
41	748	0	0
41	749	518	519
41	750	0	0
41	751	0	0
41	752	654	655
41	753	459	460
41	754	681	682
41	755	0	0
41	756	0	0
41	757	153	595
41	758	372	373
41	759	527	528
41	760	0	0
41	761	0	0
41	762	0	0
41	763	0	0
41	764	660	661
41	765	431	432
41	766	295	296
41	767	287	288
41	768	461	462
41	769	444	445
41	770	946	947
41	771	844	845
41	772	0	0
41	773	0	0
41	774	341	342
41	775	601	602
41	776	537	538
41	777	734	735
41	778	643	644
41	779	0	0
41	780	0	0
41	781	584	585
41	782	341	342
41	783	779	780
41	784	614	615
41	785	404	405
41	786	431	432
41	787	469	470
41	788	352	353
41	789	0	0
41	790	937	938
41	791	0	0
41	792	0	0
41	793	584	585
41	794	0	0
41	795	0	0
41	796	721	722
41	797	501	502
41	798	713	714
41	799	643	644
41	800	772	773
41	801	697	698
41	802	72	73
41	803	410	411
41	804	562	563
41	805	736	737
41	806	527	528
41	807	520	521
41	808	471	472
41	809	750	751
41	810	301	302
41	811	671	672
41	812	636	637
41	813	459	460
41	814	562	563
41	815	660	661
41	816	639	640
41	817	623	624
41	818	779	780
41	819	601	602
41	820	623	624
41	821	899	900
41	822	902	903
41	823	912	913
41	824	928	929
41	825	823	824
41	826	647	648
41	827	0	0
41	828	0	0
41	829	251	252
41	830	0	0
41	831	0	0
41	832	660	661
41	833	821	822
41	834	647	648
41	835	471	472
41	836	0	0
41	837	0	0
41	838	734	735
41	839	562	563
41	840	789	790
41	841	0	0
41	842	0	0
41	843	827	828
41	844	0	0
41	845	860	861
41	846	153	595
41	847	574	575
41	848	459	460
41	849	697	698
41	850	567	568
41	851	558	559
41	852	652	653
41	853	0	0
41	854	0	0
41	855	760	761
41	856	844	845
41	857	750	751
41	858	444	445
41	859	379	380
41	860	0	0
41	861	0	0
41	862	747	748
41	863	0	0
41	864	0	0
41	865	671	672
41	866	687	688
41	867	821	822
41	868	584	585
41	869	522	523
41	870	760	761
41	871	821	822
41	872	0	0
41	873	0	0
41	874	836	837
41	875	721	722
41	876	779	780
41	877	863	864
41	878	611	612
41	879	522	523
41	880	697	698
41	881	772	773
41	882	685	686
41	883	681	682
41	884	372	373
41	885	520	521
41	886	964	965
41	887	943	944
41	888	747	748
41	889	614	615
41	890	736	737
41	891	886	887
41	892	295	296
41	893	522	523
41	894	760	761
41	895	645	646
41	896	841	842
41	897	671	672
41	898	734	735
41	899	0	0
41	900	0	0
41	901	318	319
41	902	0	0
41	903	0	0
41	904	794	795
41	905	681	682
41	906	592	593
41	907	0	0
41	908	0	0
41	909	718	719
41	910	836	837
41	911	645	646
41	912	948	949
41	913	962	963
41	914	755	756
41	915	410	411
41	916	594	917
41	917	0	0
41	918	0	0
41	919	0	0
41	920	611	612
41	921	689	690
41	922	537	538
41	923	770	771
41	924	841	842
41	925	444	445
41	926	597	598
41	927	789	790
41	928	0	0
41	929	992	993
41	930	823	824
41	931	594	917
41	932	611	612
41	933	376	377
41	934	902	903
41	935	886	887
41	936	863	864
41	937	0	0
41	938	0	0
41	939	886	887
41	940	410	411
41	941	755	756
41	942	594	917
41	943	0	0
41	944	0	0
41	945	639	640
41	946	0	0
41	947	0	0
41	948	0	0
41	949	0	0
41	950	623	624
41	951	827	828
41	952	0	0
41	953	958	959
41	954	687	688
41	955	946	947
41	956	713	714
41	957	625	626
41	958	0	0
41	959	0	0
41	960	736	737
41	961	689	690
41	962	0	0
41	963	0	0
41	964	0	0
41	965	968	969
41	966	687	688
41	967	952	953
41	968	0	0
41	969	990	991
41	970	794	795
41	971	952	953
41	972	863	864
41	973	692	693
41	974	794	795
41	975	415	416
41	976	962	963
41	977	948	949
41	978	0	0
41	979	0	0
41	980	718	719
41	981	0	0
41	982	0	0
41	983	946	947
41	984	0	0
41	985	0	0
41	986	415	416
41	987	755	756
41	988	844	845
41	989	964	965
41	990	0	0
41	991	0	0
41	992	0	0
41	993	0	0
41	994	928	929
41	995	750	751
41	996	0	0
41	997	0	0
41	998	287	288
41	999	747	748
41	1000	830	831
