21	1	0	0
21	2	1	3
21	3	0	0
21	4	1	3
21	5	2	6
21	6	25	26
21	7	2	6
21	8	5	9
21	9	14	15
21	10	1	3
21	11	1	3
21	12	2	6
21	13	5	9
21	14	22	23
21	15	39	40
21	16	14	15
21	17	14	15
21	18	5	9
21	19	2	6
21	20	14	15
21	21	5	9
21	22	0	0
21	23	0	0
21	24	22	23
21	25	0	0
21	26	0	0
21	27	22	23
21	28	25	26
21	29	25	26
21	30	8	31
21	31	0	0
21	32	25	26
21	33	8	31
21	34	30	35
21	35	48	49
21	36	22	23
21	37	34	38
21	38	57	58
21	39	0	0
21	40	0	0
21	41	34	38
21	42	8	31
21	43	8	31
21	44	39	40
21	45	39	40
21	46	37	47
21	47	72	73
21	48	84	85
21	49	61	62
21	50	37	47
21	51	34	38
21	52	48	49
21	53	46	54
21	54	76	77
21	55	39	40
21	56	48	49
21	57	134	135
21	58	59	60
21	59	91	92
21	60	205	206
21	61	64	65
21	62	66	67
21	63	37	47
21	64	81	82
21	65	132	133
21	66	104	105
21	67	70	71
21	68	66	67
21	69	30	35
21	70	0	0
21	71	0	0
21	72	153	154
21	73	96	97
21	74	72	73
21	75	64	65
21	76	119	120
21	77	138	139
21	78	46	54
21	79	30	35
21	80	76	77
21	81	0	0
21	82	0	0
21	83	37	47
21	84	88	89
21	85	0	0
21	86	53	87
21	87	173	174
21	88	111	112
21	89	0	0
21	90	59	60
21	91	202	203
21	92	151	152
21	93	30	35
21	94	91	92
21	95	88	89
21	96	193	194
21	97	108	109
21	98	91	92
21	99	91	92
21	100	46	54
21	101	59	60
21	102	72	73
21	103	88	89
21	104	0	0
21	105	0	0
21	106	46	54
21	107	70	71
21	108	114	115
21	109	184	185
21	110	81	82
21	111	0	0
21	112	0	0
21	113	70	71
21	114	275	276
21	115	136	137
21	116	86	117
21	117	222	223
21	118	59	60
21	119	189	190
21	120	196	197
21	121	108	109
21	122	61	62
21	123	119	120
21	124	114	115
21	125	81	82
21	126	111	112
21	127	34	38
21	128	57	58
21	129	61	62
21	130	64	65
21	131	76	77
21	132	0	0
21	133	0	0
21	134	0	0
21	135	0	0
21	136	142	143
21	137	0	0
21	138	0	0
21	139	149	150
21	140	48	49
21	141	136	137
21	142	0	0
21	143	0	0
21	144	136	137
21	145	81	82
21	146	142	143
21	147	72	73
21	148	64	65
21	149	182	183
21	150	250	251
21	151	0	0
21	152	0	0
21	153	0	0
21	154	178	179
21	155	66	67
21	156	149	150
21	157	96	97
21	158	84	85
21	159	53	87
21	160	151	152
21	161	149	150
21	162	61	62
21	163	53	87
21	164	119	120
21	165	132	133
21	166	149	150
21	167	66	67
21	168	119	120
21	169	138	139
21	170	84	85
21	171	153	154
21	172	84	85
21	173	0	0
21	174	0	0
21	175	108	109
21	176	173	174
21	177	57	58
21	178	218	219
21	179	264	265
21	180	70	71
21	181	114	115
21	182	207	208
21	183	224	225
21	184	216	217
21	185	0	0
21	186	76	77
21	187	184	185
21	188	153	154
21	189	0	0
21	190	232	233
21	191	114	115
21	192	108	109
21	193	210	211
21	194	260	261
21	195	96	97
21	196	212	213
21	197	0	0
21	198	104	105
21	199	189	190
21	200	136	137
21	201	193	194
21	202	269	270
21	203	214	215
21	204	182	183
21	205	255	256
21	206	0	0
21	207	0	0
21	208	0	0
21	209	193	194
21	210	230	231
21	211	226	227
21	212	228	229
21	213	0	0
21	214	0	0
21	215	0	0
21	216	288	289
21	217	0	0
21	218	0	0
21	219	267	268
21	220	151	152
21	221	184	185
21	222	0	0
21	223	0	0
21	224	235	236
21	225	0	0
21	226	0	0
21	227	0	0
21	228	0	0
21	229	0	0
21	230	0	0
21	231	271	272
21	232	0	0
21	233	0	0
21	234	210	211
21	235	0	0
21	236	278	279
21	237	218	219
21	238	153	154
21	239	202	203
21	240	210	211
21	241	232	233
21	242	224	225
21	243	232	233
21	244	228	229
21	245	184	185
21	246	178	179
21	247	104	105
21	248	111	112
21	249	207	208
21	250	281	282
21	251	0	0
21	252	134	135
21	253	235	236
21	254	224	225
21	255	0	0
21	256	0	0
21	257	255	256
21	258	235	236
21	259	132	133
21	260	0	0
21	261	0	0
21	262	193	194
21	263	232	233
21	264	0	0
21	265	0	0
21	266	250	251
21	267	299	300
21	268	0	0
21	269	0	0
21	270	0	0
21	271	0	0
21	272	0	0
21	273	222	223
21	274	210	211
21	275	283	284
21	276	0	0
21	277	134	135
21	278	0	0
21	279	0	0
21	280	267	268
21	281	0	0
21	282	0	0
21	283	0	0
21	284	0	0
21	285	205	206
21	286	138	139
21	287	269	270
21	288	0	0
21	289	0	0
21	290	281	282
21	291	53	87
21	292	182	183
21	293	255	256
21	294	189	190
21	295	260	261
21	296	134	135
21	297	212	213
21	298	88	89
21	299	0	0
21	300	0	0
