9	1	0	0
9	2	1	3
9	3	0	0
9	4	2	5
9	5	7	8
9	6	2	5
9	7	0	0
9	8	0	0
9	9	7	8
9	10	1	3
9	11	4	12
9	12	14	15
9	13	1	3
9	14	28	29
9	15	16	17
9	16	0	0
9	17	0	0
9	18	11	19
9	19	26	27
9	20	11	19
9	21	7	8
9	22	14	15
9	23	14	15
9	24	2	5
9	25	1	3
9	26	39	40
9	27	54	55
9	28	0	0
9	29	0	0
9	30	4	12
9	31	7	8
9	32	4	12
9	33	16	17
9	34	26	27
9	35	28	29
9	36	2	5
9	37	18	38
9	38	68	69
9	39	51	52
9	40	48	49
9	41	4	12
9	42	26	27
9	43	14	15
9	44	11	19
9	45	16	17
9	46	28	29
9	47	11	19
9	48	0	0
9	49	0	0
9	50	39	40
9	51	0	0
9	52	0	0
9	53	26	27
9	54	130	131
9	55	96	97
9	56	39	40
9	57	16	17
9	58	18	38
9	59	54	55
9	60	48	49
9	61	51	52
9	62	48	49
9	63	39	40
9	64	51	52
9	65	48	49
9	66	28	29
9	67	18	38
9	68	73	74
9	69	83	84
9	70	68	69
9	71	54	55
9	72	18	38
9	73	89	90
9	74	78	79
9	75	51	52
9	76	73	74
9	77	68	69
9	78	167	168
9	79	105	106
9	80	68	69
9	81	54	55
9	82	78	79
9	83	108	109
9	84	87	88
9	85	73	74
9	86	73	74
9	87	92	93
9	88	119	120
9	89	111	112
9	90	116	117
9	91	78	79
9	92	0	0
9	93	0	0
9	94	83	84
9	95	89	90
9	96	0	0
9	97	0	0
9	98	37	99
9	99	100	101
9	100	148	149
9	101	121	122
9	102	98	103
9	103	172	173
9	104	37	99
9	105	0	0
9	106	0	0
9	107	100	101
9	108	0	0
9	109	126	127
9	110	87	88
9	111	0	0
9	112	0	0
9	113	96	97
9	114	78	79
9	115	108	109
9	116	0	0
9	117	0	0
9	118	96	97
9	119	0	0
9	120	0	0
9	121	0	0
9	122	134	135
9	123	116	117
9	124	92	93
9	125	100	101
9	126	0	0
9	127	0	0
9	128	89	90
9	129	83	84
9	130	0	0
9	131	0	0
9	132	121	122
9	133	83	84
9	134	158	159
9	135	183	184
9	136	121	122
9	137	126	127
9	138	37	99
9	139	89	90
9	140	105	106
9	141	105	106
9	142	100	101
9	143	126	127
9	144	108	109
9	145	108	109
9	146	96	97
9	147	92	93
9	148	169	170
9	149	0	0
9	150	37	99
9	151	130	131
9	152	126	127
9	153	92	93
9	154	116	117
9	155	102	156
9	156	163	164
9	157	87	88
9	158	165	166
9	159	0	0
9	160	116	117
9	161	111	112
9	162	134	135
9	163	188	189
9	164	0	0
9	165	0	0
9	166	0	0
9	167	0	0
9	168	0	0
9	169	0	0
9	170	185	186
9	171	165	166
9	172	0	0
9	173	0	0
9	174	102	156
9	175	163	164
9	176	158	159
9	177	134	135
9	178	87	88
9	179	111	112
9	180	98	103
9	181	102	156
9	182	134	135
9	183	196	197
9	184	0	0
9	185	0	0
9	186	0	0
9	187	130	131
9	188	194	195
9	189	0	0
9	190	188	189
9	191	172	173
9	192	98	103
9	193	148	149
9	194	0	0
9	195	0	0
9	196	0	0
9	197	0	0
9	198	155	199
9	199	0	0
9	200	185	186
