29	1	0	0
29	2	1	3
29	3	0	0
29	4	1	3
29	5	1	3
29	6	1	3
29	7	2	8
29	8	9	10
29	9	0	0
29	10	0	0
29	11	9	10
29	12	7	13
29	13	19	20
29	14	9	10
29	15	7	13
29	16	2	8
29	17	2	8
29	18	2	8
29	19	0	0
29	20	27	28
29	21	7	13
29	22	7	13
29	23	12	24
29	24	33	34
29	25	12	24
29	26	12	24
29	27	0	0
29	28	0	0
29	29	12	24
29	30	9	10
29	31	19	20
29	32	27	28
29	33	36	37
29	34	40	41
29	35	27	28
29	36	0	0
29	37	38	39
29	38	0	0
29	39	0	0
29	40	43	44
29	41	0	0
29	42	38	39
29	43	0	0
29	44	0	0
29	45	38	39
29	46	27	28
29	47	36	37
29	48	36	37
29	49	38	39
29	50	19	20
