48	1	0	0
48	2	1	3
48	3	0	0
48	4	1	3
48	5	2	6
48	6	23	24
48	7	2	6
48	8	1	3
48	9	5	10
48	10	29	30
48	11	9	12
48	12	54	55
48	13	11	14
48	14	34	35
48	15	5	10
48	16	9	12
48	17	5	10
48	18	9	12
48	19	9	12
48	20	5	10
48	21	1	3
48	22	11	14
48	23	0	0
48	24	0	0
48	25	2	6
48	26	11	14
48	27	23	24
48	28	23	24
48	29	38	39
48	30	74	75
48	31	23	24
48	32	29	30
48	33	2	6
48	34	43	44
48	35	50	51
48	36	34	35
48	37	29	30
48	38	0	0
48	39	0	0
48	40	13	41
48	41	95	96
48	42	13	41
48	43	93	94
48	44	0	0
48	45	43	44
48	46	43	44
48	47	34	35
48	48	29	30
48	49	11	14
48	50	52	53
48	51	72	73
48	52	0	0
48	53	77	78
48	54	61	62
48	55	97	98
48	56	54	55
48	57	52	53
48	58	34	35
48	59	38	39
48	60	50	51
48	61	63	64
48	62	0	0
48	63	0	0
48	64	0	0
48	65	52	53
48	66	54	55
48	67	13	41
48	68	50	51
48	69	13	41
48	70	38	39
48	71	43	44
48	72	87	88
48	73	79	80
48	74	0	0
48	75	0	0
48	76	52	53
48	77	0	0
48	78	0	0
48	79	0	0
48	80	0	0
48	81	79	80
48	82	72	73
48	83	40	84
48	84	0	0
48	85	40	84
48	86	72	73
48	87	0	0
48	88	0	0
48	89	63	64
48	90	87	88
48	91	50	51
48	92	72	73
48	93	0	0
48	94	0	0
48	95	0	0
48	96	0	0
48	97	0	0
48	98	0	0
48	99	74	75
48	100	54	55
