43	1	0	0
43	2	1	3
43	3	0	0
43	4	1	3
43	5	1	3
43	6	1	3
43	7	2	8
43	8	22	23
43	9	7	10
43	10	15	16
43	11	2	8
43	12	2	8
43	13	7	10
43	14	2	8
43	15	37	38
43	16	20	21
43	17	7	10
43	18	9	19
43	19	29	30
43	20	0	0
43	21	0	0
43	22	0	0
43	23	0	0
43	24	9	19
43	25	7	10
43	26	18	27
43	27	99	100
43	28	22	23
43	29	43	44
43	30	33	34
43	31	29	30
43	32	22	23
43	33	35	36
43	34	52	53
43	35	0	0
43	36	0	0
43	37	0	0
43	38	0	0
43	39	37	38
43	40	22	23
43	41	15	16
43	42	29	30
43	43	71	72
43	44	80	81
43	45	43	44
43	46	37	38
43	47	9	19
43	48	20	21
43	49	43	44
43	50	26	51
43	51	85	86
43	52	0	0
43	53	0	0
43	54	33	34
43	55	20	21
43	56	50	57
43	57	74	75
43	58	56	59
43	59	60	61
43	60	77	78
43	61	138	139
43	62	29	30
43	63	58	64
43	64	88	89
43	65	9	19
43	66	15	16
43	67	26	51
43	68	15	16
43	69	33	34
43	70	35	36
43	71	0	0
43	72	0	0
43	73	71	72
43	74	121	122
43	75	91	92
43	76	71	72
43	77	93	94
43	78	117	118
43	79	77	78
43	80	0	0
43	81	0	0
43	82	56	59
43	83	60	61
43	84	58	64
43	85	124	125
43	86	106	107
43	87	43	44
43	88	475	476
43	89	97	98
43	90	60	61
43	91	322	323
43	92	101	102
43	93	777	778
43	94	104	105
43	95	85	86
43	96	88	89
43	97	158	159
43	98	154	155
43	99	923	924
43	100	260	261
43	101	293	294
43	102	223	224
43	103	35	36
43	104	108	109
43	105	167	168
43	106	140	141
43	107	0	0
43	108	182	183
43	109	175	176
43	110	80	81
43	111	91	92
43	112	88	89
43	113	56	59
43	114	101	102
43	115	63	116
43	116	186	187
43	117	127	128
43	118	208	209
43	119	85	86
43	120	91	92
43	121	142	143
43	122	0	0
43	123	56	59
43	124	211	212
43	125	134	135
43	126	63	116
43	127	220	221
43	128	247	248
43	129	97	98
43	130	18	27
43	131	97	98
43	132	108	109
43	133	50	57
43	134	150	151
43	135	297	298
43	136	124	125
43	137	88	89
43	138	438	439
43	139	236	237
43	140	601	602
43	141	497	498
43	142	198	199
43	143	392	393
43	144	134	135
43	145	124	125
43	146	127	128
43	147	140	141
43	148	52	53
43	149	52	53
43	150	376	377
43	151	192	193
43	152	104	105
43	153	93	94
43	154	285	286
43	155	165	166
43	156	71	72
43	157	117	118
43	158	194	195
43	159	385	386
43	160	142	143
43	161	117	118
43	162	18	27
43	163	20	21
43	164	58	64
43	165	216	217
43	166	267	268
43	167	204	205
43	168	243	244
43	169	167	168
43	170	74	75
43	171	63	116
43	172	121	122
43	173	104	105
43	174	108	109
43	175	695	696
43	176	196	197
43	177	52	53
43	178	104	105
43	179	101	102
43	180	124	125
43	181	85	86
43	182	189	190
43	183	202	203
43	184	150	151
43	185	140	141
43	186	255	256
43	187	264	265
43	188	127	128
43	189	0	0
43	190	0	0
43	191	134	135
43	192	0	0
43	193	0	0
43	194	273	274
43	195	336	337
43	196	0	0
43	197	0	0
43	198	479	480
43	199	258	259
43	200	186	187
43	201	196	197
43	202	0	0
43	203	0	0
43	204	436	437
43	205	0	0
43	206	33	34
43	207	37	38
43	208	414	415
43	209	320	321
43	210	150	151
43	211	365	366
43	212	871	872
43	213	60	61
43	214	142	143
43	215	194	195
43	216	363	364
43	217	234	235
43	218	138	139
43	219	211	212
43	220	0	0
43	221	350	351
43	222	26	51
43	223	307	308
43	224	299	300
43	225	101	102
43	226	189	190
43	227	182	183
43	228	77	78
43	229	223	224
43	230	196	197
43	231	138	139
43	232	77	78
43	233	91	92
43	234	513	514
43	235	245	246
43	236	642	643
43	237	241	242
43	238	93	94
43	239	208	209
43	240	134	135
43	241	287	288
43	242	253	254
43	243	251	252
43	244	357	358
43	245	461	462
43	246	442	443
43	247	495	496
43	248	327	328
43	249	198	199
43	250	18	27
43	251	0	0
43	252	0	0
43	253	276	277
43	254	473	474
43	255	324	325
43	256	0	0
43	257	216	217
43	258	433	434
43	259	725	726
43	260	0	0
43	261	430	431
43	262	243	244
43	263	220	221
43	264	851	852
43	265	303	304
43	266	58	64
43	267	0	0
43	268	341	342
43	269	150	151
43	270	50	57
43	271	175	176
43	272	138	139
43	273	736	737
43	274	858	859
43	275	63	116
43	276	463	464
43	277	344	345
43	278	106	107
43	279	204	205
43	280	154	155
43	281	142	143
43	282	243	244
43	283	108	109
43	284	182	183
43	285	369	370
43	286	0	0
43	287	692	693
43	288	311	312
43	289	234	235
43	290	97	98
43	291	192	193
43	292	127	128
43	293	314	315
43	294	545	546
43	295	154	155
43	296	247	248
43	297	361	362
43	298	383	384
43	299	372	373
43	300	574	575
43	301	154	155
43	302	80	81
43	303	387	388
43	304	688	689
43	305	293	294
43	306	253	254
43	307	417	418
43	308	355	356
43	309	106	107
43	310	194	195
43	311	489	490
43	312	401	402
43	313	140	141
43	314	722	723
43	315	420	421
43	316	99	100
43	317	220	221
43	318	165	166
43	319	260	261
43	320	448	449
43	321	572	573
43	322	517	518
43	323	501	502
43	324	779	780
43	325	347	348
43	326	189	190
43	327	378	379
43	328	374	375
43	329	182	183
43	330	211	212
43	331	297	298
43	332	50	57
43	333	198	199
43	334	198	199
43	335	258	259
43	336	528	529
43	337	451	452
43	338	241	242
43	339	260	261
43	340	194	195
43	341	628	629
43	342	508	509
43	343	93	94
43	344	0	0
43	345	0	0
43	346	314	315
43	347	468	469
43	348	712	713
43	349	220	221
43	350	0	0
43	351	0	0
43	352	223	224
43	353	285	286
43	354	303	304
43	355	0	0
43	356	0	0
43	357	0	0
43	358	0	0
43	359	311	312
43	360	347	348
43	361	0	0
43	362	0	0
43	363	445	446
43	364	0	0
43	365	407	408
43	366	411	412
43	367	167	168
43	368	276	277
43	369	622	623
43	370	428	429
43	371	307	308
43	372	0	0
43	373	0	0
43	374	0	0
43	375	0	0
43	376	0	0
43	377	0	0
43	378	0	0
43	379	0	0
43	380	324	325
43	381	276	277
43	382	208	209
43	383	0	0
43	384	0	0
43	385	863	864
43	386	568	569
43	387	979	980
43	388	614	615
43	389	196	197
43	390	260	261
43	391	299	300
43	392	645	646
43	393	394	395
43	394	554	555
43	395	593	594
43	396	350	351
43	397	192	193
43	398	258	259
43	399	372	373
43	400	99	100
43	401	0	0
43	402	0	0
43	403	355	356
43	404	80	81
43	405	273	274
43	406	99	100
43	407	0	0
43	408	0	0
43	409	192	193
43	410	369	370
43	411	0	0
43	412	0	0
43	413	378	379
43	414	0	0
43	415	547	548
43	416	387	388
43	417	0	0
43	418	0	0
43	419	385	386
43	420	0	0
43	421	0	0
43	422	297	298
43	423	247	248
43	424	223	224
43	425	378	379
43	426	285	286
43	427	372	373
43	428	506	507
43	429	834	835
43	430	669	670
43	431	0	0
43	432	411	412
43	433	0	0
43	434	0	0
43	435	387	388
43	436	0	0
43	437	0	0
43	438	963	964
43	439	738	739
43	440	374	375
43	441	314	315
43	442	0	0
43	443	0	0
43	444	341	342
43	445	0	0
43	446	935	936
43	447	442	443
43	448	700	701
43	449	0	0
43	450	428	429
43	451	0	0
43	452	0	0
43	453	436	437
43	454	253	254
43	455	267	268
43	456	287	288
43	457	344	345
43	458	26	51
43	459	417	418
43	460	385	386
43	461	0	0
43	462	0	0
43	463	0	0
43	464	0	0
43	465	385	386
43	466	414	415
43	467	216	217
43	468	608	609
43	469	984	985
43	470	216	217
43	471	445	446
43	472	414	415
43	473	566	567
43	474	682	683
43	475	521	522
43	476	0	0
43	477	428	429
43	478	324	325
43	479	730	731
43	480	499	500
43	481	433	434
43	482	430	431
43	483	357	358
43	484	344	345
43	485	355	356
43	486	186	187
43	487	322	323
43	488	365	366
43	489	0	0
43	490	0	0
43	491	204	205
43	492	117	118
43	493	285	286
43	494	468	469
43	495	561	562
43	496	598	599
43	497	952	953
43	498	558	559
43	499	0	0
43	500	0	0
43	501	564	565
43	502	0	0
43	503	208	209
43	504	297	298
43	505	461	462
43	506	549	550
43	507	0	0
43	508	0	0
43	509	0	0
43	510	273	274
43	511	267	268
43	512	436	437
43	513	551	552
43	514	536	537
43	515	442	443
43	516	376	377
43	517	917	918
43	518	525	526
43	519	355	356
43	520	324	325
43	521	716	717
43	522	584	585
43	523	175	176
43	524	361	362
43	525	633	634
43	526	0	0
43	527	247	248
43	528	887	888
43	529	673	674
43	530	463	464
43	531	497	498
43	532	293	294
43	533	189	190
43	534	489	490
43	535	245	246
43	536	0	0
43	537	0	0
43	538	448	449
43	539	299	300
43	540	314	315
43	541	186	187
43	542	121	122
43	543	293	294
43	544	517	518
43	545	720	721
43	546	685	686
43	547	808	809
43	548	680	681
43	549	0	0
43	550	0	0
43	551	0	0
43	552	0	0
43	553	211	212
43	554	0	0
43	555	0	0
43	556	74	75
43	557	74	75
43	558	0	0
43	559	0	0
43	560	336	337
43	561	0	0
43	562	0	0
43	563	372	373
43	564	0	0
43	565	0	0
43	566	0	0
43	567	0	0
43	568	755	756
43	569	657	658
43	570	433	434
43	571	564	565
43	572	860	861
43	573	794	795
43	574	0	0
43	575	0	0
43	576	451	452
43	577	383	384
43	578	35	36
43	579	448	449
43	580	204	205
43	581	320	321
43	582	468	469
43	583	568	569
43	584	0	0
43	585	654	655
43	586	513	514
43	587	253	254
43	588	489	490
43	589	420	421
43	590	264	265
43	591	549	550
43	592	311	312
43	593	0	0
43	594	0	0
43	595	463	464
43	596	106	107
43	597	287	288
43	598	0	0
43	599	0	0
43	600	307	308
43	601	0	0
43	602	0	0
43	603	525	526
43	604	167	168
43	605	407	408
43	606	584	585
43	607	468	469
43	608	675	676
43	609	0	0
43	610	165	166
43	611	374	375
43	612	598	599
43	613	243	244
43	614	639	640
43	615	626	627
43	616	554	555
43	617	264	265
43	618	365	366
43	619	299	300
43	620	513	514
43	621	264	265
43	622	823	824
43	623	773	774
43	624	536	537
43	625	517	518
43	626	0	0
43	627	838	839
43	628	783	784
43	629	766	767
43	630	436	437
43	631	463	464
43	632	428	429
43	633	0	0
43	634	0	0
43	635	448	449
43	636	387	388
43	637	234	235
43	638	566	567
43	639	787	788
43	640	849	850
43	641	568	569
43	642	768	769
43	643	986	987
43	644	234	235
43	645	0	0
43	646	957	958
43	647	158	159
43	648	320	321
43	649	528	529
43	650	267	268
43	651	347	348
43	652	473	474
43	653	608	609
43	654	0	0
43	655	0	0
43	656	501	502
43	657	0	0
43	658	796	797
43	659	593	594
43	660	158	159
43	661	622	623
43	662	121	122
43	663	451	452
43	664	363	364
43	665	554	555
43	666	378	379
43	667	438	439
43	668	341	342
43	669	0	0
43	670	0	0
43	671	438	439
43	672	241	242
43	673	714	715
43	674	0	0
43	675	0	0
43	676	0	0
43	677	501	502
43	678	528	529
43	679	303	304
43	680	0	0
43	681	0	0
43	682	0	0
43	683	0	0
43	684	572	573
43	685	0	0
43	686	0	0
43	687	236	237
43	688	946	947
43	689	763	764
43	690	115	691
43	691	939	940
43	692	741	742
43	693	0	0
43	694	365	366
43	695	0	0
43	696	0	0
43	697	572	573
43	698	401	402
43	699	551	552
43	700	0	0
43	701	0	0
43	702	601	602
43	703	564	565
43	704	392	393
43	705	158	159
43	706	564	565
43	707	303	304
43	708	327	328
43	709	369	370
43	710	276	277
43	711	414	415
43	712	0	0
43	713	981	982
43	714	0	0
43	715	0	0
43	716	0	0
43	717	900	901
43	718	376	377
43	719	572	573
43	720	0	0
43	721	0	0
43	722	0	0
43	723	0	0
43	724	714	715
43	725	0	0
43	726	0	0
43	727	601	602
43	728	695	696
43	729	558	559
43	730	0	0
43	731	0	0
43	732	357	358
43	733	307	308
43	734	287	288
43	735	336	337
43	736	0	0
43	737	0	0
43	738	846	847
43	739	0	0
43	740	115	691
43	741	0	0
43	742	0	0
43	743	682	683
43	744	433	434
43	745	736	737
43	746	547	548
43	747	584	585
43	748	716	717
43	749	561	562
43	750	645	646
43	751	720	721
43	752	499	500
43	753	442	443
43	754	730	731
43	755	815	816
43	756	761	762
43	757	445	446
43	758	251	252
43	759	357	358
43	760	547	548
43	761	0	0
43	762	0	0
43	763	0	0
43	764	0	0
43	765	584	585
43	766	0	0
43	767	0	0
43	768	0	0
43	769	0	0
43	770	255	256
43	771	479	480
43	772	241	242
43	773	0	0
43	774	910	911
43	775	417	418
43	776	508	509
43	777	0	0
43	778	0	0
43	779	930	931
43	780	0	0
43	781	369	370
43	782	245	246
43	783	0	0
43	784	0	0
43	785	714	715
43	786	341	342
43	787	842	843
43	788	0	0
43	789	536	537
43	790	654	655
43	791	528	529
43	792	554	555
43	793	394	395
43	794	0	0
43	795	0	0
43	796	0	0
43	797	800	801
43	798	566	567
43	799	657	658
43	800	0	0
43	801	0	0
43	802	645	646
43	803	628	629
43	804	417	418
43	805	374	375
43	806	508	509
43	807	633	634
43	808	0	0
43	809	0	0
43	810	336	337
43	811	614	615
43	812	654	655
43	813	796	797
43	814	344	345
43	815	0	0
43	816	0	0
43	817	175	176
43	818	545	546
43	819	115	691
43	820	736	737
43	821	783	784
43	822	311	312
43	823	0	0
43	824	0	0
43	825	779	780
43	826	763	764
43	827	165	166
43	828	598	599
43	829	236	237
43	830	497	498
43	831	787	788
43	832	692	693
43	833	489	490
43	834	0	0
43	835	0	0
43	836	236	237
43	837	392	393
43	838	0	0
43	839	0	0
43	840	720	721
43	841	716	717
43	842	0	0
43	843	896	897
43	844	376	377
43	845	501	502
43	846	866	867
43	847	0	0
43	848	383	384
43	849	885	886
43	850	948	949
43	851	0	0
43	852	919	920
43	853	808	809
43	854	363	364
43	855	255	256
43	856	720	721
43	857	392	393
43	858	0	0
43	859	0	0
43	860	0	0
43	861	0	0
43	862	536	537
43	863	0	0
43	864	0	0
43	865	779	780
43	866	868	869
43	867	0	0
43	868	0	0
43	869	0	0
43	870	730	731
43	871	0	0
43	872	0	0
43	873	787	788
43	874	411	412
43	875	834	835
43	876	808	809
43	877	506	507
43	878	685	686
43	879	654	655
43	880	783	784
43	881	411	412
43	882	628	629
43	883	860	861
43	884	273	274
43	885	891	892
43	886	0	0
43	887	0	0
43	888	0	0
43	889	871	872
43	890	858	859
43	891	0	0
43	892	0	0
43	893	851	852
43	894	639	640
43	895	506	507
43	896	0	0
43	897	0	0
43	898	773	774
43	899	695	696
43	900	0	0
43	901	0	0
43	902	673	674
43	903	868	869
43	904	547	548
43	905	645	646
43	906	574	575
43	907	896	897
43	908	779	780
43	909	842	843
43	910	0	0
43	911	0	0
43	912	420	421
43	913	763	764
43	914	499	500
43	915	738	739
43	916	773	774
43	917	967	968
43	918	0	0
43	919	0	0
43	920	0	0
43	921	917	918
43	922	633	634
43	923	954	955
43	924	0	0
43	925	851	852
43	926	255	256
43	927	722	723
43	928	363	364
43	929	401	402
43	930	977	978
43	931	0	0
43	932	692	693
43	933	849	850
43	934	673	674
43	935	0	0
43	936	0	0
43	937	714	715
43	938	461	462
43	939	0	0
43	940	0	0
43	941	438	439
43	942	722	723
43	943	808	809
43	944	935	936
43	945	794	795
43	946	0	0
43	947	0	0
43	948	0	0
43	949	0	0
43	950	919	920
43	951	628	629
43	952	0	0
43	953	0	0
43	954	0	0
43	955	0	0
43	956	763	764
43	957	0	0
43	958	0	0
43	959	614	615
43	960	566	567
43	961	461	462
43	962	445	446
43	963	0	0
43	964	0	0
43	965	887	888
43	966	860	861
43	967	0	0
43	968	0	0
43	969	930	931
43	970	919	920
43	971	722	723
43	972	891	892
43	973	834	835
43	974	115	691
43	975	669	670
43	976	614	615
43	977	0	0
43	978	0	0
43	979	0	0
43	980	0	0
43	981	0	0
43	982	994	995
43	983	954	955
43	984	0	0
43	985	0	0
43	986	0	0
43	987	0	0
43	988	327	328
43	989	755	756
43	990	977	978
43	991	794	795
43	992	574	575
43	993	700	701
43	994	0	0
43	995	0	0
43	996	561	562
43	997	716	717
43	998	896	897
43	999	736	737
43	1000	407	408
