44	1	0	0
44	2	1	3
44	3	0	0
44	4	2	5
44	5	103	104
44	6	2	5
44	7	1	3
44	8	4	9
44	9	27	28
44	10	8	11
44	11	19	20
44	12	4	9
44	13	2	5
44	14	1	3
44	15	8	11
44	16	2	5
44	17	4	9
44	18	1	3
44	19	22	23
44	20	61	62
44	21	19	20
44	22	101	102
44	23	29	30
44	24	22	23
44	25	19	20
44	26	4	9
44	27	36	37
44	28	31	32
44	29	0	0
44	30	0	0
44	31	0	0
44	32	0	0
44	33	10	34
44	34	39	40
44	35	22	23
44	36	0	0
44	37	0	0
44	38	10	34
44	39	55	56
44	40	44	45
44	41	10	34
44	42	22	23
44	43	29	30
44	44	121	122
44	45	50	51
44	46	29	30
44	47	31	32
44	48	31	32
44	49	31	32
44	50	89	90
44	51	64	65
44	52	8	11
44	53	19	20
44	54	36	37
44	55	81	82
44	56	71	72
44	57	55	56
44	58	44	45
44	59	39	40
44	60	36	37
44	61	92	93
44	62	97	98
44	63	50	51
44	64	0	0
44	65	0	0
44	66	55	56
44	67	10	34
44	68	61	62
44	69	64	65
44	70	36	37
44	71	195	196
44	72	149	150
44	73	8	11
44	74	55	56
44	75	71	72
44	76	71	72
44	77	50	51
44	78	29	30
44	79	61	62
44	80	27	28
44	81	106	107
44	82	110	111
44	83	39	40
44	84	71	72
44	85	50	51
44	86	61	62
44	87	27	28
44	88	81	82
44	89	0	0
44	90	0	0
44	91	89	90
44	92	0	0
44	93	0	0
44	94	89	90
44	95	81	82
44	96	89	90
44	97	0	0
44	98	0	0
44	99	27	28
44	100	64	65
44	101	0	0
44	102	0	0
44	103	0	0
44	104	0	0
44	105	92	93
44	106	0	0
44	107	0	0
44	108	101	102
44	109	97	98
44	110	0	0
44	111	0	0
44	112	44	45
44	113	44	45
44	114	33	115
44	115	129	130
44	116	39	40
44	117	101	102
44	118	64	65
44	119	110	111
44	120	110	111
44	121	168	169
44	122	123	124
44	123	0	0
44	124	0	0
44	125	106	107
44	126	33	115
44	127	121	122
44	128	106	107
44	129	142	143
44	130	181	182
44	131	97	98
44	132	101	102
44	133	106	107
44	134	103	104
44	135	110	111
44	136	92	93
44	137	97	98
44	138	114	139
44	139	172	173
44	140	33	115
44	141	81	82
44	142	153	154
44	143	0	0
44	144	138	145
44	145	208	209
44	146	123	124
44	147	33	115
44	148	121	122
44	149	0	0
44	150	0	0
44	151	123	124
44	152	123	124
44	153	160	161
44	154	156	157
44	155	153	154
44	156	231	232
44	157	258	259
44	158	103	104
44	159	121	122
44	160	193	194
44	161	189	190
44	162	149	150
44	163	160	161
44	164	92	93
44	165	149	150
44	166	142	143
44	167	129	130
44	168	0	0
44	169	0	0
44	170	149	150
44	171	114	139
44	172	225	226
44	173	179	180
44	174	144	175
44	175	268	269
44	176	114	139
44	177	174	178
44	178	249	250
44	179	183	184
44	180	0	0
44	181	0	0
44	182	0	0
44	183	187	188
44	184	271	272
44	185	179	180
44	186	114	139
44	187	198	199
44	188	255	256
44	189	0	0
44	190	0	0
44	191	168	169
44	192	142	143
44	193	0	0
44	194	0	0
44	195	0	0
44	196	0	0
44	197	160	161
44	198	210	211
44	199	266	267
44	200	179	180
44	201	168	169
44	202	129	130
44	203	129	130
44	204	144	175
44	205	156	157
44	206	138	145
44	207	142	143
44	208	252	253
44	209	242	243
44	210	0	0
44	211	0	0
44	212	174	178
44	213	198	199
44	214	187	188
44	215	160	161
44	216	144	175
44	217	181	182
44	218	198	199
44	219	210	211
44	220	144	175
44	221	181	182
44	222	168	169
44	223	198	199
44	224	195	196
44	225	284	285
44	226	0	0
44	227	156	157
44	228	187	188
44	229	177	230
44	230	240	241
44	231	0	0
44	232	0	0
44	233	225	226
44	234	225	226
44	235	103	104
44	236	156	157
44	237	172	173
44	238	195	196
44	239	179	180
44	240	0	0
44	241	276	277
44	242	0	0
44	243	287	288
44	244	183	184
44	245	231	232
44	246	193	194
44	247	240	241
44	248	174	178
44	249	0	0
44	250	290	291
44	251	183	184
44	252	281	282
44	253	261	262
44	254	242	243
44	255	0	0
44	256	0	0
44	257	210	211
44	258	0	0
44	259	0	0
44	260	138	145
44	261	0	0
44	262	0	0
44	263	249	250
44	264	252	253
44	265	231	232
44	266	0	0
44	267	0	0
44	268	0	0
44	269	0	0
44	270	258	259
44	271	0	0
44	272	0	0
44	273	255	256
44	274	189	190
44	275	181	182
44	276	0	0
44	277	0	0
44	278	240	241
44	279	255	256
44	280	183	184
44	281	0	0
44	282	0	0
44	283	231	232
44	284	0	0
44	285	0	0
44	286	208	209
44	287	0	0
44	288	0	0
44	289	210	211
44	290	0	0
44	291	0	0
44	292	266	267
44	293	266	267
44	294	208	209
44	295	172	173
44	296	208	209
44	297	242	243
44	298	258	259
44	299	284	285
44	300	0	0
