21	1	0	0
21	2	1	3
21	3	0	0
21	4	2	5
21	5	7	8
21	6	1	3
21	7	0	0
21	8	0	0
21	9	7	8
21	10	7	8
21	11	7	8
21	12	2	5
21	13	1	3
21	14	2	5
21	15	1	3
21	16	2	5
21	17	4	18
21	18	19	20
21	19	53	54
21	20	27	28
21	21	4	18
21	22	17	23
21	23	35	36
21	24	19	20
21	25	4	18
21	26	17	23
21	27	0	0
21	28	0	0
21	29	17	23
21	30	27	28
21	31	19	20
21	32	4	18
21	33	17	23
21	34	19	20
21	35	57	58
21	36	42	43
21	37	22	38
21	38	39	40
21	39	47	48
21	40	78	79
21	41	39	40
21	42	76	77
21	43	71	72
21	44	42	43
21	45	39	40
21	46	35	36
21	47	93	94
21	48	113	114
21	49	47	48
21	50	27	28
21	51	22	38
21	52	27	28
21	53	0	0
21	54	0	0
21	55	42	43
21	56	22	38
21	57	62	63
21	58	86	87
21	59	35	36
21	60	57	58
21	61	57	58
21	62	0	0
21	63	0	0
21	64	53	54
21	65	39	40
21	66	53	54
21	67	47	48
21	68	42	43
21	69	62	63
21	70	62	63
21	71	0	0
21	72	0	0
21	73	22	38
21	74	47	48
21	75	62	63
21	76	0	0
21	77	0	0
21	78	115	116
21	79	90	91
21	80	35	36
21	81	71	72
21	82	76	77
21	83	78	79
21	84	53	54
21	85	76	77
21	86	0	0
21	87	0	0
21	88	57	58
21	89	78	79
21	90	108	109
21	91	126	127
21	92	86	87
21	93	99	100
21	94	129	130
21	95	37	96
21	96	102	103
21	97	93	94
21	98	93	94
21	99	0	0
21	100	0	0
21	101	78	79
21	102	157	158
21	103	104	105
21	104	252	253
21	105	178	179
21	106	93	94
21	107	104	105
21	108	0	0
21	109	0	0
21	110	37	96
21	111	90	91
21	112	99	100
21	113	154	155
21	114	119	120
21	115	151	152
21	116	122	123
21	117	104	105
21	118	104	105
21	119	0	0
21	120	0	0
21	121	119	120
21	122	0	0
21	123	0	0
21	124	71	72
21	125	99	100
21	126	0	0
21	127	0	0
21	128	113	114
21	129	0	0
21	130	0	0
21	131	71	72
21	132	122	123
21	133	122	123
21	134	95	135
21	135	145	146
21	136	37	96
21	137	129	130
21	138	129	130
21	139	115	116
21	140	108	109
21	141	76	77
21	142	95	135
21	143	108	109
21	144	37	96
21	145	166	167
21	146	169	170
21	147	115	116
21	148	86	87
21	149	145	146
21	150	122	123
21	151	0	0
21	152	0	0
21	153	119	120
21	154	0	0
21	155	0	0
21	156	129	130
21	157	191	192
21	158	164	165
21	159	90	91
21	160	90	91
21	161	95	135
21	162	86	87
21	163	145	146
21	164	234	235
21	165	195	196
21	166	198	199
21	167	470	471
21	168	145	146
21	169	182	183
21	170	174	175
21	171	154	155
21	172	166	167
21	173	108	109
21	174	232	233
21	175	200	201
21	176	99	100
21	177	126	127
21	178	245	246
21	179	220	221
21	180	115	116
21	181	126	127
21	182	213	214
21	183	218	219
21	184	178	179
21	185	151	152
21	186	166	167
21	187	102	103
21	188	113	114
21	189	151	152
21	190	113	114
21	191	273	274
21	192	269	270
21	193	126	127
21	194	102	103
21	195	225	226
21	196	309	310
21	197	151	152
21	198	254	255
21	199	206	207
21	200	475	476
21	201	301	302
21	202	166	167
21	203	191	192
21	204	191	192
21	205	102	103
21	206	260	261
21	207	209	210
21	208	169	170
21	209	428	429
21	210	238	239
21	211	154	155
21	212	95	135
21	213	344	345
21	214	397	398
21	215	191	192
21	216	134	217
21	217	240	241
21	218	222	223
21	219	250	251
21	220	362	363
21	221	227	228
21	222	371	372
21	223	416	417
21	224	206	207
21	225	0	0
21	226	0	0
21	227	0	0
21	228	0	0
21	229	134	217
21	230	195	196
21	231	134	217
21	232	284	285
21	233	312	313
21	234	295	296
21	235	278	279
21	236	119	120
21	237	200	201
21	238	0	0
21	239	0	0
21	240	305	306
21	241	321	322
21	242	178	179
21	243	169	170
21	244	169	170
21	245	333	334
21	246	264	265
21	247	218	219
21	248	200	201
21	249	238	239
21	250	330	331
21	251	457	458
21	252	324	325
21	253	288	289
21	254	256	257
21	255	668	669
21	256	0	0
21	257	290	291
21	258	227	228
21	259	250	251
21	260	303	304
21	261	541	542
21	262	250	251
21	263	232	233
21	264	0	0
21	265	0	0
21	266	238	239
21	267	206	207
21	268	218	219
21	269	419	420
21	270	336	337
21	271	178	179
21	272	157	158
21	273	888	889
21	274	352	353
21	275	240	241
21	276	260	261
21	277	245	246
21	278	0	0
21	279	0	0
21	280	250	251
21	281	218	219
21	282	256	257
21	283	164	165
21	284	0	0
21	285	375	376
21	286	254	255
21	287	278	279
21	288	978	979
21	289	465	466
21	290	0	0
21	291	0	0
21	292	222	223
21	293	154	155
21	294	273	274
21	295	0	0
21	296	0	0
21	297	245	246
21	298	182	183
21	299	295	296
21	300	240	241
21	301	480	481
21	302	355	356
21	303	0	0
21	304	0	0
21	305	547	548
21	306	413	414
21	307	225	226
21	308	174	175
21	309	0	0
21	310	0	0
21	311	284	285
21	312	939	940
21	313	378	379
21	314	303	304
21	315	240	241
21	316	252	253
21	317	303	304
21	318	234	235
21	319	264	265
21	320	209	210
21	321	406	407
21	322	436	437
21	323	238	239
21	324	348	349
21	325	472	473
21	326	157	158
21	327	216	328
21	328	534	535
21	329	232	233
21	330	0	0
21	331	0	0
21	332	305	306
21	333	0	0
21	334	0	0
21	335	234	235
21	336	0	0
21	337	0	0
21	338	195	196
21	339	134	217
21	340	301	302
21	341	264	265
21	342	312	313
21	343	206	207
21	344	0	0
21	345	491	492
21	346	260	261
21	347	245	246
21	348	0	0
21	349	0	0
21	350	213	214
21	351	200	201
21	352	0	0
21	353	0	0
21	354	174	175
21	355	0	0
21	356	0	0
21	357	290	291
21	358	225	226
21	359	252	253
21	360	327	361
21	361	461	462
21	362	0	0
21	363	0	0
21	364	174	175
21	365	290	291
21	366	360	367
21	367	443	444
21	368	295	296
21	369	336	337
21	370	225	226
21	371	0	0
21	372	0	0
21	373	366	374
21	374	505	506
21	375	0	0
21	376	0	0
21	377	290	291
21	378	0	0
21	379	0	0
21	380	305	306
21	381	373	382
21	382	616	617
21	383	312	313
21	384	273	274
21	385	182	183
21	386	321	322
21	387	324	325
21	388	295	296
21	389	198	199
21	390	220	221
21	391	164	165
21	392	305	306
21	393	252	253
21	394	157	158
21	395	234	235
21	396	278	279
21	397	516	517
21	398	601	602
21	399	344	345
21	400	209	210
21	401	216	328
21	402	324	325
21	403	336	337
21	404	352	353
21	405	352	353
21	406	503	504
21	407	570	571
21	408	312	313
21	409	182	183
21	410	260	261
21	411	330	331
21	412	378	379
21	413	439	440
21	414	425	426
21	415	256	257
21	416	0	0
21	417	0	0
21	418	220	221
21	419	0	0
21	420	0	0
21	421	303	304
21	422	355	356
21	423	269	270
21	424	284	285
21	425	751	752
21	426	431	432
21	427	227	228
21	428	0	0
21	429	0	0
21	430	301	302
21	431	518	519
21	432	637	638
21	433	198	199
21	434	333	334
21	435	431	432
21	436	640	641
21	437	489	490
21	438	419	420
21	439	718	719
21	440	0	0
21	441	348	349
21	442	288	289
21	443	0	0
21	444	553	554
21	445	373	382
21	446	436	437
21	447	216	328
21	448	431	432
21	449	213	214
21	450	209	210
21	451	360	367
21	452	373	382
21	453	198	199
21	454	213	214
21	455	273	274
21	456	360	367
21	457	0	0
21	458	0	0
21	459	164	165
21	460	327	361
21	461	842	843
21	462	532	533
21	463	443	444
21	464	366	374
21	465	0	0
21	466	0	0
21	467	309	310
21	468	336	337
21	469	222	223
21	470	816	817
21	471	706	707
21	472	0	0
21	473	0	0
21	474	232	233
21	475	0	0
21	476	973	974
21	477	301	302
21	478	348	349
21	479	321	322
21	480	0	0
21	481	0	0
21	482	373	382
21	483	324	325
21	484	220	221
21	485	264	265
21	486	457	458
21	487	254	255
21	488	227	228
21	489	500	501
21	490	857	858
21	491	0	0
21	492	0	0
21	493	362	363
21	494	457	458
21	495	360	367
21	496	309	310
21	497	419	420
21	498	378	379
21	499	362	363
21	500	894	895
21	501	558	559
21	502	375	376
21	503	582	583
21	504	675	676
21	505	522	523
21	506	801	802
21	507	465	466
21	508	355	356
21	509	366	374
21	510	428	429
21	511	366	374
21	512	216	328
21	513	505	506
21	514	375	376
21	515	489	490
21	516	0	0
21	517	0	0
21	518	560	561
21	519	622	623
21	520	375	376
21	521	443	444
21	522	526	527
21	523	0	0
21	524	352	353
21	525	348	349
21	526	652	653
21	527	666	667
21	528	491	492
21	529	505	506
21	530	309	310
21	531	500	501
21	532	574	575
21	533	650	651
21	534	605	606
21	535	597	598
21	536	443	444
21	537	489	490
21	538	534	535
21	539	470	471
21	540	480	481
21	541	0	0
21	542	0	0
21	543	505	506
21	544	344	345
21	545	397	398
21	546	344	345
21	547	584	585
21	548	565	566
21	549	419	420
21	550	371	372
21	551	278	279
21	552	330	331
21	553	748	749
21	554	715	716
21	555	371	372
21	556	461	462
21	557	534	535
21	558	603	604
21	559	700	701
21	560	0	0
21	561	0	0
21	562	472	473
21	563	327	361
21	564	355	356
21	565	848	849
21	566	568	569
21	567	518	519
21	568	830	831
21	569	872	873
21	570	579	580
21	571	595	596
21	572	195	196
21	573	516	517
21	574	734	735
21	575	0	0
21	576	489	490
21	577	518	519
21	578	425	426
21	579	0	0
21	580	613	614
21	581	457	458
21	582	0	0
21	583	648	649
21	584	599	600
21	585	0	0
21	586	522	523
21	587	406	407
21	588	428	429
21	589	222	223
21	590	480	481
21	591	534	535
21	592	500	501
21	593	480	481
21	594	254	255
21	595	840	841
21	596	685	686
21	597	0	0
21	598	0	0
21	599	672	673
21	600	949	950
21	601	0	0
21	602	0	0
21	603	0	0
21	604	0	0
21	605	0	0
21	606	691	692
21	607	595	596
21	608	284	285
21	609	431	432
21	610	256	257
21	611	330	331
21	612	574	575
21	613	765	766
21	614	758	759
21	615	333	334
21	616	0	0
21	617	689	690
21	618	503	504
21	619	428	429
21	620	603	604
21	621	413	414
21	622	0	0
21	623	0	0
21	624	605	606
21	625	381	626
21	626	0	0
21	627	503	504
21	628	288	289
21	629	597	598
21	630	503	504
21	631	558	559
21	632	622	623
21	633	381	626
21	634	333	334
21	635	439	440
21	636	475	476
21	637	917	918
21	638	823	824
21	639	622	623
21	640	737	738
21	641	877	878
21	642	574	575
21	643	597	598
21	644	500	501
21	645	625	646
21	646	708	709
21	647	532	533
21	648	0	0
21	649	660	661
21	650	739	740
21	651	768	769
21	652	967	968
21	653	741	742
21	654	570	571
21	655	595	596
21	656	603	604
21	657	579	580
21	658	601	602
21	659	381	626
21	660	0	0
21	661	0	0
21	662	541	542
21	663	321	322
21	664	613	614
21	665	406	407
21	666	754	755
21	667	0	0
21	668	0	0
21	669	808	809
21	670	613	614
21	671	597	598
21	672	698	699
21	673	693	694
21	674	603	604
21	675	804	805
21	676	795	796
21	677	660	661
21	678	436	437
21	679	601	602
21	680	269	270
21	681	560	561
21	682	413	414
21	683	413	414
21	684	472	473
21	685	0	0
21	686	744	745
21	687	288	289
21	688	650	651
21	689	712	713
21	690	814	815
21	691	0	0
21	692	0	0
21	693	0	0
21	694	0	0
21	695	436	437
21	696	465	466
21	697	652	653
21	698	0	0
21	699	0	0
21	700	0	0
21	701	0	0
21	702	675	676
21	703	640	641
21	704	558	559
21	705	666	667
21	706	721	722
21	707	827	828
21	708	846	847
21	709	952	953
21	710	689	690
21	711	475	476
21	712	837	838
21	713	0	0
21	714	547	548
21	715	787	788
21	716	0	0
21	717	516	517
21	718	771	772
21	719	798	799
21	720	689	690
21	721	0	0
21	722	732	733
21	723	472	473
21	724	371	372
21	725	327	361
21	726	574	575
21	727	622	623
21	728	668	669
21	729	721	722
21	730	689	690
21	731	516	517
21	732	0	0
21	733	0	0
21	734	0	0
21	735	806	807
21	736	640	641
21	737	0	0
21	738	0	0
21	739	0	0
21	740	0	0
21	741	0	0
21	742	0	0
21	743	568	569
21	744	0	0
21	745	0	0
21	746	734	735
21	747	560	561
21	748	919	920
21	749	943	944
21	750	712	713
21	751	0	0
21	752	0	0
21	753	739	740
21	754	0	0
21	755	782	783
21	756	712	713
21	757	700	701
21	758	0	0
21	759	0	0
21	760	758	759
21	761	637	638
21	762	558	559
21	763	579	580
21	764	362	363
21	765	0	0
21	766	0	0
21	767	584	585
21	768	789	790
21	769	0	0
21	770	721	722
21	771	0	0
21	772	941	942
21	773	416	417
21	774	406	407
21	775	595	596
21	776	565	566
21	777	541	542
21	778	625	646
21	779	771	772
21	780	518	519
21	781	378	379
21	782	929	930
21	783	850	851
21	784	768	769
21	785	616	617
21	786	553	554
21	787	867	868
21	788	875	876
21	789	0	0
21	790	0	0
21	791	765	766
21	792	708	709
21	793	789	790
21	794	616	617
21	795	0	0
21	796	935	936
21	797	605	606
21	798	0	0
21	799	812	813
21	800	668	669
21	801	820	821
21	802	0	0
21	803	782	783
21	804	0	0
21	805	905	906
21	806	0	0
21	807	0	0
21	808	0	0
21	809	0	0
21	810	741	742
21	811	751	752
21	812	0	0
21	813	0	0
21	814	0	0
21	815	825	826
21	816	884	885
21	817	0	0
21	818	584	585
21	819	601	602
21	820	0	0
21	821	863	864
21	822	526	527
21	823	0	0
21	824	0	0
21	825	854	855
21	826	0	0
21	827	869	870
21	828	0	0
21	829	789	790
21	830	0	0
21	831	0	0
21	832	599	600
21	833	732	733
21	834	691	692
21	835	691	692
21	836	685	686
21	837	896	897
21	838	0	0
21	839	522	523
21	840	956	957
21	841	0	0
21	842	0	0
21	843	911	912
21	844	814	815
21	845	771	772
21	846	908	909
21	847	0	0
21	848	0	0
21	849	0	0
21	850	961	962
21	851	0	0
21	852	848	849
21	853	613	614
21	854	0	0
21	855	922	923
21	856	854	855
21	857	0	0
21	858	0	0
21	859	599	600
21	860	842	843
21	861	837	838
21	862	570	571
21	863	0	0
21	864	0	0
21	865	568	569
21	866	668	669
21	867	989	990
21	868	0	0
21	869	0	0
21	870	0	0
21	871	685	686
21	872	0	0
21	873	0	0
21	874	470	471
21	875	0	0
21	876	971	972
21	877	0	0
21	878	998	999
21	879	475	476
21	880	541	542
21	881	823	824
21	882	768	769
21	883	734	735
21	884	0	0
21	885	914	915
21	886	837	838
21	887	863	864
21	888	0	0
21	889	0	0
21	890	675	676
21	891	565	566
21	892	801	802
21	893	491	492
21	894	0	0
21	895	975	976
21	896	0	0
21	897	0	0
21	898	869	870
21	899	869	870
21	900	741	742
21	901	648	649
21	902	700	701
21	903	491	492
21	904	708	709
21	905	0	0
21	906	0	0
21	907	804	805
21	908	0	0
21	909	0	0
21	910	381	626
21	911	0	0
21	912	996	997
21	913	896	897
21	914	0	0
21	915	0	0
21	916	660	661
21	917	0	0
21	918	0	0
21	919	933	934
21	920	0	0
21	921	894	895
21	922	937	938
21	923	0	0
21	924	734	735
21	925	650	651
21	926	706	707
21	927	522	523
21	928	648	649
21	929	0	0
21	930	0	0
21	931	814	815
21	932	837	838
21	933	0	0
21	934	0	0
21	935	0	0
21	936	0	0
21	937	0	0
21	938	0	0
21	939	0	0
21	940	0	0
21	941	0	0
21	942	0	0
21	943	0	0
21	944	0	0
21	945	439	440
21	946	911	912
21	947	652	653
21	948	547	548
21	949	0	0
21	950	0	0
21	951	439	440
21	952	0	0
21	953	0	0
21	954	625	646
21	955	867	868
21	956	0	0
21	957	0	0
21	958	830	831
21	959	768	769
21	960	708	709
21	961	0	0
21	962	0	0
21	963	532	533
21	964	863	864
21	965	547	548
21	966	949	950
21	967	0	0
21	968	0	0
21	969	582	583
21	970	943	944
21	971	0	0
21	972	0	0
21	973	0	0
21	974	0	0
21	975	0	0
21	976	0	0
21	977	894	895
21	978	0	0
21	979	0	0
21	980	470	471
21	981	787	788
21	982	801	802
21	983	570	571
21	984	660	661
21	985	795	796
21	986	919	920
21	987	744	745
21	988	908	909
21	989	0	0
21	990	0	0
21	991	798	799
21	992	808	809
21	993	806	807
21	994	706	707
21	995	973	974
21	996	0	0
21	997	0	0
21	998	0	0
21	999	0	0
21	1000	935	936
