19	1	0	0
19	2	1	3
19	3	0	0
19	4	2	5
19	5	20	21
19	6	1	3
19	7	2	5
19	8	4	9
19	9	13	14
19	10	2	5
19	11	1	3
19	12	2	5
19	13	65	66
19	14	17	18
19	15	4	9
19	16	1	3
19	17	0	0
19	18	0	0
19	19	17	18
19	20	0	0
19	21	0	0
19	22	13	14
19	23	20	21
19	24	13	14
19	25	4	9
19	26	4	9
19	27	13	14
19	28	20	21
19	29	8	30
19	30	32	33
19	31	17	18
19	32	36	37
19	33	43	44
19	34	17	18
19	35	32	33
19	36	40	41
19	37	50	51
19	38	8	30
19	39	32	33
19	40	0	0
19	41	0	0
19	42	36	37
19	43	61	62
19	44	59	60
19	45	43	44
19	46	36	37
19	47	8	30
19	48	20	21
19	49	43	44
19	50	0	0
19	51	0	0
19	52	8	30
19	53	36	37
19	54	40	41
19	55	43	44
19	56	50	51
19	57	50	51
19	58	50	51
19	59	0	0
19	60	0	0
19	61	0	0
19	62	0	0
19	63	61	62
19	64	59	60
19	65	0	0
19	66	0	0
19	67	59	60
19	68	32	33
19	69	61	62
19	70	59	60
19	71	29	72
19	72	161	162
19	73	29	72
19	74	65	66
19	75	40	41
19	76	29	72
19	77	71	78
19	78	79	80
19	79	115	116
19	80	95	96
19	81	79	80
19	82	29	72
19	83	40	41
19	84	71	78
19	85	65	66
19	86	61	62
19	87	77	88
19	88	98	99
19	89	77	88
19	90	77	88
19	91	77	88
19	92	71	78
19	93	79	80
19	94	65	66
19	95	157	158
19	96	102	103
19	97	71	78
19	98	0	0
19	99	100	101
19	100	104	105
19	101	175	176
19	102	141	142
19	103	138	139
19	104	106	107
19	105	153	154
19	106	113	114
19	107	120	121
19	108	87	109
19	109	199	200
19	110	102	103
19	111	100	101
19	112	104	105
19	113	0	0
19	114	0	0
19	115	118	119
19	116	191	192
19	117	87	109
19	118	124	125
19	119	126	127
19	120	168	169
19	121	131	132
19	122	102	103
19	123	120	121
19	124	173	174
19	125	129	130
19	126	136	137
19	127	189	190
19	128	106	107
19	129	0	0
19	130	0	0
19	131	0	0
19	132	0	0
19	133	129	130
19	134	115	116
19	135	98	99
19	136	0	0
19	137	0	0
19	138	0	0
19	139	0	0
19	140	129	130
19	141	170	171
19	142	0	0
19	143	131	132
19	144	141	142
19	145	141	142
19	146	120	121
19	147	131	132
19	148	100	101
19	149	104	105
19	150	141	142
19	151	124	125
19	152	131	132
19	153	165	166
19	154	0	0
19	155	98	99
19	156	120	121
19	157	0	0
19	158	0	0
19	159	98	99
19	160	104	105
19	161	0	0
19	162	0	0
19	163	129	130
19	164	115	116
19	165	0	0
19	166	0	0
19	167	138	139
19	168	0	0
19	169	0	0
19	170	0	0
19	171	0	0
19	172	165	166
19	173	0	0
19	174	0	0
19	175	186	187
19	176	0	0
19	177	95	96
19	178	95	96
19	179	102	103
19	180	108	181
19	181	0	0
19	182	113	114
19	183	168	169
19	184	126	127
19	185	79	80
19	186	0	0
19	187	0	0
19	188	168	169
19	189	0	0
19	190	0	0
19	191	0	0
19	192	0	0
19	193	191	192
19	194	138	139
19	195	106	107
19	196	124	125
19	197	100	101
19	198	113	114
19	199	0	0
19	200	0	0
