24	1	0	0
24	2	1	3
24	3	0	0
24	4	1	3
24	5	1	3
24	6	2	7
24	7	12	13
24	8	6	9
24	9	10	11
24	10	22	23
24	11	15	16
24	12	0	0
24	13	0	0
24	14	6	9
24	15	0	0
24	16	0	0
24	17	1	3
24	18	15	16
24	19	10	11
24	20	8	21
24	21	29	30
24	22	0	0
24	23	0	0
24	24	2	7
24	25	22	23
24	26	2	7
24	27	6	9
24	28	2	7
24	29	80	81
24	30	31	32
24	31	52	53
24	32	34	35
24	33	15	16
24	34	0	0
24	35	0	0
24	36	29	30
24	37	29	30
24	38	12	13
24	39	15	16
24	40	29	30
24	41	8	21
24	42	6	9
24	43	34	35
24	44	12	13
24	45	10	11
24	46	34	35
24	47	12	13
24	48	22	23
24	49	22	23
24	50	34	35
24	51	8	21
24	52	0	0
24	53	0	0
24	54	31	32
24	55	52	53
24	56	8	21
24	57	10	11
24	58	52	53
24	59	31	32
24	60	31	32
24	61	20	62
24	62	72	73
24	63	20	62
24	64	61	65
24	65	66	67
24	66	111	112
24	67	94	95
24	68	52	53
24	69	64	70
24	70	106	107
24	71	20	62
24	72	90	91
24	73	98	99
24	74	69	75
24	75	134	135
24	76	64	70
24	77	66	67
24	78	66	67
24	79	61	65
24	80	158	159
24	81	87	88
24	82	61	65
24	83	61	65
24	84	20	62
24	85	66	67
24	86	80	81
24	87	0	0
24	88	0	0
24	89	69	75
24	90	117	118
24	91	103	104
24	92	64	70
24	93	64	70
24	94	240	241
24	95	682	683
24	96	69	75
24	97	87	88
24	98	113	114
24	99	150	151
24	100	87	88
24	101	80	81
24	102	90	91
24	103	209	210
24	104	187	188
24	105	87	88
24	106	119	120
24	107	232	233
24	108	69	75
24	109	106	107
24	110	106	107
24	111	128	129
24	112	562	563
24	113	121	122
24	114	136	137
24	115	72	73
24	116	113	114
24	117	174	175
24	118	162	163
24	119	140	141
24	120	124	125
24	121	0	0
24	122	0	0
24	123	80	81
24	124	126	127
24	125	130	131
24	126	863	864
24	127	200	201
24	128	235	236
24	129	160	161
24	130	146	147
24	131	168	169
24	132	130	131
24	133	72	73
24	134	221	222
24	135	170	171
24	136	0	0
24	137	0	0
24	138	119	120
24	139	117	118
24	140	301	302
24	141	650	651
24	142	94	95
24	143	74	144
24	144	191	192
24	145	140	141
24	146	203	204
24	147	189	190
24	148	128	129
24	149	136	137
24	150	242	243
24	151	413	414
24	152	126	127
24	153	121	122
24	154	103	104
24	155	74	144
24	156	124	125
24	157	106	107
24	158	0	0
24	159	0	0
24	160	225	226
24	161	275	276
24	162	0	0
24	163	0	0
24	164	143	165
24	165	261	262
24	166	143	165
24	167	130	131
24	168	214	215
24	169	450	451
24	170	185	186
24	171	896	897
24	172	117	118
24	173	140	141
24	174	0	0
24	175	0	0
24	176	170	171
24	177	111	112
24	178	168	169
24	179	90	91
24	180	146	147
24	181	90	91
24	182	126	127
24	183	136	137
24	184	150	151
24	185	422	423
24	186	387	388
24	187	0	0
24	188	0	0
24	189	0	0
24	190	0	0
24	191	398	399
24	192	933	934
24	193	170	171
24	194	170	171
24	195	136	137
24	196	143	165
24	197	117	118
24	198	187	188
24	199	189	190
24	200	244	245
24	201	340	341
24	202	158	159
24	203	0	0
24	204	0	0
24	205	185	186
24	206	189	190
24	207	200	201
24	208	185	186
24	209	0	0
24	210	0	0
24	211	185	186
24	212	160	161
24	213	150	151
24	214	0	0
24	215	0	0
24	216	174	175
24	217	174	175
24	218	74	144
24	219	189	190
24	220	72	73
24	221	303	304
24	222	320	321
24	223	94	95
24	224	103	104
24	225	0	0
24	226	0	0
24	227	121	122
24	228	94	95
24	229	124	125
24	230	74	144
24	231	174	175
24	232	405	406
24	233	272	273
24	234	126	127
24	235	285	286
24	236	363	364
24	237	221	222
24	238	146	147
24	239	113	114
24	240	353	354
24	241	509	510
24	242	0	0
24	243	0	0
24	244	0	0
24	245	0	0
24	246	221	222
24	247	200	201
24	248	164	249
24	249	254	255
24	250	191	192
24	251	150	151
24	252	191	192
24	253	203	204
24	254	369	370
24	255	297	298
24	256	254	255
24	257	111	112
24	258	242	243
24	259	225	226
24	260	209	210
24	261	318	319
24	262	580	581
24	263	168	169
24	264	191	192
24	265	203	204
24	266	130	131
24	267	121	122
24	268	98	99
24	269	98	99
24	270	203	204
24	271	124	125
24	272	446	447
24	273	287	288
24	274	164	249
24	275	0	0
24	276	0	0
24	277	244	245
24	278	248	279
24	279	316	317
24	280	113	114
24	281	98	99
24	282	162	163
24	283	162	163
24	284	103	104
24	285	0	0
24	286	0	0
24	287	295	296
24	288	365	366
24	289	287	288
24	290	240	241
24	291	225	226
24	292	209	210
24	293	209	210
24	294	140	141
24	295	349	350
24	296	438	439
24	297	334	335
24	298	0	0
24	299	200	201
24	300	272	273
24	301	357	358
24	302	0	0
24	303	393	394
24	304	351	352
24	305	287	288
24	306	225	226
24	307	111	112
24	308	158	159
24	309	232	233
24	310	160	161
24	311	240	241
24	312	214	215
24	313	242	243
24	314	248	279
24	315	235	236
24	316	345	346
24	317	331	332
24	318	324	325
24	319	426	427
24	320	0	0
24	321	342	343
24	322	303	304
24	323	164	249
24	324	337	338
24	325	575	576
24	326	146	147
24	327	301	302
24	328	221	222
24	329	316	317
24	330	244	245
24	331	756	757
24	332	0	0
24	333	187	188
24	334	0	0
24	335	385	386
24	336	187	188
24	337	485	486
24	338	883	884
24	339	232	233
24	340	0	0
24	341	0	0
24	342	420	421
24	343	391	392
24	344	158	159
24	345	411	412
24	346	606	607
24	347	324	325
24	348	214	215
24	349	0	0
24	350	0	0
24	351	549	550
24	352	492	493
24	353	591	592
24	354	360	361
24	355	285	286
24	356	214	215
24	357	408	409
24	358	424	425
24	359	242	243
24	360	0	0
24	361	0	0
24	362	316	317
24	363	0	0
24	364	0	0
24	365	609	610
24	366	367	368
24	367	0	0
24	368	0	0
24	369	483	484
24	370	924	925
24	371	254	255
24	372	303	304
24	373	160	161
24	374	128	129
24	375	342	343
24	376	285	286
24	377	261	262
24	378	295	296
24	379	272	273
24	380	164	249
24	381	360	361
24	382	297	298
24	383	287	288
24	384	351	352
24	385	711	712
24	386	0	0
24	387	467	468
24	388	444	445
24	389	369	370
24	390	340	341
24	391	400	401
24	392	469	470
24	393	642	643
24	394	544	545
24	395	285	286
24	396	119	120
24	397	301	302
24	398	0	0
24	399	441	442
24	400	594	595
24	401	908	909
24	402	278	403
24	403	626	627
24	404	337	338
24	405	487	488
24	406	598	599
24	407	316	317
24	408	0	0
24	409	0	0
24	410	128	129
24	411	504	505
24	412	478	479
24	413	0	0
24	414	0	0
24	415	162	163
24	416	254	255
24	417	408	409
24	418	351	352
24	419	244	245
24	420	0	0
24	421	524	525
24	422	461	462
24	423	0	0
24	424	0	0
24	425	0	0
24	426	845	846
24	427	430	431
24	428	353	354
24	429	398	399
24	430	457	458
24	431	691	692
24	432	320	321
24	433	331	332
24	434	349	350
24	435	342	343
24	436	295	296
24	437	275	276
24	438	0	0
24	439	0	0
24	440	261	262
24	441	954	955
24	442	624	625
24	443	232	233
24	444	0	0
24	445	751	752
24	446	0	0
24	447	506	507
24	448	278	403
24	449	365	366
24	450	0	0
24	451	0	0
24	452	240	241
24	453	369	370
24	454	320	321
24	455	420	421
24	456	331	332
24	457	489	490
24	458	476	477
24	459	272	273
24	460	363	364
24	461	675	676
24	462	0	0
24	463	278	403
24	464	408	409
24	465	119	120
24	466	438	439
24	467	660	661
24	468	0	0
24	469	0	0
24	470	836	837
24	471	467	468
24	472	353	354
24	473	318	319
24	474	446	447
24	475	441	442
24	476	891	892
24	477	694	695
24	478	644	645
24	479	689	690
24	480	275	276
24	481	411	412
24	482	420	421
24	483	0	0
24	484	494	495
24	485	701	702
24	486	498	499
24	487	877	878
24	488	541	542
24	489	551	552
24	490	0	0
24	491	489	490
24	492	587	588
24	493	765	766
24	494	0	0
24	495	534	535
24	496	235	236
24	497	444	445
24	498	805	806
24	499	0	0
24	500	446	447
24	501	369	370
24	502	275	276
24	503	342	343
24	504	918	919
24	505	0	0
24	506	738	739
24	507	0	0
24	508	498	499
24	509	0	0
24	510	511	512
24	511	0	0
24	512	0	0
24	513	134	135
24	514	357	358
24	515	506	507
24	516	426	427
24	517	248	279
24	518	398	399
24	519	446	447
24	520	420	421
24	521	408	409
24	522	487	488
24	523	476	477
24	524	671	672
24	525	667	668
24	526	509	510
24	527	391	392
24	528	405	406
24	529	320	321
24	530	424	425
24	531	450	451
24	532	331	332
24	533	467	468
24	534	0	0
24	535	745	746
24	536	422	423
24	537	318	319
24	538	485	486
24	539	334	335
24	540	168	169
24	541	728	729
24	542	819	820
24	543	393	394
24	544	0	0
24	545	622	623
24	546	544	545
24	547	391	392
24	548	391	392
24	549	566	567
24	550	730	731
24	551	947	948
24	552	741	742
24	553	483	484
24	554	511	512
24	555	387	388
24	556	402	557
24	557	564	565
24	558	450	451
24	559	367	368
24	560	511	512
24	561	143	165
24	562	843	844
24	563	0	0
24	564	869	870
24	565	602	603
24	566	0	0
24	567	0	0
24	568	506	507
24	569	398	399
24	570	498	499
24	571	450	451
24	572	337	338
24	573	556	574
24	574	0	0
24	575	618	619
24	576	0	0
24	577	534	535
24	578	385	386
24	579	544	545
24	580	0	0
24	581	0	0
24	582	430	431
24	583	334	335
24	584	506	507
24	585	469	470
24	586	469	470
24	587	778	779
24	588	794	795
24	589	297	298
24	590	580	581
24	591	0	0
24	592	0	0
24	593	334	335
24	594	0	0
24	595	0	0
24	596	509	510
24	597	301	302
24	598	0	0
24	599	785	786
24	600	360	361
24	601	483	484
24	602	780	781
24	603	657	658
24	604	430	431
24	605	564	565
24	606	662	663
24	607	0	0
24	608	580	581
24	609	0	0
24	610	0	0
24	611	562	563
24	612	492	493
24	613	504	505
24	614	441	442
24	615	400	401
24	616	587	588
24	617	345	346
24	618	0	0
24	619	0	0
24	620	424	425
24	621	385	386
24	622	639	640
24	623	0	0
24	624	748	749
24	625	774	775
24	626	637	638
24	627	922	923
24	628	324	325
24	629	402	557
24	630	580	581
24	631	494	495
24	632	591	592
24	633	411	412
24	634	441	442
24	635	357	358
24	636	405	406
24	637	0	0
24	638	0	0
24	639	0	0
24	640	0	0
24	641	541	542
24	642	0	0
24	643	713	714
24	644	807	808
24	645	753	754
24	646	337	338
24	647	566	567
24	648	573	649
24	649	0	0
24	650	0	0
24	651	772	773
24	652	476	477
24	653	494	495
24	654	544	545
24	655	340	341
24	656	626	627
24	657	783	784
24	658	0	0
24	659	430	431
24	660	0	0
24	661	0	0
24	662	872	873
24	663	687	688
24	664	318	319
24	665	367	368
24	666	637	638
24	667	0	0
24	668	0	0
24	669	476	477
24	670	575	576
24	671	0	0
24	672	0	0
24	673	644	645
24	674	671	672
24	675	797	798
24	676	0	0
24	677	297	298
24	678	609	610
24	679	405	406
24	680	639	640
24	681	411	412
24	682	0	0
24	683	803	804
24	684	345	346
24	685	345	346
24	686	402	557
24	687	0	0
24	688	829	830
24	689	0	0
24	690	0	0
24	691	706	707
24	692	0	0
24	693	365	366
24	694	889	890
24	695	0	0
24	696	357	358
24	697	278	403
24	698	426	427
24	699	534	535
24	700	134	135
24	701	0	0
24	702	788	789
24	703	349	350
24	704	644	645
24	705	594	595
24	706	0	0
24	707	0	0
24	708	594	595
24	709	494	495
24	710	422	423
24	711	0	0
24	712	860	861
24	713	0	0
24	714	815	816
24	715	461	462
24	716	360	361
24	717	353	354
24	718	134	135
24	719	295	296
24	720	556	574
24	721	564	565
24	722	492	493
24	723	650	651
24	724	618	619
24	725	385	386
24	726	469	470
24	727	498	499
24	728	0	0
24	729	0	0
24	730	0	0
24	731	823	824
24	732	618	619
24	733	400	401
24	734	534	535
24	735	573	649
24	736	489	490
24	737	402	557
24	738	0	0
24	739	0	0
24	740	671	672
24	741	0	0
24	742	825	826
24	743	485	486
24	744	687	688
24	745	0	0
24	746	0	0
24	747	444	445
24	748	0	0
24	749	0	0
24	750	598	599
24	751	0	0
24	752	0	0
24	753	0	0
24	754	906	907
24	755	551	552
24	756	0	0
24	757	834	835
24	758	393	394
24	759	622	623
24	760	730	731
24	761	573	649
24	762	738	739
24	763	235	236
24	764	340	341
24	765	791	792
24	766	770	771
24	767	671	672
24	768	675	676
24	769	575	576
24	770	0	0
24	771	0	0
24	772	0	0
24	773	874	875
24	774	810	811
24	775	0	0
24	776	400	401
24	777	667	668
24	778	0	0
24	779	0	0
24	780	0	0
24	781	0	0
24	782	770	771
24	783	0	0
24	784	0	0
24	785	0	0
24	786	857	858
24	787	618	619
24	788	910	911
24	789	0	0
24	790	422	423
24	791	0	0
24	792	0	0
24	793	756	757
24	794	0	0
24	795	0	0
24	796	738	739
24	797	0	0
24	798	0	0
24	799	756	757
24	800	489	490
24	801	701	702
24	802	587	588
24	803	0	0
24	804	0	0
24	805	0	0
24	806	903	904
24	807	893	894
24	808	0	0
24	809	783	784
24	810	838	839
24	811	984	985
24	812	772	773
24	813	778	779
24	814	365	366
24	815	0	0
24	816	0	0
24	817	797	798
24	818	770	771
24	819	0	0
24	820	0	0
24	821	467	468
24	822	639	640
24	823	0	0
24	824	0	0
24	825	0	0
24	826	0	0
24	827	485	486
24	828	639	640
24	829	0	0
24	830	854	855
24	831	478	479
24	832	797	798
24	833	461	462
24	834	957	958
24	835	879	880
24	836	0	0
24	837	0	0
24	838	841	842
24	839	0	0
24	840	367	368
24	841	0	0
24	842	0	0
24	843	0	0
24	844	0	0
24	845	0	0
24	846	945	946
24	847	461	462
24	848	426	427
24	849	587	588
24	850	504	505
24	851	556	574
24	852	657	658
24	853	807	808
24	854	0	0
24	855	0	0
24	856	626	627
24	857	0	0
24	858	0	0
24	859	556	574
24	860	0	0
24	861	0	0
24	862	841	842
24	863	0	0
24	864	0	0
24	865	778	779
24	866	687	688
24	867	524	525
24	868	624	625
24	869	0	0
24	870	0	0
24	871	624	625
24	872	0	0
24	873	0	0
24	874	0	0
24	875	0	0
24	876	248	279
24	877	0	0
24	878	0	0
24	879	0	0
24	880	885	886
24	881	624	625
24	882	780	781
24	883	0	0
24	884	899	900
24	885	0	0
24	886	0	0
24	887	834	835
24	888	444	445
24	889	0	0
24	890	0	0
24	891	0	0
24	892	0	0
24	893	0	0
24	894	0	0
24	895	541	542
24	896	0	0
24	897	963	964
24	898	803	804
24	899	0	0
24	900	0	0
24	901	872	873
24	902	843	844
24	903	0	0
24	904	0	0
24	905	701	702
24	906	0	0
24	907	0	0
24	908	0	0
24	909	0	0
24	910	959	960
24	911	0	0
24	912	785	786
24	913	896	897
24	914	478	479
24	915	741	742
24	916	622	623
24	917	903	904
24	918	920	921
24	919	0	0
24	920	991	992
24	921	0	0
24	922	0	0
24	923	0	0
24	924	0	0
24	925	0	0
24	926	803	804
24	927	363	364
24	928	351	352
24	929	869	870
24	930	261	262
24	931	845	846
24	932	694	695
24	933	966	967
24	934	950	951
24	935	741	742
24	936	606	607
24	937	711	712
24	938	303	304
24	939	393	394
24	940	770	771
24	941	738	739
24	942	854	855
24	943	504	505
24	944	922	923
24	945	997	998
24	946	0	0
24	947	0	0
24	948	0	0
24	949	920	921
24	950	0	0
24	951	989	990
24	952	644	645
24	953	667	668
24	954	0	0
24	955	0	0
24	956	413	414
24	957	0	0
24	958	0	0
24	959	0	0
24	960	0	0
24	961	863	864
24	962	483	484
24	963	0	0
24	964	994	995
24	965	637	638
24	966	0	0
24	967	0	0
24	968	945	946
24	969	774	775
24	970	906	907
24	971	843	844
24	972	594	595
24	973	564	565
24	974	694	695
24	975	626	627
24	976	807	808
24	977	413	414
24	978	872	873
24	979	728	729
24	980	756	757
24	981	562	563
24	982	648	983
24	983	0	0
24	984	0	0
24	985	0	0
24	986	803	804
24	987	879	880
24	988	622	623
24	989	0	0
24	990	0	0
24	991	0	0
24	992	0	0
24	993	957	958
24	994	0	0
24	995	0	0
24	996	637	638
24	997	0	0
24	998	0	0
24	999	511	512
24	1000	387	388
