9	1	0	0
9	2	1	3
9	3	0	0
9	4	2	5
9	5	7	8
9	6	2	5
9	7	0	0
9	8	0	0
9	9	7	8
9	10	7	8
9	11	1	3
9	12	2	5
9	13	2	5
9	14	1	3
9	15	7	8
9	16	4	17
9	17	28	29
9	18	1	3
9	19	4	17
9	20	4	17
9	21	16	22
9	22	25	26
9	23	16	22
9	24	16	22
9	25	37	38
9	26	31	32
9	27	25	26
9	28	33	34
9	29	47	48
9	30	28	29
9	31	55	56
9	32	40	41
9	33	0	0
9	34	0	0
9	35	4	17
9	36	25	26
9	37	67	68
9	38	51	52
9	39	25	26
9	40	0	0
9	41	0	0
9	42	31	32
9	43	33	34
9	44	33	34
9	45	31	32
9	46	40	41
9	47	0	0
9	48	0	0
9	49	33	34
9	50	28	29
9	51	0	0
9	52	0	0
9	53	47	48
9	54	51	52
9	55	0	0
9	56	0	0
9	57	55	56
9	58	16	22
9	59	51	52
9	60	28	29
9	61	47	48
9	62	47	48
9	63	51	52
9	64	31	32
9	65	37	38
9	66	40	41
9	67	0	0
9	68	0	0
9	69	55	56
9	70	55	56
9	71	40	41
9	72	21	73
9	73	83	84
9	74	21	73
9	75	67	68
9	76	21	73
9	77	21	73
9	78	67	68
9	79	67	68
9	80	37	38
9	81	72	82
9	82	0	0
9	83	90	91
9	84	87	88
9	85	37	38
9	86	72	82
9	87	98	99
9	88	0	0
9	89	72	82
9	90	0	0
9	91	0	0
9	92	83	84
9	93	87	88
9	94	90	91
9	95	72	82
9	96	87	88
9	97	83	84
9	98	0	0
9	99	0	0
9	100	0	0
