46	1	0	0
46	2	1	3
46	3	0	0
46	4	1	3
46	5	1	3
46	6	2	7
46	7	10	11
46	8	1	3
46	9	2	7
46	10	0	0
46	11	0	0
46	12	6	13
46	13	15	16
46	14	10	11
46	15	30	31
46	16	52	53
46	17	15	16
46	18	15	16
46	19	10	11
46	20	10	11
46	21	12	22
46	22	37	38
46	23	2	7
46	24	6	13
46	25	12	22
46	26	15	16
46	27	12	22
46	28	6	13
46	29	2	7
46	30	0	0
46	31	0	0
46	32	6	13
46	33	30	31
46	34	30	31
46	35	12	22
46	36	30	31
46	37	39	40
46	38	97	98
46	39	48	49
46	40	41	42
46	41	0	0
46	42	0	0
46	43	37	38
46	44	37	38
46	45	39	40
46	46	41	42
46	47	39	40
46	48	0	0
46	49	0	0
46	50	39	40
46	51	48	49
46	52	0	0
46	53	0	0
46	54	41	42
46	55	37	38
46	56	48	49
46	57	52	53
46	58	48	49
46	59	21	60
46	60	81	82
46	61	41	42
46	62	21	60
46	63	59	64
46	64	71	72
46	65	21	60
46	66	21	60
46	67	59	64
46	68	52	53
46	69	63	70
46	70	75	76
46	71	0	0
46	72	0	0
46	73	52	53
46	74	59	64
46	75	90	91
46	76	83	84
46	77	63	70
46	78	71	72
46	79	63	70
46	80	71	72
46	81	0	0
46	82	95	96
46	83	86	87
46	84	0	0
46	85	81	82
46	86	99	100
46	87	92	93
46	88	63	70
46	89	86	87
46	90	0	0
46	91	0	0
46	92	0	0
46	93	0	0
46	94	71	72
46	95	0	0
46	96	0	0
46	97	0	0
46	98	0	0
46	99	0	0
46	100	0	0
