13	1	0	0
13	2	1	3
13	3	0	0
13	4	1	3
13	5	1	3
13	6	2	7
13	7	8	9
13	8	0	0
13	9	0	0
13	10	1	3
13	11	8	9
13	12	2	7
13	13	2	7
13	14	2	7
13	15	8	9
13	16	6	17
13	17	20	21
13	18	16	19
13	19	43	44
13	20	40	41
13	21	36	37
13	22	6	17
13	23	18	24
13	24	31	32
13	25	23	26
13	26	28	29
13	27	6	17
13	28	34	35
13	29	77	78
13	30	28	29
13	31	51	52
13	32	174	175
13	33	20	21
13	34	70	71
13	35	54	55
13	36	0	0
13	37	0	0
13	38	8	9
13	39	23	26
13	40	0	0
13	41	0	0
13	42	28	29
13	43	95	96
13	44	75	76
13	45	20	21
13	46	28	29
13	47	6	17
13	48	23	26
13	49	40	41
13	50	31	32
13	51	62	63
13	52	89	90
13	53	43	44
13	54	59	60
13	55	72	73
13	56	20	21
13	57	40	41
13	58	54	55
13	59	241	242
13	60	138	139
13	61	34	35
13	62	207	208
13	63	80	81
13	64	59	60
13	65	34	35
13	66	51	52
13	67	18	24
13	68	18	24
13	69	34	35
13	70	99	100
13	71	149	150
13	72	211	212
13	73	299	300
13	74	51	52
13	75	83	84
13	76	104	105
13	77	266	267
13	78	108	109
13	79	31	32
13	80	0	0
13	81	0	0
13	82	72	73
13	83	0	0
13	84	0	0
13	85	25	86
13	86	112	113
13	87	31	32
13	88	70	71
13	89	102	103
13	90	160	161
13	91	43	44
13	92	72	73
13	93	75	76
13	94	83	84
13	95	117	118
13	96	176	177
13	97	89	90
13	98	43	44
13	99	133	134
13	100	249	250
13	101	99	100
13	102	0	0
13	103	0	0
13	104	0	0
13	105	0	0
13	106	62	63
13	107	70	71
13	108	115	116
13	109	295	296
13	110	40	41
13	111	108	109
13	112	125	126
13	113	181	182
13	114	104	105
13	115	153	154
13	116	128	129
13	117	0	0
13	118	0	0
13	119	36	37
13	120	85	121
13	121	271	272
13	122	89	90
13	123	72	73
13	124	80	81
13	125	164	165
13	126	0	0
13	127	16	19
13	128	0	0
13	129	0	0
13	130	112	113
13	131	120	132
13	132	0	0
13	133	0	0
13	134	0	0
13	135	102	103
13	136	104	105
13	137	83	84
13	138	0	0
13	139	0	0
13	140	138	139
13	141	102	103
13	142	104	105
13	143	115	116
13	144	54	55
13	145	70	71
13	146	23	26
13	147	75	76
13	148	18	24
13	149	339	340
13	150	333	334
13	151	95	96
13	152	120	132
13	153	0	0
13	154	0	0
13	155	75	76
13	156	51	52
13	157	120	132
13	158	62	63
13	159	102	103
13	160	0	0
13	161	0	0
13	162	125	126
13	163	125	126
13	164	0	0
13	165	184	185
13	166	160	161
13	167	128	129
13	168	25	86
13	169	85	121
13	170	54	55
13	171	153	154
13	172	59	60
13	173	16	19
13	174	218	219
13	175	354	355
13	176	0	0
13	177	0	0
13	178	108	109
13	179	138	139
13	180	120	132
13	181	195	196
13	182	297	298
13	183	89	90
13	184	214	215
13	185	324	325
13	186	181	182
13	187	174	175
13	188	138	139
13	189	153	154
13	190	77	78
13	191	131	192
13	192	320	321
13	193	83	84
13	194	108	109
13	195	247	248
13	196	0	0
13	197	80	81
13	198	95	96
13	199	117	118
13	200	36	37
13	201	133	134
13	202	160	161
13	203	160	161
13	204	164	165
13	205	16	19
13	206	80	81
13	207	0	0
13	208	0	0
13	209	149	150
13	210	62	63
13	211	0	0
13	212	0	0
13	213	112	113
13	214	285	286
13	215	237	238
13	216	85	121
13	217	117	118
13	218	330	331
13	219	262	263
13	220	218	219
13	221	25	86
13	222	115	116
13	223	125	126
13	224	211	212
13	225	117	118
13	226	128	129
13	227	112	113
13	228	207	208
13	229	211	212
13	230	164	165
13	231	99	100
13	232	195	196
13	233	211	212
13	234	133	134
13	235	77	78
13	236	153	154
13	237	0	0
13	238	0	0
13	239	181	182
13	240	184	185
13	241	0	0
13	242	0	0
13	243	184	185
13	244	115	116
13	245	184	185
13	246	128	129
13	247	351	352
13	248	259	260
13	249	0	0
13	250	0	0
13	251	36	37
13	252	174	175
13	253	214	215
13	254	149	150
13	255	99	100
13	256	176	177
13	257	218	219
13	258	181	182
13	259	276	277
13	260	442	443
13	261	214	215
13	262	0	0
13	263	0	0
13	264	249	250
13	265	237	238
13	266	0	0
13	267	0	0
13	268	131	192
13	269	207	208
13	270	249	250
13	271	289	290
13	272	371	372
13	273	195	196
13	274	259	260
13	275	262	263
13	276	0	0
13	277	0	0
13	278	174	175
13	279	149	150
13	280	133	134
13	281	241	242
13	282	266	267
13	283	241	242
13	284	249	250
13	285	0	0
13	286	0	0
13	287	259	260
13	288	285	286
13	289	306	307
13	290	322	323
13	291	131	192
13	292	271	272
13	293	218	219
13	294	195	196
13	295	392	393
13	296	337	338
13	297	304	305
13	298	376	377
13	299	0	0
13	300	0	0
13	301	266	267
13	302	289	290
13	303	276	277
13	304	0	0
13	305	0	0
13	306	398	399
13	307	356	357
13	308	276	277
13	309	85	121
13	310	131	192
13	311	241	242
13	312	237	238
13	313	25	86
13	314	285	286
13	315	247	248
13	316	266	267
13	317	191	318
13	318	436	437
13	319	176	177
13	320	493	494
13	321	463	464
13	322	328	329
13	323	410	411
13	324	416	417
13	325	388	389
13	326	214	215
13	327	299	300
13	328	395	396
13	329	452	453
13	330	0	0
13	331	0	0
13	332	259	260
13	333	0	0
13	334	0	0
13	335	304	305
13	336	295	296
13	337	0	0
13	338	0	0
13	339	0	0
13	340	0	0
13	341	330	331
13	342	320	321
13	343	333	334
13	344	77	78
13	345	324	325
13	346	237	238
13	347	304	305
13	348	306	307
13	349	333	334
13	350	328	329
13	351	358	359
13	352	0	0
13	353	176	177
13	354	364	365
13	355	408	409
13	356	445	446
13	357	378	379
13	358	0	0
13	359	0	0
13	360	207	208
13	361	304	305
13	362	339	340
13	363	276	277
13	364	0	0
13	365	0	0
13	366	164	165
13	367	95	96
13	368	285	286
13	369	351	352
13	370	306	307
13	371	458	459
13	372	0	0
13	373	351	352
13	374	356	357
13	375	371	372
13	376	432	433
13	377	0	0
13	378	384	385
13	379	486	487
13	380	295	296
13	381	354	355
13	382	297	298
13	383	299	300
13	384	425	426
13	385	455	456
13	386	299	300
13	387	297	298
13	388	0	0
13	389	0	0
13	390	289	290
13	391	322	323
13	392	0	0
13	393	0	0
13	394	320	321
13	395	0	0
13	396	440	441
13	397	337	338
13	398	0	0
13	399	0	0
13	400	378	379
13	401	392	393
13	402	297	298
13	403	371	372
13	404	330	331
13	405	358	359
13	406	320	321
13	407	295	296
13	408	0	0
13	409	0	0
13	410	0	0
13	411	421	422
13	412	317	413
13	413	423	424
13	414	271	272
13	415	392	393
13	416	0	0
13	417	0	0
13	418	378	379
13	419	330	331
13	420	378	379
13	421	482	483
13	422	0	0
13	423	495	496
13	424	0	0
13	425	0	0
13	426	0	0
13	427	421	422
13	428	408	409
13	429	356	357
13	430	328	329
13	431	416	417
13	432	0	0
13	433	469	470
13	434	317	413
13	435	354	355
13	436	473	474
13	437	0	0
13	438	356	357
13	439	328	329
13	440	0	0
13	441	0	0
13	442	0	0
13	443	0	0
13	444	262	263
13	445	0	0
13	446	0	0
13	447	442	443
13	448	317	413
13	449	412	450
13	450	0	0
13	451	262	263
13	452	0	0
13	453	475	476
13	454	425	426
13	455	0	0
13	456	0	0
13	457	339	340
13	458	0	0
13	459	0	0
13	460	408	409
13	461	339	340
13	462	458	459
13	463	0	0
13	464	490	491
13	465	324	325
13	466	410	411
13	467	410	411
13	468	442	443
13	469	0	0
13	470	0	0
13	471	398	399
13	472	421	422
13	473	477	478
13	474	0	0
13	475	0	0
13	476	0	0
13	477	0	0
13	478	0	0
13	479	412	450
13	480	475	476
13	481	322	323
13	482	0	0
13	483	0	0
13	484	421	422
13	485	306	307
13	486	0	0
13	487	0	0
13	488	486	487
13	489	333	334
13	490	0	0
13	491	0	0
13	492	354	355
13	493	0	0
13	494	0	0
13	495	0	0
13	496	0	0
13	497	440	441
13	498	423	424
13	499	442	443
13	500	0	449
