41	1	0	0
41	2	1	3
41	3	0	0
41	4	1	3
41	5	2	6
41	6	15	16
41	7	2	6
41	8	5	9
41	9	46	47
41	10	5	9
41	11	8	12
41	12	27	28
41	13	2	6
41	14	5	9
41	15	0	0
41	16	0	0
41	17	15	16
41	18	5	9
41	19	1	3
41	20	15	16
41	21	8	12
41	22	11	23
41	23	131	132
41	24	2	6
41	25	8	12
41	26	15	16
41	27	37	38
41	28	96	97
41	29	1	3
41	30	8	12
41	31	22	32
41	32	64	65
41	33	31	34
41	34	67	68
41	35	31	34
41	36	31	34
41	37	74	75
41	38	69	70
41	39	11	23
41	40	22	32
41	41	33	42
41	42	51	52
41	43	37	38
41	44	11	23
41	45	22	32
41	46	49	50
41	47	0	0
41	48	31	34
41	49	0	0
41	50	0	0
41	51	101	102
41	52	53	54
41	53	77	78
41	54	155	156
41	55	11	23
41	56	37	38
41	57	49	50
41	58	49	50
41	59	51	52
41	60	49	50
41	61	22	32
41	62	46	47
41	63	37	38
41	64	0	0
41	65	168	169
41	66	51	52
41	67	94	95
41	68	72	73
41	69	0	0
41	70	0	0
41	71	69	70
41	72	105	106
41	73	98	99
41	74	0	0
41	75	0	0
41	76	74	75
41	77	189	190
41	78	85	86
41	79	67	68
41	80	27	28
41	81	46	47
41	82	64	65
41	83	74	75
41	84	69	70
41	85	115	116
41	86	92	93
41	87	27	28
41	88	69	70
41	89	53	54
41	90	41	91
41	91	0	0
41	92	282	283
41	93	0	0
41	94	123	124
41	95	145	146
41	96	129	130
41	97	217	218
41	98	164	165
41	99	117	118
41	100	98	99
41	101	0	0
41	102	143	144
41	103	77	78
41	104	96	97
41	105	148	149
41	106	109	110
41	107	101	102
41	108	74	75
41	109	280	281
41	110	191	192
41	111	94	95
41	112	85	86
41	113	67	68
41	114	105	106
41	115	139	140
41	116	158	159
41	117	0	0
41	118	133	134
41	119	96	97
41	120	90	121
41	121	194	195
41	122	92	93
41	123	0	0
41	124	0	0
41	125	72	73
41	126	115	116
41	127	96	97
41	128	92	93
41	129	0	0
41	130	0	0
41	131	214	215
41	132	150	151
41	133	0	0
41	134	160	161
41	135	92	93
41	136	72	73
41	137	33	42
41	138	98	99
41	139	0	0
41	140	187	188
41	141	33	42
41	142	53	54
41	143	299	300
41	144	0	0
41	145	288	289
41	146	0	0
41	147	53	54
41	148	219	220
41	149	262	263
41	150	0	0
41	151	173	174
41	152	131	132
41	153	129	130
41	154	94	95
41	155	200	201
41	156	0	0
41	157	46	47
41	158	184	185
41	159	171	172
41	160	0	0
41	161	0	0
41	162	90	121
41	163	123	124
41	164	210	211
41	165	273	274
41	166	129	130
41	167	155	156
41	168	0	0
41	169	196	197
41	170	143	144
41	171	0	0
41	172	0	0
41	173	253	254
41	174	177	178
41	175	77	78
41	176	150	151
41	177	0	0
41	178	0	0
41	179	27	28
41	180	168	169
41	181	72	73
41	182	85	86
41	183	33	42
41	184	0	0
41	185	0	0
41	186	160	161
41	187	0	0
41	188	0	0
41	189	240	241
41	190	0	0
41	191	295	296
41	192	237	238
41	193	105	106
41	194	231	232
41	195	284	285
41	196	0	0
41	197	205	206
41	198	85	86
41	199	101	102
41	200	235	236
41	201	0	0
41	202	158	159
41	203	131	132
41	204	196	197
41	205	0	0
41	206	0	0
41	207	158	159
41	208	101	102
41	209	90	121
41	210	0	0
41	211	0	0
41	212	205	206
41	213	160	161
41	214	0	0
41	215	0	0
41	216	90	121
41	217	0	0
41	218	0	0
41	219	0	0
41	220	0	0
41	221	150	151
41	222	171	172
41	223	155	156
41	224	210	211
41	225	187	188
41	226	94	95
41	227	196	197
41	228	164	165
41	229	191	192
41	230	139	140
41	231	0	0
41	232	0	0
41	233	64	65
41	234	155	156
41	235	0	0
41	236	249	250
41	237	0	0
41	238	0	0
41	239	235	236
41	240	267	268
41	241	0	0
41	242	131	132
41	243	150	151
41	244	184	185
41	245	189	190
41	246	194	195
41	247	145	146
41	248	217	218
41	249	286	287
41	250	0	0
41	251	196	197
41	252	41	91
41	253	0	0
41	254	0	0
41	255	171	172
41	256	64	65
41	257	148	149
41	258	145	146
41	259	120	260
41	260	0	0
41	261	77	78
41	262	0	0
41	263	297	298
41	264	200	201
41	265	237	238
41	266	171	172
41	267	0	0
41	268	0	0
41	269	210	211
41	270	235	236
41	271	158	159
41	272	214	215
41	273	277	278
41	274	0	0
41	275	117	118
41	276	139	140
41	277	0	0
41	278	0	0
41	279	177	178
41	280	0	0
41	281	0	0
41	282	0	0
41	283	0	0
41	284	0	0
41	285	293	294
41	286	0	0
41	287	0	0
41	288	0	0
41	289	0	0
41	290	200	201
41	291	282	283
41	292	120	260
41	293	0	0
41	294	0	0
41	295	0	0
41	296	0	0
41	297	0	0
41	298	0	0
41	299	0	0
41	300	0	0
