25	1	0	0
25	2	1	3
25	3	0	0
25	4	1	3
25	5	1	3
25	6	1	3
25	7	2	8
25	8	10	11
25	9	2	8
25	10	0	0
25	11	0	0
25	12	10	11
25	13	10	11
25	14	7	15
25	15	113	114
25	16	7	15
25	17	2	8
25	18	7	15
25	19	14	20
25	20	26	27
25	21	2	8
25	22	7	15
25	23	10	11
25	24	19	25
25	25	30	31
25	26	56	57
25	27	52	53
25	28	24	29
25	29	100	101
25	30	32	33
25	31	104	105
25	32	45	46
25	33	43	44
25	34	28	35
25	35	38	39
25	36	14	20
25	37	24	29
25	38	77	78
25	39	48	49
25	40	19	25
25	41	24	29
25	42	38	39
25	43	146	147
25	44	247	248
25	45	204	205
25	46	209	210
25	47	38	39
25	48	66	67
25	49	58	59
25	50	14	20
25	51	32	33
25	52	185	186
25	53	92	93
25	54	26	27
25	55	48	49
25	56	69	70
25	57	133	134
25	58	60	61
25	59	72	73
25	60	259	260
25	61	126	127
25	62	32	33
25	63	58	59
25	64	26	27
25	65	58	59
25	66	138	139
25	67	122	123
25	68	24	29
25	69	0	0
25	70	0	0
25	71	38	39
25	72	83	84
25	73	290	291
25	74	32	33
25	75	48	49
25	76	19	25
25	77	148	149
25	78	142	143
25	79	60	61
25	80	48	49
25	81	45	46
25	82	52	53
25	83	229	230
25	84	107	108
25	85	72	73
25	86	69	70
25	87	43	44
25	88	77	78
25	89	83	84
25	90	60	61
25	91	60	61
25	92	0	0
25	93	0	0
25	94	30	31
25	95	58	59
25	96	19	25
25	97	30	31
25	98	28	35
25	99	56	57
25	100	120	121
25	101	115	116
25	102	83	84
25	103	28	35
25	104	128	129
25	105	172	173
25	106	28	35
25	107	0	0
25	108	0	0
25	109	92	93
25	110	52	53
25	111	26	27
25	112	43	44
25	113	333	334
25	114	265	266
25	115	240	241
25	116	170	171
25	117	56	57
25	118	69	70
25	119	69	70
25	120	151	152
25	121	192	193
25	122	194	195
25	123	155	156
25	124	14	20
25	125	120	121
25	126	382	383
25	127	416	417
25	128	477	478
25	129	311	312
25	130	104	105
25	131	126	127
25	132	115	116
25	133	0	0
25	134	0	0
25	135	113	114
25	136	133	134
25	137	115	116
25	138	218	219
25	139	0	0
25	140	128	129
25	141	128	129
25	142	226	227
25	143	245	246
25	144	43	44
25	145	66	67
25	146	0	0
25	147	0	0
25	148	340	341
25	149	164	165
25	150	92	93
25	151	282	283
25	152	232	233
25	153	122	123
25	154	92	93
25	155	187	188
25	156	296	297
25	157	45	46
25	158	120	121
25	159	126	127
25	160	146	147
25	161	72	73
25	162	34	163
25	163	179	180
25	164	308	309
25	165	271	272
25	166	148	149
25	167	30	31
25	168	146	147
25	169	146	147
25	170	300	301
25	171	181	182
25	172	189	190
25	173	388	389
25	174	142	143
25	175	155	156
25	176	115	116
25	177	138	139
25	178	104	105
25	179	411	412
25	180	397	398
25	181	252	253
25	182	351	352
25	183	164	165
25	184	45	46
25	185	0	0
25	186	0	0
25	187	0	0
25	188	0	0
25	189	0	0
25	190	0	0
25	191	138	139
25	192	196	197
25	193	236	237
25	194	257	258
25	195	222	223
25	196	200	201
25	197	459	460
25	198	133	134
25	199	172	173
25	200	0	0
25	201	0	0
25	202	77	78
25	203	187	188
25	204	0	0
25	205	0	0
25	206	185	186
25	207	138	139
25	208	189	190
25	209	0	0
25	210	0	0
25	211	128	129
25	212	142	143
25	213	151	152
25	214	107	108
25	215	72	73
25	216	122	123
25	217	120	121
25	218	279	280
25	219	357	358
25	220	196	197
25	221	113	114
25	222	0	0
25	223	0	0
25	224	133	134
25	225	77	78
25	226	467	468
25	227	457	458
25	228	172	173
25	229	0	0
25	230	0	0
25	231	196	197
25	232	288	289
25	233	377	378
25	234	164	165
25	235	34	163
25	236	294	295
25	237	243	244
25	238	148	149
25	239	66	67
25	240	319	320
25	241	420	421
25	242	226	227
25	243	0	0
25	244	0	0
25	245	276	277
25	246	261	262
25	247	0	0
25	248	0	0
25	249	148	149
25	250	34	163
25	251	164	165
25	252	0	0
25	253	0	0
25	254	247	248
25	255	189	190
25	256	196	197
25	257	0	0
25	258	0	0
25	259	338	339
25	260	403	404
25	261	494	495
25	262	0	0
25	263	236	237
25	264	179	180
25	265	0	0
25	266	0	0
25	267	104	105
25	268	126	127
25	269	192	193
25	270	142	143
25	271	400	401
25	272	0	0
25	273	151	152
25	274	100	101
25	275	271	272
25	276	486	487
25	277	472	473
25	278	155	156
25	279	0	0
25	280	0	0
25	281	172	173
25	282	444	445
25	283	0	0
25	284	259	260
25	285	192	193
25	286	240	241
25	287	252	253
25	288	0	0
25	289	0	0
25	290	322	323
25	291	0	0
25	292	185	186
25	293	204	205
25	294	0	0
25	295	0	0
25	296	0	0
25	297	0	0
25	298	296	297
25	299	226	227
25	300	469	470
25	301	386	387
25	302	187	188
25	303	155	156
25	304	204	205
25	305	265	266
25	306	222	223
25	307	257	258
25	308	348	349
25	309	437	438
25	310	232	233
25	311	0	0
25	312	0	0
25	313	247	248
25	314	52	53
25	315	192	193
25	316	247	248
25	317	56	57
25	318	179	180
25	319	442	443
25	320	328	329
25	321	222	223
25	322	0	0
25	323	0	0
25	324	122	123
25	325	181	182
25	326	200	201
25	327	218	219
25	328	0	0
25	329	0	0
25	330	218	219
25	331	259	260
25	332	100	101
25	333	0	0
25	334	0	0
25	335	218	219
25	336	261	262
25	337	34	163
25	338	0	0
25	339	0	0
25	340	0	0
25	341	360	361
25	342	151	152
25	343	181	182
25	344	340	341
25	345	229	230
25	346	259	260
25	347	226	227
25	348	0	0
25	349	0	0
25	350	107	108
25	351	0	0
25	352	0	0
25	353	282	283
25	354	170	171
25	355	209	210
25	356	311	312
25	357	0	0
25	358	0	0
25	359	243	244
25	360	372	373
25	361	425	426
25	362	240	241
25	363	170	171
25	364	236	237
25	365	252	253
25	366	288	289
25	367	236	237
25	368	261	262
25	369	319	320
25	370	322	323
25	371	245	246
25	372	0	0
25	373	0	0
25	374	288	289
25	375	113	114
25	376	209	210
25	377	0	0
25	378	0	0
25	379	185	186
25	380	296	297
25	381	377	378
25	382	0	0
25	383	0	0
25	384	194	195
25	385	187	188
25	386	0	0
25	387	0	0
25	388	0	0
25	389	0	0
25	390	348	349
25	391	200	201
25	392	261	262
25	393	288	289
25	394	229	230
25	395	240	241
25	396	300	301
25	397	0	0
25	398	0	0
25	399	257	258
25	400	0	0
25	401	0	0
25	402	357	358
25	403	0	0
25	404	0	0
25	405	189	190
25	406	311	312
25	407	340	341
25	408	243	244
25	409	372	373
25	410	357	358
25	411	0	0
25	412	0	0
25	413	282	283
25	414	243	244
25	415	319	320
25	416	0	0
25	417	0	0
25	418	294	295
25	419	400	401
25	420	0	0
25	421	0	0
25	422	403	404
25	423	66	67
25	424	83	84
25	425	0	0
25	426	0	0
25	427	420	421
25	428	338	339
25	429	357	358
25	430	222	223
25	431	265	266
25	432	282	283
25	433	245	246
25	434	333	334
25	435	308	309
25	436	319	320
25	437	0	0
25	438	0	0
25	439	425	426
25	440	294	295
25	441	411	412
25	442	0	0
25	443	0	0
25	444	0	0
25	445	0	0
25	446	382	383
25	447	290	291
25	448	437	438
25	449	372	373
25	450	181	182
25	451	308	309
25	452	232	233
25	453	386	387
25	454	388	389
25	455	179	180
25	456	100	101
25	457	0	0
25	458	480	481
25	459	0	0
25	460	0	0
25	461	229	230
25	462	360	361
25	463	403	404
25	464	386	387
25	465	209	210
25	466	107	108
25	467	0	0
25	468	0	0
25	469	0	0
25	470	0	0
25	471	294	295
25	472	0	0
25	473	0	0
25	474	457	458
25	475	300	301
25	476	400	401
25	477	0	0
25	478	0	0
25	479	469	470
25	480	0	0
25	481	0	0
25	482	271	272
25	483	477	478
25	484	425	426
25	485	257	258
25	486	0	0
25	487	0	0
25	488	420	421
25	489	252	253
25	490	442	443
25	491	388	389
25	492	480	481
25	493	472	473
25	494	0	0
25	495	0	0
25	496	467	468
25	497	338	339
25	498	300	301
25	499	194	195
25	500	397	398
