14	1	0	0
14	2	1	3
14	3	0	0
14	4	1	3
14	5	2	6
14	6	10	11
14	7	2	6
14	8	1	3
14	9	1	3
14	10	0	0
14	11	0	0
14	12	10	11
14	13	10	11
14	14	2	6
14	15	2	6
14	16	10	11
14	17	5	18
14	18	23	24
14	19	5	18
14	20	5	18
14	21	17	22
14	22	33	34
14	23	26	27
14	24	77	78
14	25	17	22
14	26	0	0
14	27	0	0
14	28	5	18
14	29	17	22
14	30	17	22
14	31	23	24
14	32	23	24
14	33	41	42
14	34	36	37
14	35	23	24
14	36	54	55
14	37	52	53
14	38	21	39
14	39	60	61
14	40	26	27
14	41	47	48
14	42	88	89
14	43	41	42
14	44	33	34
14	45	21	39
14	46	36	37
14	47	0	0
14	48	0	0
14	49	41	42
14	50	41	42
14	51	21	39
14	52	0	0
14	53	0	0
14	54	0	0
14	55	0	0
14	56	52	53
14	57	47	48
14	58	26	27
14	59	52	53
14	60	100	101
14	61	72	73
14	62	21	39
14	63	38	64
14	64	90	91
14	65	60	61
14	66	26	27
14	67	60	61
14	68	38	64
14	69	33	34
14	70	54	55
14	71	60	61
14	72	75	76
14	73	79	80
14	74	47	48
14	75	146	147
14	76	95	96
14	77	0	0
14	78	0	0
14	79	86	87
14	80	82	83
14	81	47	48
14	82	0	0
14	83	0	0
14	84	52	53
14	85	72	73
14	86	0	0
14	87	0	0
14	88	0	0
14	89	0	0
14	90	170	171
14	91	124	125
14	92	75	76
14	93	72	73
14	94	77	78
14	95	0	0
14	96	0	0
14	97	75	76
14	98	95	96
14	99	95	96
14	100	122	123
14	101	104	105
14	102	86	87
14	103	86	87
14	104	181	182
14	105	0	0
14	106	36	37
14	107	88	89
14	108	72	73
14	109	88	89
14	110	82	83
14	111	79	80
14	112	86	87
14	113	100	101
14	114	77	78
14	115	82	83
14	116	82	83
14	117	95	96
14	118	100	101
14	119	104	105
14	120	77	78
14	121	104	105
14	122	189	190
14	123	139	140
14	124	126	127
14	125	179	180
14	126	130	131
14	127	128	129
14	128	159	160
14	129	136	137
14	130	162	163
14	131	152	153
14	132	90	91
14	133	128	129
14	134	33	34
14	135	75	76
14	136	0	0
14	137	0	0
14	138	128	129
14	139	0	0
14	140	0	0
14	141	79	80
14	142	54	55
14	143	88	89
14	144	100	101
14	145	38	64
14	146	0	0
14	147	0	0
14	148	124	125
14	149	122	123
14	150	128	129
14	151	146	147
14	152	0	0
14	153	0	0
14	154	104	105
14	155	90	91
14	156	38	64
14	157	122	123
14	158	122	123
14	159	0	0
14	160	0	0
14	161	146	147
14	162	0	0
14	163	0	0
14	164	79	80
14	165	139	140
14	166	130	131
14	167	159	160
14	168	126	127
14	169	136	137
14	170	234	235
14	171	207	208
14	172	162	163
14	173	159	160
14	174	90	91
14	175	139	140
14	176	136	137
14	177	159	160
14	178	124	125
14	179	196	197
14	180	213	214
14	181	0	0
14	182	0	0
14	183	136	137
14	184	139	140
14	185	170	171
14	186	146	147
14	187	181	182
14	188	54	55
14	189	0	0
14	190	0	0
14	191	181	182
14	192	124	125
14	193	162	163
14	194	126	127
14	195	130	131
14	196	231	232
14	197	198	199
14	198	0	0
14	199	0	0
14	200	189	190
14	201	198	199
14	202	170	171
14	203	126	127
14	204	181	182
14	205	170	171
14	206	179	180
14	207	239	240
14	208	210	211
14	209	152	153
14	210	245	246
14	211	221	222
14	212	162	163
14	213	0	0
14	214	224	225
14	215	152	153
14	216	196	197
14	217	210	211
14	218	130	131
14	219	36	37
14	220	189	190
14	221	0	0
14	222	0	0
14	223	189	190
14	224	0	0
14	225	0	0
14	226	152	153
14	227	63	228
14	228	229	230
14	229	288	289
14	230	256	257
14	231	0	0
14	232	0	0
14	233	207	208
14	234	0	0
14	235	281	282
14	236	63	228
14	237	213	214
14	238	207	208
14	239	268	269
14	240	250	251
14	241	179	180
14	242	213	214
14	243	210	211
14	244	229	230
14	245	0	0
14	246	0	0
14	247	63	228
14	248	179	180
14	249	245	246
14	250	0	0
14	251	0	0
14	252	245	246
14	253	213	214
14	254	63	228
14	255	229	230
14	256	0	0
14	257	260	261
14	258	256	257
14	259	245	246
14	260	265	266
14	261	275	276
14	262	234	235
14	263	231	232
14	264	260	261
14	265	0	0
14	266	272	273
14	267	239	240
14	268	0	0
14	269	0	0
14	270	210	211
14	271	221	222
14	272	0	0
14	273	0	0
14	274	229	230
14	275	0	0
14	276	0	0
14	277	224	225
14	278	260	261
14	279	268	269
14	280	224	225
14	281	290	291
14	282	0	0
14	283	224	225
14	284	239	240
14	285	239	240
14	286	260	261
14	287	221	222
14	288	294	295
14	289	0	0
14	290	0	0
14	291	0	0
14	292	272	273
14	293	290	291
14	294	0	0
14	295	0	0
14	296	196	197
14	297	227	298
14	298	0	0
14	299	288	289
14	300	294	295
