31	1	0	0
31	2	1	3
31	3	0	0
31	4	2	5
31	5	44	45
31	6	4	7
31	7	21	22
31	8	1	3
31	9	1	3
31	10	6	11
31	11	15	16
31	12	10	13
31	13	32	33
31	14	6	11
31	15	17	18
31	16	92	93
31	17	26	27
31	18	34	35
31	19	10	13
31	20	17	18
31	21	46	47
31	22	125	126
31	23	4	7
31	24	2	5
31	25	21	22
31	26	0	0
31	27	0	0
31	28	15	16
31	29	6	11
31	30	17	18
31	31	4	7
31	32	104	105
31	33	56	57
31	34	0	0
31	35	0	0
31	36	12	37
31	37	39	40
31	38	4	7
31	39	100	101
31	40	118	119
31	41	21	22
31	42	26	27
31	43	17	18
31	44	0	0
31	45	0	0
31	46	0	0
31	47	0	0
31	48	2	5
31	49	39	40
31	50	32	33
31	51	44	45
31	52	32	33
31	53	21	22
31	54	44	45
31	55	34	35
31	56	72	73
31	57	70	71
31	58	15	16
31	59	26	27
31	60	26	27
31	61	56	57
31	62	36	63
31	63	85	86
31	64	34	35
31	65	36	63
31	66	6	11
31	67	1	3
31	68	12	37
31	69	2	5
31	70	127	128
31	71	209	210
31	72	162	163
31	73	224	225
31	74	34	35
31	75	12	37
31	76	15	16
31	77	32	33
31	78	72	73
31	79	36	63
31	80	72	73
31	81	70	71
31	82	56	57
31	83	62	84
31	84	504	505
31	85	252	253
31	86	130	131
31	87	46	47
31	88	70	71
31	89	36	63
31	90	62	84
31	91	12	37
31	92	96	97
31	93	140	141
31	94	44	45
31	95	39	40
31	96	0	0
31	97	0	0
31	98	39	40
31	99	92	93
31	100	121	122
31	101	123	124
31	102	72	73
31	103	62	84
31	104	106	107
31	105	431	432
31	106	189	190
31	107	366	367
31	108	83	109
31	109	110	111
31	110	449	450
31	111	250	251
31	112	106	107
31	113	85	86
31	114	62	84
31	115	85	86
31	116	104	105
31	117	110	111
31	118	177	178
31	119	345	346
31	120	100	101
31	121	179	180
31	122	135	136
31	123	335	336
31	124	132	133
31	125	0	0
31	126	0	0
31	127	0	0
31	128	0	0
31	129	46	47
31	130	156	157
31	131	260	261
31	132	151	152
31	133	159	160
31	134	127	128
31	135	235	236
31	136	170	171
31	137	85	86
31	138	100	101
31	139	132	133
31	140	0	0
31	141	0	0
31	142	46	47
31	143	83	109
31	144	140	141
31	145	56	57
31	146	10	13
31	147	121	122
31	148	127	128
31	149	121	122
31	150	96	97
31	151	0	0
31	152	0	0
31	153	118	119
31	154	135	136
31	155	125	126
31	156	174	175
31	157	337	338
31	158	140	141
31	159	0	0
31	160	0	0
31	161	96	97
31	162	0	0
31	163	0	0
31	164	83	109
31	165	159	160
31	166	100	101
31	167	83	109
31	168	156	157
31	169	70	71
31	170	0	0
31	171	0	0
31	172	125	126
31	173	10	13
31	174	271	272
31	175	211	212
31	176	132	133
31	177	195	196
31	178	183	184
31	179	214	215
31	180	207	208
31	181	106	107
31	182	151	152
31	183	193	194
31	184	495	496
31	185	170	171
31	186	96	97
31	187	125	126
31	188	132	133
31	189	0	0
31	190	0	0
31	191	92	93
31	192	177	178
31	193	0	0
31	194	0	0
31	195	222	223
31	196	205	206
31	197	195	196
31	198	183	184
31	199	177	178
31	200	189	190
31	201	135	136
31	202	92	93
31	203	123	124
31	204	174	175
31	205	0	0
31	206	0	0
31	207	0	0
31	208	0	0
31	209	0	0
31	210	0	0
31	211	218	219
31	212	226	227
31	213	110	111
31	214	0	0
31	215	0	0
31	216	162	163
31	217	207	208
31	218	0	0
31	219	0	0
31	220	179	180
31	221	127	128
31	222	0	0
31	223	0	0
31	224	0	0
31	225	0	0
31	226	0	0
31	227	0	0
31	228	104	105
31	229	211	212
31	230	226	227
31	231	170	171
31	232	218	219
31	233	121	122
31	234	123	124
31	235	0	0
31	236	0	0
31	237	235	236
31	238	170	171
31	239	104	105
31	240	189	190
31	241	207	208
31	242	226	227
31	243	189	190
31	244	108	245
31	245	501	502
31	246	179	180
31	247	218	219
31	248	205	206
31	249	207	208
31	250	256	257
31	251	369	370
31	252	288	289
31	253	696	697
31	254	151	152
31	255	226	227
31	256	282	283
31	257	463	464
31	258	177	178
31	259	183	184
31	260	327	328
31	261	264	265
31	262	195	196
31	263	108	245
31	264	306	307
31	265	332	333
31	266	209	210
31	267	209	210
31	268	179	180
31	269	224	225
31	270	211	212
31	271	413	414
31	272	300	301
31	273	235	236
31	274	205	206
31	275	218	219
31	276	110	111
31	277	130	131
31	278	250	251
31	279	209	210
31	280	205	206
31	281	195	196
31	282	292	293
31	283	311	312
31	284	151	152
31	285	271	272
31	286	118	119
31	287	214	215
31	288	655	656
31	289	363	364
31	290	256	257
31	291	214	215
31	292	377	378
31	293	323	324
31	294	224	225
31	295	282	283
31	296	183	184
31	297	222	223
31	298	214	215
31	299	282	283
31	300	0	0
31	301	0	0
31	302	222	223
31	303	271	272
31	304	140	141
31	305	292	293
31	306	309	310
31	307	0	0
31	308	159	160
31	309	0	0
31	310	0	0
31	311	317	318
31	312	596	597
31	313	252	253
31	314	108	245
31	315	271	272
31	316	235	236
31	317	472	473
31	318	661	662
31	319	311	312
31	320	162	163
31	321	174	175
31	322	162	163
31	323	735	736
31	324	391	392
31	325	306	307
31	326	317	318
31	327	457	458
31	328	465	466
31	329	193	194
31	330	309	310
31	331	306	307
31	332	0	0
31	333	357	358
31	334	174	175
31	335	348	349
31	336	385	386
31	337	340	341
31	338	579	580
31	339	292	293
31	340	355	356
31	341	400	401
31	342	224	225
31	343	108	245
31	344	130	131
31	345	375	376
31	346	416	417
31	347	332	333
31	348	0	0
31	349	0	0
31	350	292	293
31	351	118	119
31	352	135	136
31	353	323	324
31	354	193	194
31	355	0	0
31	356	0	0
31	357	0	0
31	358	0	0
31	359	311	312
31	360	348	349
31	361	300	301
31	362	252	253
31	363	445	446
31	364	428	429
31	365	332	333
31	366	0	0
31	367	0	0
31	368	123	124
31	369	591	592
31	370	434	435
31	371	222	223
31	372	159	160
31	373	369	370
31	374	211	212
31	375	598	599
31	376	388	389
31	377	537	538
31	378	402	403
31	379	130	131
31	380	375	376
31	381	306	307
31	382	244	383
31	383	773	774
31	384	357	358
31	385	0	0
31	386	0	0
31	387	244	383
31	388	0	0
31	389	0	0
31	390	260	261
31	391	426	427
31	392	497	498
31	393	323	324
31	394	252	253
31	395	377	378
31	396	193	194
31	397	335	336
31	398	375	376
31	399	366	367
31	400	0	0
31	401	0	0
31	402	0	0
31	403	404	405
31	404	0	0
31	405	0	0
31	406	335	336
31	407	348	349
31	408	340	341
31	409	282	283
31	410	369	370
31	411	264	265
31	412	300	301
31	413	0	0
31	414	0	0
31	415	402	403
31	416	436	437
31	417	629	630
31	418	357	358
31	419	400	401
31	420	357	358
31	421	348	349
31	422	244	383
31	423	355	356
31	424	375	376
31	425	264	265
31	426	0	0
31	427	0	0
31	428	528	529
31	429	459	460
31	430	385	386
31	431	439	440
31	432	854	855
31	433	332	333
31	434	461	462
31	435	625	626
31	436	0	0
31	437	0	0
31	438	244	383
31	439	0	0
31	440	0	0
31	441	369	370
31	442	256	257
31	443	388	389
31	444	106	107
31	445	526	527
31	446	467	468
31	447	382	448
31	448	508	509
31	449	704	705
31	450	482	483
31	451	355	356
31	452	363	364
31	453	404	405
31	454	400	401
31	455	156	157
31	456	250	251
31	457	587	588
31	458	576	577
31	459	0	0
31	460	0	0
31	461	478	479
31	462	634	635
31	463	552	553
31	464	480	481
31	465	701	702
31	466	569	570
31	467	0	0
31	468	0	0
31	469	260	261
31	470	337	338
31	471	264	265
31	472	544	545
31	473	0	0
31	474	413	414
31	475	445	446
31	476	335	336
31	477	377	378
31	478	631	632
31	479	532	533
31	480	608	609
31	481	782	783
31	482	0	0
31	483	564	565
31	484	467	468
31	485	465	466
31	486	482	483
31	487	480	481
31	488	434	435
31	489	256	257
31	490	377	378
31	491	439	440
31	492	426	427
31	493	478	479
31	494	345	346
31	495	0	0
31	496	0	0
31	497	0	0
31	498	0	0
31	499	388	389
31	500	431	432
31	501	555	556
31	502	752	753
31	503	355	356
31	504	767	768
31	505	550	551
31	506	449	450
31	507	391	392
31	508	0	0
31	509	678	679
31	510	434	435
31	511	426	427
31	512	413	414
31	513	434	435
31	514	482	483
31	515	478	479
31	516	457	458
31	517	447	518
31	518	583	584
31	519	461	462
31	520	428	429
31	521	482	483
31	522	250	251
31	523	288	289
31	524	517	525
31	525	542	543
31	526	0	0
31	527	0	0
31	528	0	0
31	529	0	0
31	530	445	446
31	531	156	157
31	532	706	707
31	533	612	613
31	534	478	479
31	535	528	529
31	536	528	529
31	537	642	643
31	538	0	0
31	539	385	386
31	540	260	261
31	541	363	364
31	542	864	865
31	543	0	0
31	544	0	0
31	545	0	0
31	546	300	301
31	547	428	429
31	548	480	481
31	549	413	414
31	550	640	641
31	551	835	836
31	552	0	0
31	553	615	616
31	554	439	440
31	555	0	0
31	556	916	917
31	557	436	437
31	558	416	417
31	559	524	560
31	560	621	622
31	561	426	427
31	562	323	324
31	563	400	401
31	564	850	851
31	565	650	651
31	566	524	560
31	567	537	538
31	568	532	533
31	569	0	0
31	570	0	0
31	571	340	341
31	572	550	551
31	573	366	367
31	574	508	509
31	575	447	518
31	576	0	0
31	577	0	0
31	578	576	577
31	579	788	789
31	580	750	751
31	581	555	556
31	582	524	560
31	583	733	734
31	584	594	595
31	585	345	346
31	586	544	545
31	587	0	0
31	588	0	0
31	589	382	448
31	590	555	556
31	591	0	0
31	592	710	711
31	593	537	538
31	594	714	715
31	595	693	694
31	596	0	0
31	597	675	676
31	598	0	0
31	599	0	0
31	600	524	560
31	601	288	289
31	602	340	341
31	603	416	417
31	604	598	599
31	605	508	509
31	606	439	440
31	607	337	338
31	608	0	0
31	609	743	744
31	610	317	318
31	611	504	505
31	612	0	0
31	613	0	0
31	614	465	466
31	615	659	660
31	616	0	0
31	617	608	609
31	618	537	538
31	619	544	545
31	620	309	310
31	621	0	0
31	622	811	812
31	623	598	599
31	624	428	429
31	625	874	875
31	626	0	0
31	627	495	496
31	628	591	592
31	629	0	0
31	630	0	0
31	631	808	809
31	632	686	687
31	633	612	613
31	634	670	671
31	635	0	0
31	636	569	570
31	637	526	527
31	638	467	468
31	639	564	565
31	640	902	903
31	641	852	853
31	642	0	0
31	643	0	0
31	644	431	432
31	645	587	588
31	646	445	446
31	647	629	630
31	648	459	460
31	649	382	448
31	650	843	844
31	651	805	806
31	652	311	312
31	653	472	473
31	654	542	543
31	655	0	0
31	656	819	820
31	657	576	577
31	658	382	448
31	659	667	668
31	660	684	685
31	661	0	0
31	662	665	666
31	663	416	417
31	664	579	580
31	665	0	0
31	666	0	0
31	667	0	0
31	668	0	0
31	669	436	437
31	670	689	690
31	671	936	937
31	672	579	580
31	673	501	502
31	674	366	367
31	675	0	0
31	676	837	838
31	677	634	635
31	678	984	985
31	679	871	872
31	680	457	458
31	681	449	450
31	682	517	525
31	683	337	338
31	684	0	0
31	685	0	0
31	686	0	0
31	687	0	0
31	688	615	616
31	689	0	0
31	690	0	0
31	691	615	616
31	692	615	616
31	693	755	756
31	694	0	0
31	695	385	386
31	696	737	738
31	697	759	760
31	698	696	697
31	699	594	595
31	700	696	697
31	701	0	0
31	702	0	0
31	703	544	545
31	704	723	724
31	705	719	720
31	706	0	0
31	707	0	0
31	708	504	505
31	709	569	570
31	710	0	0
31	711	974	975
31	712	317	318
31	713	701	702
31	714	0	0
31	715	928	929
31	716	463	464
31	717	704	705
31	718	542	543
31	719	943	944
31	720	791	792
31	721	719	720
31	722	710	711
31	723	969	970
31	724	725	726
31	725	923	924
31	726	728	729
31	727	629	630
31	728	0	0
31	729	745	746
31	730	532	533
31	731	388	389
31	732	391	392
31	733	0	0
31	734	0	0
31	735	960	961
31	736	956	957
31	737	0	0
31	738	0	0
31	739	564	565
31	740	559	741
31	741	796	797
31	742	719	720
31	743	0	0
31	744	839	840
31	745	914	915
31	746	0	0
31	747	631	632
31	748	465	466
31	749	650	651
31	750	0	0
31	751	0	0
31	752	958	959
31	753	779	780
31	754	670	671
31	755	848	849
31	756	888	889
31	757	728	729
31	758	710	711
31	759	0	0
31	760	0	0
31	761	528	529
31	762	625	626
31	763	552	553
31	764	759	760
31	765	743	744
31	766	640	641
31	767	0	0
31	768	857	858
31	769	689	690
31	770	737	738
31	771	501	502
31	772	327	328
31	773	784	785
31	774	830	831
31	775	642	643
31	776	725	726
31	777	608	609
31	778	723	724
31	779	0	0
31	780	828	829
31	781	463	464
31	782	0	0
31	783	841	842
31	784	0	0
31	785	0	0
31	786	631	632
31	787	714	715
31	788	0	0
31	789	0	0
31	790	480	481
31	791	793	794
31	792	900	901
31	793	0	0
31	794	885	886
31	795	733	734
31	796	0	0
31	797	0	0
31	798	737	738
31	799	569	570
31	800	587	588
31	801	640	641
31	802	740	803
31	803	0	0
31	804	686	687
31	805	0	0
31	806	0	0
31	807	805	806
31	808	0	0
31	809	0	0
31	810	472	473
31	811	0	0
31	812	0	0
31	813	733	734
31	814	684	685
31	815	621	622
31	816	598	599
31	817	532	533
31	818	725	726
31	819	0	0
31	820	945	946
31	821	501	502
31	822	634	635
31	823	675	676
31	824	640	641
31	825	655	656
31	826	767	768
31	827	591	592
31	828	0	0
31	829	0	0
31	830	0	0
31	831	0	0
31	832	670	671
31	833	686	687
31	834	788	789
31	835	977	978
31	836	947	948
31	837	0	0
31	838	0	0
31	839	0	0
31	840	0	0
31	841	0	0
31	842	893	894
31	843	982	983
31	844	0	0
31	845	459	460
31	846	755	756
31	847	625	626
31	848	0	0
31	849	0	0
31	850	996	997
31	851	0	0
31	852	931	932
31	853	912	913
31	854	0	0
31	855	0	0
31	856	542	543
31	857	0	0
31	858	0	0
31	859	704	705
31	860	497	498
31	861	750	751
31	862	621	622
31	863	719	720
31	864	988	989
31	865	0	0
31	866	773	774
31	867	854	855
31	868	449	450
31	869	517	525
31	870	629	630
31	871	0	0
31	872	0	0
31	873	612	613
31	874	0	0
31	875	0	0
31	876	576	577
31	877	830	831
31	878	665	666
31	879	819	820
31	880	550	551
31	881	830	831
31	882	667	668
31	883	461	462
31	884	670	671
31	885	0	0
31	886	0	0
31	887	811	812
31	888	964	965
31	889	0	0
31	890	467	468
31	891	852	853
31	892	497	498
31	893	0	0
31	894	0	0
31	895	612	613
31	896	791	792
31	897	461	462
31	898	497	498
31	899	327	328
31	900	0	0
31	901	951	952
31	902	0	0
31	903	0	0
31	904	850	851
31	905	608	609
31	906	634	635
31	907	740	803
31	908	710	711
31	909	805	806
31	910	782	783
31	911	675	676
31	912	998	999
31	913	0	0
31	914	0	0
31	915	0	0
31	916	0	0
31	917	0	0
31	918	596	597
31	919	404	405
31	920	750	751
31	921	733	734
31	922	839	840
31	923	0	0
31	924	0	0
31	925	621	622
31	926	684	685
31	927	828	829
31	928	0	0
31	929	0	0
31	930	625	626
31	931	0	0
31	932	0	0
31	933	431	432
31	934	728	729
31	935	309	310
31	936	0	0
31	937	0	0
31	938	404	405
31	939	723	724
31	940	391	392
31	941	552	553
31	942	463	464
31	943	0	0
31	944	0	0
31	945	0	0
31	946	0	0
31	947	0	0
31	948	0	0
31	949	784	785
31	950	805	806
31	951	0	0
31	952	0	0
31	953	852	853
31	954	701	702
31	955	951	952
31	956	0	0
31	957	0	0
31	958	0	0
31	959	0	0
31	960	0	0
31	961	0	0
31	962	650	651
31	963	564	565
31	964	0	0
31	965	0	0
31	966	782	783
31	967	689	690
31	968	871	872
31	969	0	0
31	970	0	0
31	971	788	789
31	972	916	917
31	973	706	707
31	974	0	0
31	975	0	0
31	976	871	872
31	977	0	0
31	978	0	0
31	979	675	676
31	980	725	726
31	981	857	858
31	982	0	0
31	983	0	0
31	984	0	0
31	985	0	0
31	986	837	838
31	987	871	872
31	988	0	0
31	989	0	0
31	990	755	756
31	991	526	527
31	992	743	744
31	993	841	842
31	994	916	917
31	995	504	505
31	996	0	0
31	997	0	0
31	998	0	0
31	999	0	0
31	1000	864	865
