17	1	0	0
17	2	1	3
17	3	0	0
17	4	1	3
17	5	2	6
17	6	7	8
17	7	0	0
17	8	0	0
17	9	1	3
17	10	5	11
17	11	14	15
17	12	1	3
17	13	5	11
17	14	23	24
17	15	28	29
17	16	7	8
17	17	10	18
17	18	73	74
17	19	10	18
17	20	7	8
17	21	5	11
17	22	10	18
17	23	0	0
17	24	0	0
17	25	23	24
17	26	14	15
17	27	2	6
17	28	0	0
17	29	0	0
17	30	2	6
17	31	10	18
17	32	17	33
17	33	70	71
17	34	23	24
17	35	32	36
17	36	58	59
17	37	17	33
17	38	14	15
17	39	32	36
17	40	7	8
17	41	17	33
17	42	28	29
17	43	14	15
17	44	5	11
17	45	28	29
17	46	23	24
17	47	17	33
17	48	32	36
17	49	2	6
17	50	28	29
17	51	35	52
17	52	54	55
17	53	35	52
17	54	199	200
17	55	68	69
17	56	51	57
17	57	60	61
17	58	63	64
17	59	128	129
17	60	211	212
17	61	76	77
17	62	51	57
17	63	88	89
17	64	570	571
17	65	60	61
17	66	60	61
17	67	63	64
17	68	219	220
17	69	109	110
17	70	107	108
17	71	178	179
17	72	51	57
17	73	298	299
17	74	83	84
17	75	58	59
17	76	97	98
17	77	105	106
17	78	54	55
17	79	35	52
17	80	56	81
17	81	90	91
17	82	68	69
17	83	93	94
17	84	228	229
17	85	83	84
17	86	56	81
17	87	68	69
17	88	317	318
17	89	115	116
17	90	294	295
17	91	216	217
17	92	51	57
17	93	0	0
17	94	0	0
17	95	63	64
17	96	90	91
17	97	100	101
17	98	268	269
17	99	88	89
17	100	213	214
17	101	139	140
17	102	63	64
17	103	58	59
17	104	35	52
17	105	257	258
17	106	117	118
17	107	162	163
17	108	121	122
17	109	237	238
17	110	472	473
17	111	80	112
17	112	170	171
17	113	107	108
17	114	109	110
17	115	173	174
17	116	123	124
17	117	143	144
17	118	130	131
17	119	83	84
17	120	32	36
17	121	158	159
17	122	417	418
17	123	0	0
17	124	0	0
17	125	105	106
17	126	100	101
17	127	83	84
17	128	186	187
17	129	0	0
17	130	322	323
17	131	0	0
17	132	93	94
17	133	130	131
17	134	107	108
17	135	76	77
17	136	68	69
17	137	80	112
17	138	70	71
17	139	154	155
17	140	194	195
17	141	117	118
17	142	76	77
17	143	146	147
17	144	148	149
17	145	90	91
17	146	166	167
17	147	450	451
17	148	560	561
17	149	629	630
17	150	70	71
17	151	70	71
17	152	90	91
17	153	88	89
17	154	188	189
17	155	366	367
17	156	117	118
17	157	107	108
17	158	0	0
17	159	0	0
17	160	109	110
17	161	100	101
17	162	947	948
17	163	711	712
17	164	123	124
17	165	109	110
17	166	0	0
17	167	0	0
17	168	121	122
17	169	162	163
17	170	175	176
17	171	180	181
17	172	128	129
17	173	0	0
17	174	0	0
17	175	0	0
17	176	197	198
17	177	162	163
17	178	0	0
17	179	453	454
17	180	190	191
17	181	381	382
17	182	121	122
17	183	105	106
17	184	93	94
17	185	80	112
17	186	246	247
17	187	374	375
17	188	0	0
17	189	0	0
17	190	315	316
17	191	266	267
17	192	146	147
17	193	154	155
17	194	244	245
17	195	230	231
17	196	190	191
17	197	205	206
17	198	239	240
17	199	285	286
17	200	610	611
17	201	117	118
17	202	162	163
17	203	158	159
17	204	180	181
17	205	311	312
17	206	345	346
17	207	166	167
17	208	170	171
17	209	197	198
17	210	105	106
17	211	223	224
17	212	461	462
17	213	277	278
17	214	689	690
17	215	148	149
17	216	356	357
17	217	388	389
17	218	115	116
17	219	292	293
17	220	272	273
17	221	194	195
17	222	146	147
17	223	324	325
17	224	614	615
17	225	211	212
17	226	60	61
17	227	146	147
17	228	0	0
17	229	0	0
17	230	0	0
17	231	0	0
17	232	223	224
17	233	111	234
17	234	350	351
17	235	54	55
17	236	166	167
17	237	242	243
17	238	499	500
17	239	409	410
17	240	0	0
17	241	143	144
17	242	260	261
17	243	354	355
17	244	0	0
17	245	0	0
17	246	248	249
17	247	470	471
17	248	0	0
17	249	0	0
17	250	115	116
17	251	93	94
17	252	76	77
17	253	128	129
17	254	170	171
17	255	230	231
17	256	242	243
17	257	431	432
17	258	368	369
17	259	80	112
17	260	0	0
17	261	0	0
17	262	128	129
17	263	205	206
17	264	121	122
17	265	154	155
17	266	307	308
17	267	480	481
17	268	400	401
17	269	549	550
17	270	186	187
17	271	170	171
17	272	290	291
17	273	435	436
17	274	228	229
17	275	205	206
17	276	58	59
17	277	0	0
17	278	875	876
17	279	219	220
17	280	233	281
17	281	337	338
17	282	272	273
17	283	88	89
17	284	130	131
17	285	646	647
17	286	803	804
17	287	115	116
17	288	158	159
17	289	175	176
17	290	403	404
17	291	482	483
17	292	0	0
17	293	648	649
17	294	597	598
17	295	457	458
17	296	213	214
17	297	148	149
17	298	397	398
17	299	455	456
17	300	199	200
17	301	154	155
17	302	186	187
17	303	111	234
17	304	166	167
17	305	280	306
17	306	532	533
17	307	477	478
17	308	326	327
17	309	211	212
17	310	186	187
17	311	413	414
17	312	638	639
17	313	56	81
17	314	56	81
17	315	539	540
17	316	341	342
17	317	395	396
17	318	514	515
17	319	305	320
17	320	0	0
17	321	130	131
17	322	390	391
17	323	566	567
17	324	522	523
17	325	335	336
17	326	507	508
17	327	464	465
17	328	326	327
17	329	158	159
17	330	260	261
17	331	260	261
17	332	317	318
17	333	54	55
17	334	216	217
17	335	0	0
17	336	605	606
17	337	362	363
17	338	352	353
17	339	337	338
17	340	290	291
17	341	0	0
17	342	617	618
17	343	233	281
17	344	199	200
17	345	438	439
17	346	918	919
17	347	305	320
17	348	272	273
17	349	219	220
17	350	0	0
17	351	920	921
17	352	594	595
17	353	659	660
17	354	0	0
17	355	0	0
17	356	627	628
17	357	745	746
17	358	266	267
17	359	242	243
17	360	223	224
17	361	223	224
17	362	467	468
17	363	650	651
17	364	326	327
17	365	280	306
17	366	0	0
17	367	0	0
17	368	0	0
17	369	485	486
17	370	123	124
17	371	257	258
17	372	175	176
17	373	211	212
17	374	668	669
17	375	524	525
17	376	305	320
17	377	100	101
17	378	268	269
17	379	305	320
17	380	322	323
17	381	0	0
17	382	510	511
17	383	228	229
17	384	248	249
17	385	307	308
17	386	315	316
17	387	315	316
17	388	795	796
17	389	686	687
17	390	0	0
17	391	0	0
17	392	337	338
17	393	143	144
17	394	356	357
17	395	0	0
17	396	0	0
17	397	0	0
17	398	0	0
17	399	228	229
17	400	423	424
17	401	581	582
17	402	352	353
17	403	0	0
17	404	0	0
17	405	337	338
17	406	123	124
17	407	326	327
17	408	294	295
17	409	519	520
17	410	545	546
17	411	290	291
17	412	173	174
17	413	415	416
17	414	0	0
17	415	442	443
17	416	527	528
17	417	0	0
17	418	0	0
17	419	354	355
17	420	317	318
17	421	307	308
17	422	390	391
17	423	780	781
17	424	761	762
17	425	356	357
17	426	213	214
17	427	248	249
17	428	324	325
17	429	248	249
17	430	409	410
17	431	583	584
17	432	0	0
17	433	341	342
17	434	322	323
17	435	447	448
17	436	0	0
17	437	324	325
17	438	707	708
17	439	607	608
17	440	239	240
17	441	356	357
17	442	0	0
17	443	0	0
17	444	307	308
17	445	390	391
17	446	188	189
17	447	0	0
17	448	0	0
17	449	341	342
17	450	0	0
17	451	0	0
17	452	290	291
17	453	878	879
17	454	0	0
17	455	0	0
17	456	0	0
17	457	837	838
17	458	0	0
17	459	188	189
17	460	219	220
17	461	547	548
17	462	0	0
17	463	317	318
17	464	752	753
17	465	654	655
17	466	350	351
17	467	572	573
17	468	0	0
17	469	362	363
17	470	0	0
17	471	0	0
17	472	733	734
17	473	620	621
17	474	455	456
17	475	148	149
17	476	341	342
17	477	512	513
17	478	555	556
17	479	244	245
17	480	681	682
17	481	0	0
17	482	0	0
17	483	0	0
17	484	480	481
17	485	978	979
17	486	943	944
17	487	280	306
17	488	335	336
17	489	190	191
17	490	442	443
17	491	246	247
17	492	213	214
17	493	482	483
17	494	335	336
17	495	268	269
17	496	423	424
17	497	239	240
17	498	292	293
17	499	0	0
17	500	726	727
17	501	499	500
17	502	139	140
17	503	442	443
17	504	485	486
17	505	464	465
17	506	139	140
17	507	843	844
17	508	578	579
17	509	455	456
17	510	966	967
17	511	562	563
17	512	0	0
17	513	0	0
17	514	0	0
17	515	0	0
17	516	415	416
17	517	190	191
17	518	480	481
17	519	0	0
17	520	0	0
17	521	335	336
17	522	537	538
17	523	0	0
17	524	0	0
17	525	0	0
17	526	390	391
17	527	0	0
17	528	568	569
17	529	194	195
17	530	242	243
17	531	527	528
17	532	575	576
17	533	0	0
17	534	111	234
17	535	197	198
17	536	435	436
17	537	632	633
17	538	0	0
17	539	0	0
17	540	588	589
17	541	266	267
17	542	280	306
17	543	395	396
17	544	188	189
17	545	0	0
17	546	558	559
17	547	0	0
17	548	586	587
17	549	673	674
17	550	0	0
17	551	97	98
17	552	268	269
17	553	194	195
17	554	431	432
17	555	976	977
17	556	962	963
17	557	244	245
17	558	0	0
17	559	664	665
17	560	0	0
17	561	0	0
17	562	0	0
17	563	735	736
17	564	524	525
17	565	345	346
17	566	0	0
17	567	0	0
17	568	0	0
17	569	0	0
17	570	823	824
17	571	0	0
17	572	929	930
17	573	0	0
17	574	374	375
17	575	0	0
17	576	652	653
17	577	482	483
17	578	972	973
17	579	0	0
17	580	417	418
17	581	0	0
17	582	0	0
17	583	661	662
17	584	0	0
17	585	578	579
17	586	817	818
17	587	698	699
17	588	657	658
17	589	784	785
17	590	368	369
17	591	409	410
17	592	315	316
17	593	562	563
17	594	748	749
17	595	675	676
17	596	447	448
17	597	0	0
17	598	807	808
17	599	457	458
17	600	597	598
17	601	244	245
17	602	453	454
17	603	178	179
17	604	173	174
17	605	738	739
17	606	0	0
17	607	846	847
17	608	895	896
17	609	555	556
17	610	0	0
17	611	718	719
17	612	233	281
17	613	324	325
17	614	994	995
17	615	622	623
17	616	597	598
17	617	684	685
17	618	0	0
17	619	388	389
17	620	0	0
17	621	670	671
17	622	786	787
17	623	0	0
17	624	607	608
17	625	620	621
17	626	470	471
17	627	0	0
17	628	0	0
17	629	0	0
17	630	0	0
17	631	175	176
17	632	0	0
17	633	0	0
17	634	413	414
17	635	366	367
17	636	457	458
17	637	539	540
17	638	953	954
17	639	0	0
17	640	568	569
17	641	512	513
17	642	381	382
17	643	568	569
17	644	507	508
17	645	257	258
17	646	0	0
17	647	858	859
17	648	0	0
17	649	940	941
17	650	0	0
17	651	0	0
17	652	0	0
17	653	0	0
17	654	0	0
17	655	677	678
17	656	549	550
17	657	949	950
17	658	0	0
17	659	720	721
17	660	0	0
17	661	0	0
17	662	0	0
17	663	216	217
17	664	980	981
17	665	0	0
17	666	205	206
17	667	572	573
17	668	0	0
17	669	0	0
17	670	0	0
17	671	0	0
17	672	583	584
17	673	793	794
17	674	0	0
17	675	0	0
17	676	0	0
17	677	0	0
17	678	0	0
17	679	632	633
17	680	499	500
17	681	0	0
17	682	0	0
17	683	197	198
17	684	0	0
17	685	0	0
17	686	769	770
17	687	937	938
17	688	654	655
17	689	0	0
17	690	0	0
17	691	397	398
17	692	450	451
17	693	415	416
17	694	354	355
17	695	555	556
17	696	562	563
17	697	499	500
17	698	0	0
17	699	933	934
17	700	614	615
17	701	482	483
17	702	681	682
17	703	622	623
17	704	581	582
17	705	442	443
17	706	381	382
17	707	0	0
17	708	0	0
17	709	620	621
17	710	689	690
17	711	0	0
17	712	0	0
17	713	292	293
17	714	178	179
17	715	661	662
17	716	558	559
17	717	139	140
17	718	0	0
17	719	922	923
17	720	0	0
17	721	723	724
17	722	423	424
17	723	788	789
17	724	889	890
17	725	698	699
17	726	0	0
17	727	0	0
17	728	659	660
17	729	583	584
17	730	423	424
17	731	413	414
17	732	638	639
17	733	740	741
17	734	826	827
17	735	0	0
17	736	820	821
17	737	352	353
17	738	0	0
17	739	0	0
17	740	0	0
17	741	0	0
17	742	485	486
17	743	527	528
17	744	277	278
17	745	0	0
17	746	0	0
17	747	657	658
17	748	0	0
17	749	850	851
17	750	558	559
17	751	260	261
17	752	813	814
17	753	0	0
17	754	638	639
17	755	311	312
17	756	366	367
17	757	524	525
17	758	354	355
17	759	285	286
17	760	246	247
17	761	0	0
17	762	0	0
17	763	257	258
17	764	415	416
17	765	654	655
17	766	397	398
17	767	403	404
17	768	199	200
17	769	800	801
17	770	886	887
17	771	272	273
17	772	578	579
17	773	246	247
17	774	547	548
17	775	472	473
17	776	578	579
17	777	614	615
17	778	292	293
17	779	614	615
17	780	0	0
17	781	0	0
17	782	522	523
17	783	413	414
17	784	0	0
17	785	0	0
17	786	0	0
17	787	968	969
17	788	0	0
17	789	0	0
17	790	575	576
17	791	319	792
17	792	0	0
17	793	0	0
17	794	0	0
17	795	840	841
17	796	832	833
17	797	689	690
17	798	707	708
17	799	784	785
17	800	0	0
17	801	0	0
17	802	581	582
17	803	0	0
17	804	959	960
17	805	586	587
17	806	400	401
17	807	927	928
17	808	0	0
17	809	111	234
17	810	583	584
17	811	477	478
17	812	803	804
17	813	0	0
17	814	0	0
17	815	622	623
17	816	507	508
17	817	0	0
17	818	880	881
17	819	686	687
17	820	0	0
17	821	0	0
17	822	480	481
17	823	0	0
17	824	0	0
17	825	761	762
17	826	0	0
17	827	0	0
17	828	718	719
17	829	648	649
17	830	813	814
17	831	477	478
17	832	0	0
17	833	0	0
17	834	689	690
17	835	435	436
17	836	786	787
17	837	0	0
17	838	0	0
17	839	438	439
17	840	903	904
17	841	853	854
17	842	740	741
17	843	0	0
17	844	848	849
17	845	677	678
17	846	0	0
17	847	0	0
17	848	0	0
17	849	0	0
17	850	0	0
17	851	0	0
17	852	568	569
17	853	0	0
17	854	0	0
17	855	555	556
17	856	723	724
17	857	507	508
17	858	882	883
17	859	985	986
17	860	457	458
17	861	654	655
17	862	381	382
17	863	668	669
17	864	803	804
17	865	686	687
17	866	230	231
17	867	539	540
17	868	848	849
17	869	848	849
17	870	748	749
17	871	560	561
17	872	670	671
17	873	650	651
17	874	793	794
17	875	0	0
17	876	0	0
17	877	673	674
17	878	0	0
17	879	0	0
17	880	0	0
17	881	0	0
17	882	0	0
17	883	0	0
17	884	826	827
17	885	707	708
17	886	0	0
17	887	0	0
17	888	638	639
17	889	0	0
17	890	0	0
17	891	832	833
17	892	657	658
17	893	761	762
17	894	886	887
17	895	0	0
17	896	0	0
17	897	786	787
17	898	610	611
17	899	803	804
17	900	858	859
17	901	661	662
17	902	453	454
17	903	0	0
17	904	0	0
17	905	512	513
17	906	560	561
17	907	784	785
17	908	560	561
17	909	395	396
17	910	800	801
17	911	362	363
17	912	558	559
17	913	652	653
17	914	362	363
17	915	889	890
17	916	848	849
17	917	673	674
17	918	0	0
17	919	0	0
17	920	0	0
17	921	0	0
17	922	0	0
17	923	0	0
17	924	237	238
17	925	319	792
17	926	738	739
17	927	0	0
17	928	945	946
17	929	996	997
17	930	0	0
17	931	846	847
17	932	575	576
17	933	0	0
17	934	0	0
17	935	718	719
17	936	675	676
17	937	990	991
17	938	0	0
17	939	807	808
17	940	0	0
17	941	0	0
17	942	400	401
17	943	0	0
17	944	0	0
17	945	0	0
17	946	0	0
17	947	0	0
17	948	0	0
17	949	0	0
17	950	0	0
17	951	388	389
17	952	532	533
17	953	0	0
17	954	0	0
17	955	817	818
17	956	230	231
17	957	733	734
17	958	417	418
17	959	0	0
17	960	0	0
17	961	813	814
17	962	0	0
17	963	0	0
17	964	820	821
17	965	237	238
17	966	0	0
17	967	0	0
17	968	0	0
17	969	0	0
17	970	684	685
17	971	298	299
17	972	0	0
17	973	0	0
17	974	793	794
17	975	570	571
17	976	0	0
17	977	0	0
17	978	0	0
17	979	0	0
17	980	0	0
17	981	0	0
17	982	294	295
17	983	350	351
17	984	345	346
17	985	0	0
17	986	0	0
17	987	477	478
17	988	972	973
17	989	800	801
17	990	0	0
17	991	0	0
17	992	455	456
17	993	813	814
17	994	0	0
17	995	0	0
17	996	0	0
17	997	0	0
17	998	586	587
17	999	575	576
17	1000	620	621
