45	1	0	0
45	2	1	3
45	3	0	0
45	4	1	3
45	5	2	6
45	6	7	8
45	7	0	0
45	8	0	0
45	9	7	8
45	10	1	3
45	11	2	6
45	12	2	6
45	13	7	8
45	14	2	6
45	15	7	8
45	16	5	17
45	17	19	20
45	18	1	3
45	19	76	77
45	20	32	33
45	21	16	22
45	22	0	0
45	23	19	20
45	24	5	17
45	25	16	22
45	26	5	17
45	27	16	22
45	28	19	20
45	29	5	17
45	30	19	20
45	31	16	22
45	32	0	0
45	33	0	0
45	34	21	35
45	35	41	42
45	36	21	35
45	37	34	38
45	38	47	48
45	39	32	33
45	40	32	33
45	41	56	57
45	42	54	55
45	43	32	33
45	44	34	38
45	45	41	42
45	46	21	35
45	47	0	0
45	48	66	67
45	49	47	48
45	50	41	42
45	51	21	35
45	52	41	42
45	53	34	38
45	54	85	86
45	55	81	82
45	56	59	60
45	57	0	0
45	58	47	48
45	59	0	0
45	60	64	65
45	61	54	55
45	62	47	48
45	63	56	57
45	64	0	0
45	65	0	0
45	66	79	80
45	67	0	0
45	68	66	67
45	69	66	67
45	70	37	71
45	71	0	0
45	72	37	71
45	73	56	57
45	74	56	57
45	75	66	67
45	76	0	0
45	77	0	0
45	78	64	65
45	79	95	96
45	80	0	0
45	81	0	0
45	82	0	0
45	83	37	71
45	84	37	71
45	85	0	0
45	86	90	91
45	87	79	80
45	88	59	60
45	89	34	38
45	90	0	0
45	91	0	0
45	92	85	86
45	93	85	86
45	94	85	86
45	95	0	0
45	96	0	0
45	97	54	55
45	98	76	77
45	99	59	60
45	100	0	0
