47	1	0	0
47	2	1	3
47	3	0	0
47	4	1	3
47	5	1	3
47	6	1	3
47	7	2	8
47	8	19	20
47	9	2	8
47	10	2	8
47	11	7	12
47	12	16	17
47	13	2	8
47	14	7	12
47	15	7	12
47	16	22	23
47	17	29	30
47	18	16	17
47	19	0	0
47	20	0	0
47	21	19	20
47	22	0	0
47	23	0	0
47	24	19	20
47	25	7	12
47	26	22	23
47	27	22	23
47	28	19	20
47	29	0	0
47	30	0	0
47	31	29	30
47	32	22	23
47	33	29	30
47	34	29	30
47	35	16	17
47	36	16	17
47	37	11	38
47	38	41	42
47	39	37	40
47	40	44	45
47	41	57	58
47	42	146	147
47	43	41	42
47	44	49	50
47	45	65	66
47	46	41	42
47	47	44	45
47	48	41	42
47	49	52	53
47	50	68	69
47	51	44	45
47	52	82	83
47	53	61	62
47	54	11	38
47	55	44	45
47	56	52	53
47	57	105	106
47	58	76	77
47	59	49	50
47	60	57	58
47	61	0	0
47	62	0	0
47	63	37	40
47	64	49	50
47	65	87	88
47	66	85	86
47	67	65	66
47	68	92	93
47	69	123	124
47	70	61	62
47	71	57	58
47	72	11	38
47	73	52	53
47	74	65	66
47	75	37	40
47	76	0	0
47	77	0	0
47	78	68	69
47	79	68	69
47	80	68	69
47	81	76	77
47	82	0	0
47	83	0	0
47	84	49	50
47	85	112	113
47	86	90	91
47	87	155	156
47	88	97	98
47	89	37	40
47	90	0	0
47	91	0	0
47	92	0	0
47	93	0	0
47	94	39	95
47	95	109	110
47	96	39	95
47	97	0	0
47	98	0	0
47	99	61	62
47	100	97	98
47	101	90	91
47	102	94	103
47	103	151	152
47	104	65	66
47	105	0	0
47	106	0	0
47	107	57	58
47	108	87	88
47	109	359	360
47	110	229	230
47	111	94	103
47	112	0	0
47	113	0	0
47	114	39	95
47	115	112	113
47	116	11	38
47	117	92	93
47	118	90	91
47	119	90	91
47	120	97	98
47	121	76	77
47	122	76	77
47	123	0	0
47	124	0	0
47	125	87	88
47	126	92	93
47	127	82	83
47	128	92	93
47	129	109	110
47	130	102	131
47	131	149	150
47	132	102	131
47	133	109	110
47	134	61	62
47	135	105	106
47	136	52	53
47	137	97	98
47	138	105	106
47	139	94	103
47	140	39	95
47	141	85	86
47	142	130	143
47	143	232	233
47	144	112	113
47	145	109	110
47	146	172	173
47	147	169	170
47	148	94	103
47	149	161	162
47	150	318	319
47	151	226	227
47	152	153	154
47	153	191	192
47	154	370	371
47	155	0	0
47	156	0	0
47	157	130	143
47	158	153	154
47	159	102	131
47	160	123	124
47	161	189	190
47	162	174	175
47	163	87	88
47	164	149	150
47	165	123	124
47	166	85	86
47	167	112	113
47	168	149	150
47	169	0	0
47	170	0	0
47	171	153	154
47	172	0	0
47	173	0	0
47	174	184	185
47	175	245	246
47	176	174	175
47	177	82	83
47	178	146	147
47	179	102	131
47	180	142	181
47	181	203	204
47	182	172	173
47	183	146	147
47	184	211	212
47	185	291	292
47	186	174	175
47	187	153	154
47	188	82	83
47	189	633	634
47	190	694	695
47	191	878	879
47	192	198	199
47	193	151	152
47	194	155	156
47	195	169	170
47	196	161	162
47	197	155	156
47	198	200	201
47	199	296	297
47	200	216	217
47	201	256	257
47	202	198	199
47	203	221	222
47	204	252	253
47	205	203	204
47	206	198	199
47	207	191	192
47	208	146	147
47	209	184	185
47	210	149	150
47	211	268	269
47	212	368	369
47	213	174	175
47	214	189	190
47	215	85	86
47	216	0	0
47	217	0	0
47	218	198	199
47	219	189	190
47	220	123	124
47	221	309	310
47	222	224	225
47	223	151	152
47	224	0	0
47	225	574	575
47	226	436	437
47	227	337	338
47	228	226	227
47	229	271	272
47	230	534	535
47	231	184	185
47	232	241	242
47	233	729	730
47	234	155	156
47	235	229	230
47	236	216	217
47	237	184	185
47	238	232	233
47	239	172	173
47	240	191	192
47	241	332	333
47	242	307	308
47	243	189	190
47	244	172	173
47	245	346	347
47	246	301	302
47	247	151	152
47	248	245	246
47	249	211	212
47	250	211	212
47	251	161	162
47	252	258	259
47	253	390	391
47	254	241	242
47	255	105	106
47	256	0	0
47	257	0	0
47	258	451	452
47	259	277	278
47	260	221	222
47	261	252	253
47	262	169	170
47	263	216	217
47	264	229	230
47	265	180	266
47	266	273	274
47	267	226	227
47	268	865	866
47	269	341	342
47	270	258	259
47	271	281	282
47	272	286	287
47	273	321	322
47	274	279	280
47	275	180	266
47	276	258	259
47	277	0	0
47	278	305	306
47	279	628	629
47	280	356	357
47	281	439	440
47	282	326	327
47	283	232	233
47	284	229	230
47	285	130	143
47	286	0	0
47	287	430	431
47	288	258	259
47	289	221	222
47	290	271	272
47	291	0	0
47	292	529	530
47	293	268	269
47	294	180	266
47	295	271	272
47	296	334	335
47	297	424	425
47	298	268	269
47	299	265	300
47	300	385	386
47	301	420	421
47	302	411	412
47	303	291	292
47	304	211	212
47	305	427	428
47	306	372	373
47	307	0	0
47	308	315	316
47	309	311	312
47	310	397	398
47	311	422	423
47	312	595	596
47	313	311	312
47	314	273	274
47	315	330	331
47	316	392	393
47	317	142	181
47	318	387	388
47	319	502	503
47	320	226	227
47	321	433	434
47	322	324	325
47	323	311	312
47	324	363	364
47	325	785	786
47	326	0	0
47	327	0	0
47	328	265	300
47	329	309	310
47	330	839	840
47	331	399	400
47	332	462	463
47	333	460	461
47	334	0	0
47	335	0	0
47	336	273	274
47	337	0	0
47	338	343	344
47	339	305	306
47	340	318	319
47	341	0	0
47	342	0	0
47	343	0	0
47	344	0	0
47	345	271	272
47	346	576	577
47	347	832	833
47	348	130	143
47	349	330	331
47	350	200	201
47	351	324	325
47	352	161	162
47	353	330	331
47	354	341	342
47	355	200	201
47	356	653	654
47	357	491	492
47	358	252	253
47	359	603	604
47	360	0	0
47	361	296	297
47	362	216	217
47	363	663	664
47	364	441	442
47	365	363	364
47	366	296	297
47	367	265	300
47	368	544	545
47	369	380	381
47	370	498	499
47	371	539	540
47	372	472	473
47	373	394	395
47	374	200	201
47	375	359	360
47	376	321	322
47	377	203	204
47	378	332	333
47	379	359	360
47	380	0	0
47	381	0	0
47	382	203	204
47	383	346	347
47	384	368	369
47	385	690	691
47	386	0	0
47	387	630	631
47	388	738	739
47	389	321	322
47	390	661	662
47	391	407	408
47	392	557	558
47	393	531	532
47	394	488	489
47	395	0	0
47	396	277	278
47	397	884	885
47	398	560	561
47	399	669	670
47	400	651	652
47	401	399	400
47	402	359	360
47	403	394	395
47	404	224	225
47	405	356	357
47	406	387	388
47	407	409	410
47	408	449	450
47	409	823	824
47	410	0	0
47	411	416	417
47	412	740	741
47	413	180	266
47	414	299	415
47	415	0	0
47	416	0	0
47	417	0	0
47	418	309	310
47	419	245	246
47	420	742	743
47	421	0	0
47	422	455	456
47	423	593	594
47	424	0	0
47	425	0	0
47	426	315	316
47	427	474	475
47	428	486	487
47	429	341	342
47	430	0	0
47	431	0	0
47	432	191	192
47	433	504	505
47	434	466	467
47	435	363	364
47	436	479	480
47	437	0	0
47	438	436	437
47	439	0	0
47	440	0	0
47	441	0	0
47	442	453	454
47	443	397	398
47	444	279	280
47	445	409	410
47	446	341	342
47	447	241	242
47	448	296	297
47	449	0	0
47	450	566	567
47	451	636	637
47	452	606	607
47	453	0	0
47	454	555	556
47	455	0	0
47	456	767	768
47	457	409	410
47	458	390	391
47	459	279	280
47	460	523	524
47	461	701	702
47	462	494	495
47	463	940	941
47	464	368	369
47	465	451	452
47	466	0	0
47	467	482	483
47	468	286	287
47	469	462	463
47	470	387	388
47	471	427	428
47	472	591	592
47	473	0	0
47	474	0	0
47	475	512	513
47	476	436	437
47	477	309	310
47	478	221	222
47	479	519	520
47	480	671	672
47	481	394	395
47	482	0	0
47	483	0	0
47	484	315	316
47	485	368	369
47	486	0	0
47	487	0	0
47	488	506	507
47	489	0	0
47	490	307	308
47	491	621	622
47	492	760	761
47	493	482	483
47	494	758	759
47	495	572	573
47	496	224	225
47	497	380	381
47	498	516	517
47	499	0	0
47	500	326	327
47	501	321	322
47	502	610	611
47	503	791	792
47	504	0	0
47	505	794	795
47	506	0	0
47	507	0	0
47	508	397	398
47	509	399	400
47	510	346	347
47	511	409	410
47	512	537	538
47	513	0	0
47	514	411	412
47	515	305	306
47	516	677	678
47	517	0	0
47	518	498	499
47	519	0	0
47	520	972	973
47	521	482	483
47	522	286	287
47	523	563	564
47	524	525	526
47	525	541	542
47	526	642	643
47	527	451	452
47	528	268	269
47	529	570	571
47	530	553	554
47	531	776	777
47	532	0	0
47	533	307	308
47	534	772	773
47	535	841	842
47	536	411	412
47	537	0	0
47	538	0	0
47	539	0	0
47	540	0	0
47	541	0	0
47	542	624	625
47	543	504	505
47	544	0	0
47	545	0	0
47	546	424	425
47	547	399	400
47	548	318	319
47	549	387	388
47	550	324	325
47	551	281	282
47	552	281	282
47	553	0	0
47	554	0	0
47	555	0	0
47	556	699	700
47	557	0	0
47	558	645	646
47	559	439	440
47	560	583	584
47	561	585	586
47	562	427	428
47	563	599	600
47	564	682	683
47	565	482	483
47	566	0	0
47	567	764	765
47	568	241	242
47	569	472	473
47	570	0	0
47	571	0	0
47	572	0	0
47	573	0	0
47	574	588	589
47	575	0	0
47	576	649	650
47	577	0	0
47	578	414	579
47	579	0	0
47	580	324	325
47	581	363	364
47	582	420	421
47	583	800	801
47	584	686	687
47	585	0	0
47	586	0	0
47	587	519	520
47	588	659	660
47	589	684	685
47	590	557	558
47	591	0	0
47	592	0	0
47	593	0	0
47	594	830	831
47	595	751	752
47	596	937	938
47	597	494	495
47	598	265	300
47	599	0	0
47	600	0	0
47	601	585	586
47	602	169	170
47	603	731	732
47	604	0	0
47	605	397	398
47	606	780	781
47	607	657	658
47	608	599	600
47	609	519	520
47	610	0	0
47	611	709	710
47	612	142	181
47	613	416	417
47	614	472	473
47	615	479	480
47	616	474	475
47	617	346	347
47	618	583	584
47	619	479	480
47	620	583	584
47	621	0	0
47	622	809	810
47	623	583	584
47	624	0	0
47	625	0	0
47	626	474	475
47	627	610	611
47	628	977	978
47	629	0	0
47	630	787	788
47	631	819	820
47	632	224	225
47	633	798	799
47	634	0	0
47	635	506	507
47	636	0	0
47	637	811	812
47	638	449	450
47	639	332	333
47	640	585	586
47	641	279	280
47	642	0	0
47	643	0	0
47	644	307	308
47	645	0	0
47	646	0	0
47	647	334	335
47	648	472	473
47	649	0	0
47	650	0	0
47	651	0	0
47	652	908	909
47	653	0	0
47	654	850	851
47	655	315	316
47	656	420	421
47	657	861	862
47	658	929	930
47	659	920	921
47	660	867	868
47	661	817	818
47	662	881	882
47	663	0	0
47	664	0	0
47	665	523	524
47	666	407	408
47	667	557	558
47	668	305	306
47	669	806	807
47	670	0	0
47	671	796	797
47	672	727	728
47	673	570	571
47	674	671	672
47	675	621	622
47	676	318	319
47	677	0	0
47	678	0	0
47	679	424	425
47	680	286	287
47	681	414	579
47	682	756	757
47	683	0	0
47	684	0	0
47	685	0	0
47	686	734	735
47	687	0	0
47	688	671	672
47	689	427	428
47	690	0	0
47	691	0	0
47	692	506	507
47	693	449	450
47	694	0	0
47	695	0	0
47	696	466	467
47	697	516	517
47	698	414	579
47	699	0	0
47	700	0	0
47	701	0	0
47	702	716	717
47	703	677	678
47	704	591	592
47	705	488	489
47	706	502	503
47	707	474	475
47	708	645	646
47	709	0	0
47	710	714	715
47	711	422	423
47	712	531	532
47	713	624	625
47	714	718	719
47	715	870	871
47	716	0	0
47	717	778	779
47	718	0	0
47	719	0	0
47	720	516	517
47	721	337	338
47	722	491	492
47	723	645	646
47	724	291	292
47	725	273	274
47	726	326	327
47	727	0	0
47	728	0	0
47	729	821	822
47	730	0	0
47	731	0	0
47	732	745	746
47	733	466	467
47	734	0	0
47	735	948	949
47	736	433	434
47	737	677	678
47	738	934	935
47	739	0	0
47	740	0	0
47	741	0	0
47	742	0	0
47	743	0	0
47	744	466	467
47	745	0	0
47	746	0	0
47	747	677	678
47	748	555	556
47	749	439	440
47	750	636	637
47	751	0	0
47	752	0	0
47	753	570	571
47	754	392	393
47	755	441	442
47	756	0	0
47	757	0	0
47	758	0	0
47	759	0	0
47	760	970	971
47	761	889	890
47	762	745	746
47	763	301	302
47	764	0	0
47	765	814	815
47	766	603	604
47	767	0	0
47	768	0	0
47	769	519	520
47	770	453	454
47	771	416	417
47	772	0	0
47	773	0	0
47	774	553	554
47	775	574	575
47	776	0	0
47	777	0	0
47	778	0	0
47	779	0	0
47	780	906	907
47	781	961	962
47	782	572	573
47	783	512	513
47	784	356	357
47	785	987	988
47	786	0	0
47	787	0	0
47	788	0	0
47	789	411	412
47	790	642	643
47	791	0	0
47	792	0	0
47	793	281	282
47	794	914	915
47	795	0	0
47	796	0	0
47	797	0	0
47	798	0	0
47	799	0	0
47	800	979	980
47	801	0	0
47	802	502	503
47	803	356	357
47	804	682	683
47	805	764	765
47	806	0	0
47	807	0	0
47	808	343	344
47	809	0	0
47	810	0	0
47	811	904	905
47	812	0	0
47	813	491	492
47	814	0	0
47	815	0	0
47	816	621	622
47	817	852	853
47	818	859	860
47	819	924	925
47	820	0	0
47	821	0	0
47	822	0	0
47	823	0	0
47	824	837	838
47	825	690	691
47	826	334	335
47	827	334	335
47	828	525	526
47	829	563	564
47	830	0	0
47	831	898	899
47	832	0	0
47	833	0	0
47	834	751	752
47	835	653	654
47	836	794	795
47	837	0	0
47	838	891	892
47	839	0	0
47	840	0	0
47	841	0	0
47	842	0	0
47	843	439	440
47	844	337	338
47	845	659	660
47	846	814	815
47	847	645	646
47	848	574	575
47	849	504	505
47	850	0	0
47	851	0	0
47	852	0	0
47	853	0	0
47	854	504	505
47	855	734	735
47	856	449	450
47	857	330	331
47	858	751	752
47	859	0	0
47	860	0	0
47	861	0	0
47	862	0	0
47	863	811	812
47	864	661	662
47	865	0	0
47	866	0	0
47	867	0	0
47	868	0	0
47	869	709	710
47	870	0	0
47	871	0	0
47	872	729	730
47	873	686	687
47	874	455	456
47	875	628	629
47	876	486	487
47	877	460	461
47	878	0	0
47	879	0	0
47	880	576	577
47	881	0	0
47	882	0	0
47	883	531	532
47	884	0	0
47	885	0	0
47	886	462	463
47	887	392	393
47	888	494	495
47	889	0	0
47	890	996	997
47	891	0	0
47	892	0	0
47	893	709	710
47	894	624	625
47	895	578	896
47	896	0	0
47	897	751	752
47	898	0	0
47	899	0	0
47	900	578	896
47	901	525	526
47	902	595	596
47	903	738	739
47	904	989	990
47	905	0	0
47	906	965	966
47	907	926	927
47	908	0	0
47	909	0	0
47	910	904	905
47	911	566	567
47	912	256	257
47	913	311	312
47	914	0	0
47	915	0	0
47	916	914	915
47	917	714	715
47	918	523	524
47	919	555	556
47	920	0	0
47	921	0	0
47	922	889	890
47	923	791	792
47	924	0	0
47	925	0	0
47	926	0	0
47	927	0	0
47	928	756	757
47	929	0	0
47	930	0	0
47	931	745	746
47	932	852	853
47	933	380	381
47	934	0	0
47	935	955	956
47	936	898	899
47	937	0	0
47	938	0	0
47	939	593	594
47	940	0	0
47	941	0	0
47	942	867	868
47	943	926	927
47	944	745	746
47	945	516	517
47	946	709	710
47	947	420	421
47	948	0	0
47	949	0	0
47	950	491	492
47	951	884	885
47	952	908	909
47	953	537	538
47	954	657	658
47	955	0	0
47	956	0	0
47	957	731	732
47	958	661	662
47	959	506	507
47	960	716	717
47	961	0	0
47	962	0	0
47	963	578	896
47	964	756	757
47	965	0	0
47	966	0	0
47	967	830	831
47	968	372	373
47	969	920	921
47	970	0	0
47	971	0	0
47	972	0	0
47	973	0	0
47	974	690	691
47	975	800	801
47	976	433	434
47	977	0	0
47	978	0	0
47	979	0	0
47	980	0	0
47	981	884	885
47	982	800	801
47	983	819	820
47	984	479	480
47	985	929	930
47	986	756	757
47	987	0	0
47	988	0	0
47	989	998	999
47	990	0	0
47	991	574	575
47	992	392	393
47	993	785	786
47	994	776	777
47	995	861	862
47	996	0	0
47	997	0	0
47	998	0	0
47	999	0	0
47	1000	0	0
