31	1	0	0
31	2	1	3
31	3	0	0
31	4	1	3
31	5	2	6
31	6	8	9
31	7	1	3
31	8	0	0
31	9	0	0
31	10	8	9
31	11	8	9
31	12	8	9
31	13	2	6
31	14	2	6
31	15	2	6
31	16	5	17
31	17	21	22
31	18	5	17
31	19	16	20
31	20	34	35
31	21	28	29
31	22	23	24
31	23	0	0
31	24	0	0
31	25	5	17
31	26	23	24
31	27	5	17
31	28	0	0
31	29	0	0
31	30	23	24
31	31	1	3
31	32	23	24
31	33	21	22
31	34	38	39
31	35	66	67
31	36	34	35
31	37	16	20
31	38	76	77
31	39	84	85
31	40	28	29
31	41	28	29
31	42	38	39
31	43	38	39
31	44	38	39
31	45	28	29
31	46	34	35
31	47	19	48
31	48	53	54
31	49	16	20
31	50	19	48
31	51	16	20
31	52	19	48
31	53	79	80
31	54	60	61
31	55	34	35
31	56	21	22
31	57	53	54
31	58	53	54
31	59	19	48
31	60	147	148
31	61	70	71
31	62	53	54
31	63	47	64
31	64	73	74
31	65	47	64
31	66	137	138
31	67	68	69
31	68	0	0
31	69	0	0
31	70	93	94
31	71	99	100
31	72	70	71
31	73	161	162
31	74	130	131
31	75	68	69
31	76	0	0
31	77	0	0
31	78	60	61
31	79	124	125
31	80	111	112
31	81	21	22
31	82	63	83
31	83	127	128
31	84	0	0
31	85	0	0
31	86	73	74
31	87	79	80
31	88	60	61
31	89	76	77
31	90	79	80
31	91	70	71
31	92	63	83
31	93	0	0
31	94	0	0
31	95	47	64
31	96	84	85
31	97	63	83
31	98	76	77
31	99	0	0
31	100	0	0
31	101	76	77
31	102	63	83
31	103	79	80
31	104	68	69
31	105	73	74
31	106	82	107
31	107	182	183
31	108	82	107
31	109	73	74
31	110	47	64
31	111	0	0
31	112	0	0
31	113	111	112
31	114	111	112
31	115	60	61
31	116	84	85
31	117	82	107
31	118	66	67
31	119	66	67
31	120	68	69
31	121	84	85
31	122	93	94
31	123	111	112
31	124	149	150
31	125	164	165
31	126	124	125
31	127	135	136
31	128	168	169
31	129	127	128
31	130	145	146
31	131	0	0
31	132	93	94
31	133	66	67
31	134	70	71
31	135	0	0
31	136	0	0
31	137	0	0
31	138	0	0
31	139	135	136
31	140	99	100
31	141	130	131
31	142	99	100
31	143	124	125
31	144	99	100
31	145	156	157
31	146	0	0
31	147	0	0
31	148	154	155
31	149	0	0
31	150	0	0
31	151	149	150
31	152	82	107
31	153	135	136
31	154	0	0
31	155	0	0
31	156	0	0
31	157	171	172
31	158	137	138
31	159	145	146
31	160	130	131
31	161	0	0
31	162	0	0
31	163	149	150
31	164	0	0
31	165	0	0
31	166	154	155
31	167	147	148
31	168	175	176
31	169	199	200
31	170	164	165
31	171	0	0
31	172	0	0
31	173	164	165
31	174	147	148
31	175	187	188
31	176	0	0
31	177	130	131
31	178	127	128
31	179	124	125
31	180	106	181
31	181	0	0
31	182	185	186
31	183	194	195
31	184	154	155
31	185	0	0
31	186	0	0
31	187	0	0
31	188	0	0
31	189	180	190
31	190	0	0
31	191	168	169
31	192	180	190
31	193	164	165
31	194	0	0
31	195	0	0
31	196	156	157
31	197	182	183
31	198	168	169
31	199	0	0
31	200	0	0
