11	1	0	0
11	2	1	3
11	3	0	0
11	4	1	3
11	5	1	3
11	6	1	3
11	7	2	8
11	8	10	11
11	9	2	8
11	10	0	0
11	11	0	0
11	12	2	8
11	13	2	8
11	14	7	15
11	15	17	18
11	16	7	15
11	17	19	20
11	18	53	54
11	19	0	0
11	20	0	0
11	21	17	18
11	22	10	11
11	23	14	24
11	24	31	32
11	25	10	11
11	26	14	24
11	27	17	18
11	28	10	11
11	29	7	15
11	30	19	20
11	31	34	35
11	32	265	266
11	33	17	18
11	34	46	47
11	35	44	45
11	36	19	20
11	37	34	35
11	38	23	39
11	39	41	42
11	40	34	35
11	41	79	80
11	42	93	94
11	43	41	42
11	44	0	0
11	45	0	0
11	46	0	0
11	47	0	0
11	48	44	45
11	49	31	32
11	50	19	20
11	51	46	47
11	52	34	35
11	53	0	0
11	54	0	0
11	55	14	24
11	56	31	32
11	57	53	54
11	58	23	39
11	59	38	60
11	60	65	66
11	61	44	45
11	62	46	47
11	63	31	32
11	64	41	42
11	65	77	78
11	66	71	72
11	67	59	68
11	68	105	106
11	69	65	66
11	70	38	60
11	71	151	152
11	72	141	142
11	73	71	72
11	74	65	66
11	75	53	54
11	76	71	72
11	77	87	88
11	78	197	198
11	79	95	96
11	80	81	82
11	81	129	130
11	82	97	98
11	83	81	82
11	84	38	60
11	85	71	72
11	86	46	47
11	87	91	92
11	88	113	114
11	89	67	90
11	90	242	243
11	91	117	118
11	92	146	147
11	93	199	200
11	94	102	103
11	95	213	214
11	96	111	112
11	97	0	0
11	98	0	0
11	99	79	80
11	100	23	39
11	101	41	42
11	102	138	139
11	103	136	137
11	104	44	45
11	105	119	120
11	106	131	132
11	107	81	82
11	108	23	39
11	109	38	60
11	110	65	66
11	111	0	0
11	112	0	0
11	113	466	467
11	114	285	286
11	115	113	114
11	116	102	103
11	117	0	0
11	118	0	0
11	119	322	323
11	120	166	167
11	121	53	54
11	122	105	106
11	123	117	118
11	124	95	96
11	125	14	24
11	126	117	118
11	127	91	92
11	128	95	96
11	129	0	0
11	130	0	0
11	131	414	415
11	132	133	134
11	133	298	299
11	134	156	157
11	135	111	112
11	136	0	0
11	137	0	0
11	138	0	0
11	139	0	0
11	140	87	88
11	141	357	358
11	142	345	346
11	143	138	139
11	144	81	82
11	145	131	132
11	146	0	0
11	147	0	0
11	148	87	88
11	149	59	68
11	150	133	134
11	151	180	181
11	152	161	162
11	153	95	96
11	154	136	137
11	155	138	139
11	156	637	638
11	157	608	609
11	158	119	120
11	159	117	118
11	160	138	139
11	161	184	185
11	162	277	278
11	163	93	94
11	164	136	137
11	165	119	120
11	166	555	556
11	167	177	178
11	168	119	120
11	169	113	114
11	170	87	88
11	171	129	130
11	172	91	92
11	173	136	137
11	174	102	103
11	175	102	103
11	176	97	98
11	177	236	237
11	178	208	209
11	179	177	178
11	180	0	0
11	181	240	241
11	182	113	114
11	183	67	90
11	184	0	0
11	185	0	0
11	186	59	68
11	187	166	167
11	188	141	142
11	189	105	106
11	190	166	167
11	191	156	157
11	192	97	98
11	193	93	94
11	194	89	195
11	195	206	207
11	196	59	68
11	197	211	212
11	198	244	245
11	199	220	221
11	200	269	270
11	201	129	130
11	202	194	203
11	203	318	319
11	204	180	181
11	205	184	185
11	206	0	0
11	207	311	312
11	208	340	341
11	209	230	231
11	210	197	198
11	211	246	247
11	212	453	454
11	213	0	0
11	214	0	0
11	215	77	78
11	216	194	203
11	217	211	212
11	218	131	132
11	219	131	132
11	220	0	0
11	221	0	0
11	222	111	112
11	223	208	209
11	224	199	200
11	225	199	200
11	226	199	200
11	227	133	134
11	228	156	157
11	229	213	214
11	230	0	0
11	231	0	0
11	232	230	231
11	233	197	198
11	234	177	178
11	235	208	209
11	236	251	252
11	237	287	288
11	238	213	214
11	239	161	162
11	240	0	0
11	241	0	0
11	242	305	306
11	243	290	291
11	244	352	353
11	245	296	297
11	246	0	0
11	247	0	0
11	248	184	185
11	249	133	134
11	250	206	207
11	251	0	0
11	252	0	0
11	253	146	147
11	254	202	255
11	255	260	261
11	256	220	221
11	257	105	106
11	258	184	185
11	259	97	98
11	260	385	386
11	261	377	378
11	262	240	241
11	263	180	181
11	264	260	261
11	265	529	530
11	266	282	283
11	267	7	15
11	268	206	207
11	269	0	0
11	270	0	0
11	271	151	152
11	272	89	195
11	273	161	162
11	274	230	231
11	275	197	198
11	276	251	252
11	277	0	0
11	278	0	0
11	279	91	92
11	280	260	261
11	281	242	243
11	282	0	0
11	283	0	0
11	284	141	142
11	285	0	0
11	286	0	0
11	287	0	0
11	288	0	0
11	289	166	167
11	290	677	678
11	291	365	366
11	292	244	245
11	293	206	207
11	294	141	142
11	295	180	181
11	296	0	0
11	297	0	0
11	298	402	403
11	299	798	799
11	300	282	283
11	301	93	94
11	302	287	288
11	303	146	147
11	304	177	178
11	305	338	339
11	306	309	310
11	307	236	237
11	308	156	157
11	309	408	409
11	310	544	545
11	311	361	362
11	312	497	498
11	313	265	266
11	314	67	90
11	315	309	310
11	316	309	310
11	317	79	80
11	318	398	399
11	319	435	436
11	320	111	112
11	321	244	245
11	322	442	443
11	323	355	356
11	324	242	243
11	325	211	212
11	326	305	306
11	327	77	78
11	328	211	212
11	329	309	310
11	330	287	288
11	331	296	297
11	332	290	291
11	333	290	291
11	334	287	288
11	335	161	162
11	336	244	245
11	337	296	297
11	338	460	461
11	339	371	372
11	340	0	0
11	341	0	0
11	342	265	266
11	343	311	312
11	344	246	247
11	345	389	390
11	346	868	869
11	347	322	323
11	348	340	341
11	349	254	350
11	350	379	380
11	351	305	306
11	352	0	0
11	353	0	0
11	354	311	312
11	355	0	0
11	356	647	648
11	357	880	881
11	358	369	370
11	359	260	261
11	360	311	312
11	361	582	583
11	362	910	911
11	363	236	237
11	364	246	247
11	365	405	406
11	366	584	585
11	367	305	306
11	368	202	255
11	369	0	0
11	370	0	0
11	371	570	571
11	372	373	374
11	373	515	516
11	374	440	441
11	375	322	323
11	376	369	370
11	377	392	393
11	378	382	383
11	379	421	422
11	380	450	451
11	381	89	195
11	382	564	565
11	383	892	893
11	384	373	374
11	385	0	0
11	386	616	617
11	387	338	339
11	388	146	147
11	389	0	0
11	390	0	0
11	391	379	380
11	392	411	412
11	393	902	903
11	394	355	356
11	395	208	209
11	396	89	195
11	397	392	393
11	398	804	805
11	399	863	864
11	400	277	278
11	401	269	270
11	402	769	770
11	403	463	464
11	404	352	353
11	405	0	0
11	406	659	660
11	407	398	399
11	408	844	845
11	409	429	430
11	410	220	221
11	411	591	592
11	412	437	438
11	413	298	299
11	414	0	0
11	415	0	0
11	416	79	80
11	417	230	231
11	418	392	393
11	419	377	378
11	420	389	390
11	421	0	0
11	422	574	575
11	423	269	270
11	424	202	255
11	425	282	283
11	426	151	152
11	427	77	78
11	428	254	350
11	429	481	482
11	430	810	811
11	431	251	252
11	432	285	286
11	433	429	430
11	434	411	412
11	435	702	703
11	436	578	579
11	437	808	809
11	438	473	474
11	439	298	299
11	440	447	448
11	441	0	0
11	442	0	0
11	443	533	534
11	444	242	243
11	445	377	378
11	446	408	409
11	447	0	0
11	448	0	0
11	449	369	370
11	450	457	458
11	451	0	0
11	452	251	252
11	453	0	0
11	454	0	0
11	455	398	399
11	456	220	221
11	457	475	476
11	458	566	567
11	459	194	203
11	460	0	0
11	461	557	558
11	462	277	278
11	463	0	0
11	464	0	0
11	465	442	443
11	466	0	0
11	467	0	0
11	468	377	378
11	469	355	356
11	470	298	299
11	471	453	454
11	472	392	393
11	473	511	512
11	474	0	0
11	475	494	495
11	476	546	547
11	477	414	415
11	478	277	278
11	479	463	464
11	480	269	270
11	481	610	611
11	482	606	607
11	483	240	241
11	484	408	409
11	485	421	422
11	486	389	390
11	487	379	380
11	488	352	353
11	489	463	464
11	490	213	214
11	491	338	339
11	492	457	458
11	493	373	374
11	494	504	505
11	495	735	736
11	496	481	482
11	497	506	507
11	498	0	0
11	499	453	454
11	500	398	399
11	501	442	443
11	502	290	291
11	503	466	467
11	504	535	536
11	505	0	0
11	506	0	0
11	507	520	521
11	508	338	339
11	509	382	383
11	510	322	323
11	511	518	519
11	512	949	950
11	513	240	241
11	514	504	505
11	515	772	773
11	516	0	0
11	517	402	403
11	518	526	527
11	519	886	887
11	520	542	543
11	521	0	0
11	522	382	383
11	523	411	412
11	524	369	370
11	525	151	152
11	526	618	619
11	527	718	719
11	528	515	516
11	529	0	0
11	530	0	0
11	531	457	458
11	532	440	441
11	533	539	540
11	534	740	741
11	535	635	636
11	536	601	602
11	537	463	464
11	538	405	406
11	539	0	0
11	540	0	0
11	541	429	430
11	542	623	624
11	543	550	551
11	544	642	643
11	545	973	974
11	546	0	0
11	547	596	597
11	548	457	458
11	549	435	436
11	550	829	830
11	551	834	835
11	552	518	519
11	553	473	474
11	554	546	547
11	555	631	632
11	556	628	629
11	557	0	0
11	558	0	0
11	559	450	451
11	560	511	512
11	561	546	547
11	562	542	543
11	563	497	498
11	564	716	717
11	565	711	712
11	566	0	0
11	567	838	839
11	568	440	441
11	569	429	430
11	570	0	0
11	571	668	669
11	572	373	374
11	573	511	512
11	574	614	615
11	575	756	757
11	576	518	519
11	577	285	286
11	578	0	0
11	579	0	0
11	580	345	346
11	581	544	545
11	582	0	0
11	583	0	0
11	584	598	599
11	585	774	775
11	586	442	443
11	587	475	476
11	588	526	527
11	589	546	547
11	590	529	530
11	591	0	0
11	592	650	651
11	593	466	467
11	594	518	519
11	595	542	543
11	596	0	0
11	597	759	760
11	598	920	921
11	599	699	700
11	600	411	412
11	601	831	832
11	602	0	0
11	603	542	543
11	604	194	203
11	605	529	530
11	606	0	0
11	607	0	0
11	608	626	627
11	609	0	0
11	610	0	0
11	611	0	0
11	612	481	482
11	613	67	90
11	614	652	653
11	615	0	0
11	616	737	738
11	617	794	795
11	618	0	0
11	619	0	0
11	620	414	415
11	621	618	619
11	622	598	599
11	623	0	0
11	624	0	0
11	625	385	386
11	626	0	0
11	627	0	0
11	628	0	0
11	629	680	681
11	630	570	571
11	631	984	985
11	632	671	672
11	633	296	297
11	634	382	383
11	635	767	768
11	636	940	941
11	637	975	976
11	638	0	0
11	639	318	319
11	640	533	534
11	641	637	638
11	642	744	745
11	643	725	726
11	644	544	545
11	645	408	409
11	646	584	585
11	647	661	662
11	648	780	781
11	649	318	319
11	650	786	787
11	651	0	0
11	652	813	814
11	653	654	655
11	654	742	743
11	655	914	915
11	656	497	498
11	657	494	495
11	658	450	451
11	659	722	723
11	660	0	0
11	661	0	0
11	662	0	0
11	663	566	567
11	664	494	495
11	665	340	341
11	666	246	247
11	667	578	579
11	668	727	728
11	669	861	862
11	670	254	350
11	671	0	0
11	672	0	0
11	673	497	498
11	674	650	651
11	675	265	266
11	676	591	592
11	677	0	0
11	678	693	694
11	679	550	551
11	680	0	0
11	681	0	0
11	682	466	467
11	683	628	629
11	684	601	602
11	685	318	319
11	686	202	255
11	687	544	545
11	688	635	636
11	689	402	403
11	690	129	130
11	691	606	607
11	692	529	530
11	693	0	0
11	694	0	0
11	695	340	341
11	696	614	615
11	697	533	534
11	698	628	629
11	699	876	877
11	700	0	0
11	701	371	372
11	702	784	785
11	703	0	0
11	704	626	627
11	705	582	583
11	706	357	358
11	707	618	619
11	708	475	476
11	709	677	678
11	710	598	599
11	711	0	0
11	712	904	905
11	713	647	648
11	714	282	283
11	715	702	703
11	716	720	721
11	717	0	0
11	718	0	0
11	719	0	0
11	720	0	0
11	721	988	989
11	722	0	0
11	723	0	0
11	724	661	662
11	725	733	734
11	726	990	991
11	727	0	0
11	728	0	0
11	729	566	567
11	730	578	579
11	731	718	719
11	732	642	643
11	733	0	0
11	734	0	0
11	735	840	841
11	736	0	0
11	737	0	0
11	738	0	0
11	739	608	609
11	740	0	0
11	741	0	0
11	742	0	0
11	743	0	0
11	744	815	816
11	745	751	752
11	746	447	448
11	747	616	617
11	748	722	723
11	749	722	723
11	750	435	436
11	751	0	0
11	752	0	0
11	753	385	386
11	754	475	476
11	755	481	482
11	756	970	971
11	757	0	0
11	758	414	415
11	759	0	0
11	760	823	824
11	761	254	350
11	762	584	585
11	763	680	681
11	764	357	358
11	765	699	700
11	766	437	438
11	767	928	929
11	768	0	0
11	769	0	0
11	770	0	0
11	771	555	556
11	772	0	0
11	773	0	0
11	774	965	966
11	775	859	860
11	776	535	536
11	777	421	422
11	778	772	773
11	779	722	723
11	780	0	0
11	781	0	0
11	782	725	726
11	783	759	760
11	784	0	0
11	785	922	923
11	786	0	0
11	787	0	0
11	788	504	505
11	789	693	694
11	790	473	474
11	791	389	390
11	792	285	286
11	793	584	585
11	794	0	0
11	795	0	0
11	796	450	451
11	797	535	536
11	798	0	0
11	799	0	0
11	800	574	575
11	801	631	632
11	802	718	719
11	803	659	660
11	804	0	0
11	805	883	884
11	806	772	773
11	807	733	734
11	808	0	0
11	809	895	896
11	810	0	0
11	811	0	0
11	812	740	741
11	813	0	0
11	814	0	0
11	815	0	0
11	816	0	0
11	817	680	681
11	818	437	438
11	819	654	655
11	820	628	629
11	821	379	380
11	822	737	738
11	823	0	0
11	824	0	0
11	825	727	728
11	826	582	583
11	827	772	773
11	828	774	775
11	829	0	0
11	830	0	0
11	831	0	0
11	832	0	0
11	833	623	624
11	834	0	0
11	835	0	0
11	836	582	583
11	837	635	636
11	838	0	0
11	839	0	0
11	840	956	957
11	841	925	926
11	842	711	712
11	843	668	669
11	844	0	0
11	845	0	0
11	846	626	627
11	847	720	721
11	848	440	441
11	849	654	655
11	850	539	540
11	851	637	638
11	852	725	726
11	853	550	551
11	854	591	592
11	855	834	835
11	856	652	653
11	857	473	474
11	858	236	237
11	859	899	900
11	860	931	932
11	861	0	0
11	862	0	0
11	863	0	0
11	864	0	0
11	865	453	454
11	866	506	507
11	867	460	461
11	868	0	0
11	869	0	0
11	870	808	809
11	871	574	575
11	872	618	619
11	873	759	760
11	874	520	521
11	875	823	824
11	876	0	0
11	877	0	0
11	878	840	841
11	879	345	346
11	880	0	0
11	881	0	0
11	882	829	830
11	883	0	0
11	884	897	898
11	885	539	540
11	886	0	0
11	887	0	0
11	888	631	632
11	889	659	660
11	890	742	743
11	891	357	358
11	892	0	0
11	893	960	961
11	894	751	752
11	895	0	0
11	896	0	0
11	897	0	0
11	898	0	0
11	899	0	0
11	900	0	0
11	901	863	864
11	902	0	0
11	903	0	0
11	904	0	0
11	905	0	0
11	906	652	653
11	907	385	386
11	908	677	678
11	909	774	775
11	910	0	0
11	911	0	0
11	912	831	832
11	913	671	672
11	914	0	0
11	915	0	0
11	916	515	516
11	917	742	743
11	918	371	372
11	919	834	835
11	920	0	0
11	921	0	0
11	922	936	937
11	923	0	0
11	924	751	752
11	925	0	0
11	926	0	0
11	927	886	887
11	928	0	0
11	929	0	0
11	930	591	592
11	931	0	0
11	932	0	0
11	933	767	768
11	934	564	565
11	935	831	832
11	936	0	0
11	937	0	0
11	938	863	864
11	939	539	540
11	940	0	0
11	941	0	0
11	942	564	565
11	943	780	781
11	944	598	599
11	945	550	551
11	946	614	615
11	947	564	565
11	948	345	346
11	949	962	963
11	950	0	0
11	951	555	556
11	952	883	884
11	953	840	841
11	954	829	830
11	955	720	721
11	956	0	0
11	957	0	0
11	958	859	860
11	959	786	787
11	960	0	0
11	961	0	0
11	962	0	0
11	963	0	0
11	964	693	694
11	965	979	980
11	966	0	0
11	967	759	760
11	968	892	893
11	969	899	900
11	970	0	0
11	971	995	996
11	972	767	768
11	973	0	0
11	974	0	0
11	975	0	0
11	976	0	0
11	977	720	721
11	978	668	669
11	979	0	0
11	980	0	0
11	981	652	653
11	982	555	556
11	983	631	632
11	984	0	0
11	985	0	0
11	986	883	884
11	987	716	717
11	988	0	0
11	989	0	0
11	990	0	0
11	991	0	0
11	992	574	575
11	993	737	738
11	994	840	841
11	995	0	0
11	996	0	0
11	997	804	805
11	998	962	963
11	999	460	461
11	1000	0	0
