38	1	0	0
38	2	1	3
38	3	0	0
38	4	1	3
38	5	2	6
38	6	8	9
38	7	2	6
38	8	0	0
38	9	0	0
38	10	8	9
38	11	1	3
38	12	5	13
38	13	22	23
38	14	1	3
38	15	8	9
38	16	2	6
38	17	5	13
38	18	8	9
38	19	5	13
38	20	5	13
38	21	2	6
38	22	28	29
38	23	25	26
38	24	22	23
38	25	0	0
38	26	0	0
38	27	25	26
38	28	0	0
38	29	0	0
38	30	22	23
38	31	28	29
38	32	28	29
38	33	25	26
38	34	28	29
38	35	25	26
38	36	12	37
38	37	41	42
38	38	22	23
38	39	36	40
38	40	45	46
38	41	101	102
38	42	71	72
38	43	39	44
38	44	52	53
38	45	131	132
38	46	75	76
38	47	12	37
38	48	36	40
38	49	39	44
38	50	41	42
38	51	39	44
38	52	106	107
38	53	54	55
38	54	128	129
38	55	57	58
38	56	45	46
38	57	60	61
38	58	142	143
38	59	12	37
38	60	115	116
38	61	62	63
38	62	0	0
38	63	0	0
38	64	36	40
38	65	36	40
38	66	60	61
38	67	52	53
38	68	60	61
38	69	43	70
38	70	84	85
38	71	93	94
38	72	73	74
38	73	0	0
38	74	0	0
38	75	82	83
38	76	166	167
38	77	75	76
38	78	12	37
38	79	73	74
38	80	73	74
38	81	45	46
38	82	95	96
38	83	245	246
38	84	112	113
38	85	180	181
38	86	82	83
38	87	71	72
38	88	60	61
38	89	52	53
38	90	82	83
38	91	52	53
38	92	73	74
38	93	0	0
38	94	0	0
38	95	0	0
38	96	0	0
38	97	62	63
38	98	57	58
38	99	82	83
38	100	54	55
38	101	121	122
38	102	164	165
38	103	69	104
38	104	0	0
38	105	45	46
38	106	247	248
38	107	0	0
38	108	103	109
38	109	0	0
38	110	84	85
38	111	54	55
38	112	123	124
38	113	0	0
38	114	112	113
38	115	0	0
38	116	0	0
38	117	57	58
38	118	101	102
38	119	108	120
38	120	0	0
38	121	0	0
38	122	0	0
38	123	139	140
38	124	168	169
38	125	43	70
38	126	62	63
38	127	115	116
38	128	0	0
38	129	193	194
38	130	54	55
38	131	290	291
38	132	177	178
38	133	69	104
38	134	62	63
38	135	119	136
38	136	285	286
38	137	39	44
38	138	69	104
38	139	182	183
38	140	162	163
38	141	41	42
38	142	0	0
38	143	279	280
38	144	43	70
38	145	123	124
38	146	69	104
38	147	123	124
38	148	71	72
38	149	139	140
38	150	131	132
38	151	93	94
38	152	103	109
38	153	135	154
38	154	261	262
38	155	131	132
38	156	135	154
38	157	84	85
38	158	93	94
38	159	57	58
38	160	153	161
38	161	0	0
38	162	197	198
38	163	0	0
38	164	0	0
38	165	0	0
38	166	175	176
38	167	235	236
38	168	225	226
38	169	206	207
38	170	115	116
38	171	112	113
38	172	168	169
38	173	75	76
38	174	103	109
38	175	0	0
38	176	0	0
38	177	272	273
38	178	211	212
38	179	108	120
38	180	0	0
38	181	218	219
38	182	202	203
38	183	241	242
38	184	121	122
38	185	108	120
38	186	162	163
38	187	182	183
38	188	106	107
38	189	93	94
38	190	123	124
38	191	164	165
38	192	84	85
38	193	0	0
38	194	274	275
38	195	128	129
38	196	108	120
38	197	0	0
38	198	0	0
38	199	197	198
38	200	177	178
38	201	119	136
38	202	0	0
38	203	0	0
38	204	168	169
38	205	177	178
38	206	256	257
38	207	0	0
38	208	182	183
38	209	43	70
38	210	142	143
38	211	0	0
38	212	0	0
38	213	193	194
38	214	112	113
38	215	206	207
38	216	115	116
38	217	119	136
38	218	220	221
38	219	250	251
38	220	292	293
38	221	294	295
38	222	175	176
38	223	139	140
38	224	193	194
38	225	229	230
38	226	266	267
38	227	75	76
38	228	119	136
38	229	0	0
38	230	0	0
38	231	106	107
38	232	220	221
38	233	71	72
38	234	164	165
38	235	0	0
38	236	0	0
38	237	128	129
38	238	197	198
38	239	131	132
38	240	95	96
38	241	0	0
38	242	0	0
38	243	101	102
38	244	193	194
38	245	0	0
38	246	0	0
38	247	0	0
38	248	0	0
38	249	41	42
38	250	0	0
38	251	253	254
38	252	197	198
38	253	0	0
38	254	0	0
38	255	153	161
38	256	0	0
38	257	0	0
38	258	168	169
38	259	101	102
38	260	177	178
38	261	0	0
38	262	264	265
38	263	211	212
38	264	0	0
38	265	282	283
38	266	0	0
38	267	0	0
38	268	175	176
38	269	247	248
38	270	220	221
38	271	139	140
38	272	0	0
38	273	0	0
38	274	0	0
38	275	0	0
38	276	153	161
38	277	103	109
38	278	225	226
38	279	0	0
38	280	0	0
38	281	166	167
38	282	0	0
38	283	0	0
38	284	264	265
38	285	0	0
38	286	0	0
38	287	164	165
38	288	250	251
38	289	241	242
38	290	0	0
38	291	0	0
38	292	0	0
38	293	0	0
38	294	0	0
38	295	0	0
38	296	166	167
38	297	121	122
38	298	247	248
38	299	160	300
38	300	0	0
