31	1	0	0
31	2	1	3
31	3	0	0
31	4	1	3
31	5	1	3
31	6	1	3
31	7	2	8
31	8	56	57
31	9	7	10
31	10	11	12
31	11	39	40
31	12	49	50
31	13	7	10
31	14	2	8
31	15	2	8
31	16	7	10
31	17	7	10
31	18	11	12
31	19	2	8
31	20	9	21
31	21	70	71
31	22	9	21
31	23	20	24
31	24	27	28
31	25	23	26
31	26	47	48
31	27	115	116
31	28	29	30
31	29	32	33
31	30	216	217
31	31	11	12
31	32	53	54
31	33	59	60
31	34	27	28
31	35	20	24
31	36	23	26
31	37	32	33
31	38	23	26
31	39	0	0
31	40	0	0
31	41	23	26
31	42	32	33
31	43	39	40
31	44	29	30
31	45	29	30
31	46	11	12
31	47	65	66
31	48	85	86
31	49	0	0
31	50	0	0
31	51	32	33
31	52	27	28
31	53	0	0
31	54	0	0
31	55	47	48
31	56	0	0
31	57	0	0
31	58	29	30
31	59	0	0
31	60	0	0
31	61	27	28
31	62	47	48
31	63	20	24
31	64	39	40
31	65	76	77
31	66	96	97
31	67	65	66
31	68	56	57
31	69	39	40
31	70	73	74
31	71	149	150
31	72	59	60
31	73	80	81
31	74	113	114
31	75	9	21
31	76	88	89
31	77	101	102
31	78	53	54
31	79	65	66
31	80	0	0
31	81	0	0
31	82	9	21
31	83	80	81
31	84	47	48
31	85	196	197
31	86	121	122
31	87	85	86
31	88	162	163
31	89	108	109
31	90	85	86
31	91	76	77
31	92	76	77
31	93	88	89
31	94	20	24
31	95	70	71
31	96	99	100
31	97	249	250
31	98	70	71
31	99	186	187
31	100	184	185
31	101	182	183
31	102	133	134
31	103	80	81
31	104	70	71
31	105	96	97
31	106	65	66
31	107	80	81
31	108	0	0
31	109	0	0
31	110	59	60
31	111	101	102
31	112	85	86
31	113	0	0
31	114	0	0
31	115	126	127
31	116	166	167
31	117	113	114
31	118	96	97
31	119	49	50
31	120	59	60
31	121	246	247
31	122	128	129
31	123	115	116
31	124	25	125
31	125	180	181
31	126	0	0
31	127	147	148
31	128	0	0
31	129	141	142
31	130	121	122
31	131	96	97
31	132	121	122
31	133	0	0
31	134	0	0
31	135	73	74
31	136	73	74
31	137	88	89
31	138	99	100
31	139	115	116
31	140	88	89
31	141	0	0
31	142	0	0
31	143	53	54
31	144	113	114
31	145	115	116
31	146	113	114
31	147	0	0
31	148	0	0
31	149	174	175
31	150	171	172
31	151	126	127
31	152	128	129
31	153	76	77
31	154	121	122
31	155	133	134
31	156	99	100
31	157	126	127
31	158	147	148
31	159	149	150
31	160	99	100
31	161	128	129
31	162	0	0
31	163	0	0
31	164	126	127
31	165	56	57
31	166	224	225
31	167	226	227
31	168	166	167
31	169	73	74
31	170	49	50
31	171	0	0
31	172	0	0
31	173	56	57
31	174	0	0
31	175	0	0
31	176	25	125
31	177	108	109
31	178	108	109
31	179	101	102
31	180	204	205
31	181	241	242
31	182	0	0
31	183	0	0
31	184	0	0
31	185	0	0
31	186	0	0
31	187	0	0
31	188	149	150
31	189	149	150
31	190	124	191
31	191	0	0
31	192	25	125
31	193	49	50
31	194	25	125
31	195	174	175
31	196	0	0
31	197	228	229
31	198	196	197
31	199	124	191
31	200	171	172
31	201	186	187
31	202	180	181
31	203	186	187
31	204	213	214
31	205	244	245
31	206	128	129
31	207	171	172
31	208	166	167
31	209	182	183
31	210	182	183
31	211	166	167
31	212	196	197
31	213	257	258
31	214	277	278
31	215	141	142
31	216	0	0
31	217	222	223
31	218	53	54
31	219	101	102
31	220	124	191
31	221	147	148
31	222	0	0
31	223	0	0
31	224	0	0
31	225	0	0
31	226	0	0
31	227	0	0
31	228	0	0
31	229	0	0
31	230	190	231
31	231	0	0
31	232	180	181
31	233	216	217
31	234	213	214
31	235	228	229
31	236	124	191
31	237	147	148
31	238	141	142
31	239	213	214
31	240	184	185
31	241	0	0
31	242	279	280
31	243	196	197
31	244	0	0
31	245	0	0
31	246	253	254
31	247	0	0
31	248	226	227
31	249	0	0
31	250	255	256
31	251	204	205
31	252	213	214
31	253	0	0
31	254	0	0
31	255	0	0
31	256	0	0
31	257	0	0
31	258	284	285
31	259	204	205
31	260	162	163
31	261	184	185
31	262	182	183
31	263	174	175
31	264	184	185
31	265	222	223
31	266	222	223
31	267	216	217
31	268	230	269
31	269	272	273
31	270	171	172
31	271	228	229
31	272	0	0
31	273	0	0
31	274	133	134
31	275	272	273
31	276	226	227
31	277	0	0
31	278	0	0
31	279	0	0
31	280	288	289
31	281	253	254
31	282	190	231
31	283	277	278
31	284	297	298
31	285	0	0
31	286	249	250
31	287	141	142
31	288	299	300
31	289	0	0
31	290	244	245
31	291	108	109
31	292	272	273
31	293	228	229
31	294	222	223
31	295	174	175
31	296	255	256
31	297	0	0
31	298	0	0
31	299	0	0
31	300	0	0
