4	1	0	0
4	2	1	3
4	3	0	0
4	4	1	3
4	5	1	3
4	6	1	3
4	7	2	8
4	8	9	10
4	9	0	0
4	10	0	0
4	11	9	10
4	12	2	8
4	13	9	10
4	14	2	8
4	15	2	8
4	16	9	10
4	17	7	18
4	18	26	27
4	19	7	18
4	20	17	21
4	21	22	23
4	22	44	45
4	23	34	35
4	24	7	18
4	25	22	23
4	26	59	60
4	27	57	58
4	28	17	21
4	29	17	21
4	30	22	23
4	31	20	32
4	32	63	64
4	33	22	23
4	34	51	52
4	35	39	40
4	36	20	32
4	37	34	35
4	38	34	35
4	39	0	0
4	40	0	0
4	41	34	35
4	42	20	32
4	43	26	27
4	44	54	55
4	45	47	48
4	46	20	32
4	47	0	0
4	48	0	0
4	49	47	48
4	50	7	18
4	51	0	0
4	52	0	0
4	53	44	45
4	54	0	0
4	55	0	0
4	56	17	21
4	57	0	0
4	58	0	0
4	59	0	0
4	60	0	0
4	61	47	48
4	62	59	60
4	63	65	66
4	64	123	124
4	65	79	80
4	66	74	75
4	67	44	45
4	68	39	40
4	69	44	45
4	70	31	71
4	71	136	137
4	72	63	64
4	73	31	71
4	74	99	100
4	75	76	77
4	76	0	0
4	77	0	0
4	78	74	75
4	79	92	93
4	80	109	110
4	81	63	64
4	82	79	80
4	83	63	64
4	84	79	80
4	85	65	66
4	86	31	71
4	87	65	66
4	88	47	48
4	89	39	40
4	90	57	58
4	91	51	52
4	92	0	0
4	93	0	0
4	94	92	93
4	95	79	80
4	96	76	77
4	97	74	75
4	98	51	52
4	99	0	0
4	100	0	0
4	101	92	93
4	102	59	60
4	103	99	100
4	104	92	93
4	105	76	77
4	106	31	71
4	107	51	52
4	108	26	27
4	109	0	0
4	110	0	0
4	111	109	110
4	112	70	113
4	113	138	139
4	114	57	58
4	115	57	58
4	116	74	75
4	117	76	77
4	118	109	110
4	119	109	110
4	120	54	55
4	121	99	100
4	122	39	40
4	123	130	131
4	124	125	126
4	125	166	167
4	126	145	146
4	127	59	60
4	128	123	124
4	129	70	113
4	130	141	142
4	131	143	144
4	132	70	113
4	133	70	113
4	134	123	124
4	135	123	124
4	136	148	149
4	137	161	162
4	138	155	156
4	139	178	179
4	140	26	27
4	141	0	0
4	142	0	0
4	143	0	0
4	144	0	0
4	145	0	0
4	146	0	0
4	147	99	100
4	148	171	172
4	149	152	153
4	150	138	139
4	151	143	144
4	152	324	325
4	153	184	185
4	154	152	153
4	155	164	165
4	156	403	404
4	157	112	158
4	158	222	223
4	159	145	146
4	160	143	144
4	161	334	335
4	162	245	246
4	163	125	126
4	164	236	237
4	165	225	226
4	166	0	0
4	167	0	0
4	168	130	131
4	169	112	158
4	170	148	149
4	171	232	233
4	172	174	175
4	173	136	137
4	174	194	195
4	175	390	391
4	176	141	142
4	177	112	158
4	178	279	280
4	179	234	235
4	180	136	137
4	181	136	137
4	182	155	156
4	183	143	144
4	184	576	577
4	185	203	204
4	186	152	153
4	187	141	142
4	188	171	172
4	189	54	55
4	190	130	131
4	191	174	175
4	192	54	55
4	193	130	131
4	194	0	0
4	195	0	0
4	196	141	142
4	197	148	149
4	198	152	153
4	199	171	172
4	200	184	185
4	201	174	175
4	202	148	149
4	203	0	0
4	204	0	0
4	205	155	156
4	206	145	146
4	207	125	126
4	208	157	209
4	209	352	353
4	210	157	209
4	211	161	162
4	212	65	66
4	213	166	167
4	214	161	162
4	215	138	139
4	216	166	167
4	217	112	158
4	218	155	156
4	219	166	167
4	220	208	221
4	221	344	345
4	222	251	252
4	223	0	0
4	224	203	204
4	225	283	284
4	226	253	254
4	227	220	228
4	228	238	239
4	229	125	126
4	230	194	195
4	231	178	179
4	232	748	749
4	233	342	343
4	234	240	241
4	235	489	490
4	236	247	248
4	237	538	539
4	238	311	312
4	239	475	476
4	240	287	288
4	241	306	307
4	242	164	165
4	243	227	244
4	244	255	256
4	245	259	260
4	246	806	807
4	247	270	271
4	248	860	861
4	249	247	248
4	250	161	162
4	251	281	282
4	252	275	276
4	253	296	297
4	254	348	349
4	255	446	447
4	256	303	304
4	257	238	239
4	258	255	256
4	259	377	378
4	260	290	291
4	261	225	226
4	262	247	248
4	263	194	195
4	264	208	221
4	265	157	209
4	266	236	237
4	267	220	228
4	268	232	233
4	269	203	204
4	270	0	0
4	271	0	0
4	272	259	260
4	273	255	256
4	274	247	248
4	275	564	565
4	276	327	328
4	277	178	179
4	278	222	223
4	279	481	482
4	280	423	424
4	281	356	357
4	282	320	321
4	283	608	609
4	284	374	375
4	285	234	235
4	286	220	228
4	287	336	337
4	288	396	397
4	289	203	204
4	290	0	0
4	291	0	0
4	292	243	293
4	293	362	363
4	294	232	233
4	295	184	185
4	296	0	0
4	297	0	0
4	298	232	233
4	299	281	282
4	300	279	280
4	301	178	179
4	302	194	195
4	303	0	0
4	304	406	407
4	305	245	246
4	306	937	938
4	307	471	472
4	308	290	291
4	309	174	175
4	310	157	209
4	311	330	331
4	312	487	488
4	313	251	252
4	314	208	221
4	315	145	146
4	316	283	284
4	317	234	235
4	318	303	304
4	319	306	307
4	320	614	615
4	321	771	772
4	322	290	291
4	323	234	235
4	324	464	465
4	325	0	0
4	326	164	165
4	327	332	333
4	328	436	437
4	329	306	307
4	330	535	536
4	331	642	643
4	332	386	387
4	333	673	674
4	334	346	347
4	335	366	367
4	336	0	0
4	337	0	0
4	338	330	331
4	339	290	291
4	340	270	271
4	341	220	228
4	342	0	0
4	343	0	0
4	344	477	478
4	345	0	0
4	346	514	515
4	347	473	474
4	348	0	0
4	349	0	0
4	350	334	335
4	351	251	252
4	352	398	399
4	353	0	0
4	354	184	185
4	355	352	353
4	356	384	385
4	357	593	594
4	358	303	304
4	359	324	325
4	360	225	226
4	361	356	357
4	362	371	372
4	363	502	503
4	364	342	343
4	365	348	349
4	366	797	798
4	367	450	451
4	368	225	226
4	369	208	221
4	370	342	343
4	371	381	382
4	372	663	664
4	373	344	345
4	374	0	0
4	375	0	0
4	376	236	237
4	377	0	0
4	378	0	0
4	379	377	378
4	380	253	254
4	381	432	433
4	382	978	979
4	383	245	246
4	384	551	552
4	385	557	558
4	386	438	439
4	387	0	0
4	388	251	252
4	389	306	307
4	390	0	0
4	391	0	0
4	392	287	288
4	393	366	367
4	394	320	321
4	395	344	345
4	396	0	0
4	397	0	0
4	398	410	411
4	399	635	636
4	400	296	297
4	401	384	385
4	402	327	328
4	403	413	414
4	404	976	977
4	405	238	239
4	406	434	435
4	407	444	445
4	408	281	282
4	409	406	407
4	410	454	455
4	411	0	0
4	412	243	293
4	413	549	550
4	414	0	0
4	415	164	165
4	416	396	397
4	417	344	345
4	418	236	237
4	419	371	372
4	420	243	293
4	421	275	276
4	422	396	397
4	423	0	0
4	424	0	0
4	425	240	241
4	426	243	293
4	427	320	321
4	428	330	331
4	429	334	335
4	430	377	378
4	431	403	404
4	432	0	0
4	433	458	459
4	434	640	641
4	435	440	441
4	436	590	591
4	437	0	0
4	438	0	0
4	439	0	0
4	440	543	544
4	441	631	632
4	442	287	288
4	443	320	321
4	444	468	469
4	445	0	0
4	446	989	990
4	447	516	517
4	448	396	397
4	449	270	271
4	450	0	0
4	451	0	0
4	452	381	382
4	453	311	312
4	454	466	467
4	455	582	583
4	456	287	288
4	457	346	347
4	458	569	570
4	459	588	589
4	460	311	312
4	461	440	441
4	462	444	445
4	463	371	372
4	464	0	0
4	465	0	0
4	466	691	692
4	467	610	611
4	468	500	501
4	469	0	0
4	470	327	328
4	471	0	0
4	472	0	0
4	473	0	0
4	474	0	0
4	475	545	546
4	476	0	0
4	477	505	506
4	478	649	650
4	479	275	276
4	480	324	325
4	481	625	626
4	482	0	0
4	483	275	276
4	484	475	476
4	485	384	385
4	486	366	367
4	487	717	718
4	488	776	777
4	489	633	634
4	490	710	711
4	491	255	256
4	492	446	447
4	493	477	478
4	494	330	331
4	495	222	223
4	496	423	424
4	497	327	328
4	498	336	337
4	499	138	139
4	500	553	554
4	501	820	821
4	502	621	622
4	503	699	700
4	504	352	353
4	505	612	613
4	506	523	524
4	507	377	378
4	508	403	404
4	509	222	223
4	510	270	271
4	511	245	246
4	512	434	435
4	513	475	476
4	514	0	0
4	515	0	0
4	516	753	754
4	517	0	0
4	518	473	474
4	519	471	472
4	520	444	445
4	521	336	337
4	522	303	304
4	523	0	0
4	524	0	0
4	525	253	254
4	526	348	349
4	527	240	241
4	528	390	391
4	529	283	284
4	530	398	399
4	531	334	335
4	532	489	490
4	533	366	367
4	534	281	282
4	535	766	767
4	536	863	864
4	537	505	506
4	538	559	560
4	539	952	953
4	540	374	375
4	541	516	517
4	542	471	472
4	543	721	722
4	544	616	617
4	545	644	645
4	546	585	586
4	547	436	437
4	548	514	515
4	549	0	0
4	550	602	603
4	551	678	679
4	552	829	830
4	553	561	562
4	554	930	931
4	555	410	411
4	556	535	536
4	557	0	0
4	558	0	0
4	559	0	0
4	560	0	0
4	561	606	607
4	562	0	0
4	563	434	435
4	564	657	658
4	565	878	879
4	566	432	433
4	567	559	560
4	568	464	465
4	569	681	682
4	570	597	598
4	571	489	490
4	572	569	570
4	573	410	411
4	574	564	565
4	575	434	435
4	576	0	0
4	577	0	0
4	578	473	474
4	579	348	349
4	580	553	554
4	581	475	476
4	582	0	0
4	583	618	619
4	584	553	554
4	585	659	660
4	586	0	0
4	587	171	172
4	588	705	706
4	589	991	992
4	590	0	0
4	591	0	0
4	592	553	554
4	593	0	0
4	594	734	735
4	595	381	382
4	596	543	544
4	597	604	605
4	598	0	0
4	599	590	591
4	600	487	488
4	601	371	372
4	602	0	0
4	603	0	0
4	604	0	0
4	605	746	747
4	606	731	732
4	607	0	0
4	608	0	0
4	609	0	0
4	610	0	0
4	611	712	713
4	612	0	0
4	613	941	942
4	614	0	0
4	615	0	0
4	616	755	756
4	617	0	0
4	618	0	0
4	619	923	924
4	620	440	441
4	621	831	832
4	622	655	656
4	623	551	552
4	624	471	472
4	625	689	690
4	626	892	893
4	627	311	312
4	628	608	609
4	629	618	619
4	630	436	437
4	631	725	726
4	632	0	0
4	633	889	890
4	634	0	0
4	635	921	922
4	636	834	835
4	637	602	603
4	638	590	591
4	639	610	611
4	640	855	856
4	641	0	0
4	642	974	975
4	643	0	0
4	644	919	920
4	645	788	789
4	646	458	459
4	647	346	347
4	648	505	506
4	649	653	654
4	650	0	0
4	651	356	357
4	652	296	297
4	653	715	716
4	654	0	0
4	655	671	672
4	656	943	944
4	657	0	0
4	658	667	668
4	659	898	899
4	660	0	0
4	661	614	615
4	662	538	539
4	663	759	760
4	664	675	676
4	665	381	382
4	666	324	325
4	667	0	0
4	668	935	936
4	669	516	517
4	670	612	613
4	671	817	818
4	672	909	910
4	673	0	0
4	674	729	730
4	675	0	0
4	676	849	850
4	677	675	676
4	678	0	0
4	679	0	0
4	680	545	546
4	681	703	704
4	682	876	877
4	683	535	536
4	684	675	676
4	685	602	603
4	686	374	375
4	687	332	333
4	688	585	586
4	689	0	0
4	690	0	0
4	691	980	981
4	692	869	870
4	693	413	414
4	694	410	411
4	695	561	562
4	696	538	539
4	697	438	439
4	698	468	469
4	699	838	839
4	700	826	827
4	701	440	441
4	702	612	613
4	703	0	0
4	704	0	0
4	705	0	0
4	706	0	0
4	707	444	445
4	708	691	692
4	709	352	353
4	710	0	0
4	711	824	825
4	712	0	0
4	713	0	0
4	714	635	636
4	715	842	843
4	716	0	0
4	717	0	0
4	718	0	0
4	719	362	363
4	720	551	552
4	721	0	0
4	722	0	0
4	723	569	570
4	724	608	609
4	725	0	0
4	726	738	739
4	727	649	650
4	728	631	632
4	729	0	0
4	730	0	0
4	731	0	0
4	732	791	792
4	733	446	447
4	734	0	0
4	735	0	0
4	736	505	506
4	737	390	391
4	738	795	796
4	739	0	0
4	740	559	560
4	741	569	570
4	742	721	722
4	743	336	337
4	744	549	550
4	745	635	636
4	746	0	0
4	747	0	0
4	748	0	0
4	749	0	0
4	750	346	347
4	751	296	297
4	752	432	433
4	753	0	0
4	754	761	762
4	755	0	0
4	756	0	0
4	757	481	482
4	758	729	730
4	759	0	0
4	760	0	0
4	761	0	0
4	762	0	0
4	763	253	254
4	764	240	241
4	765	675	676
4	766	949	950
4	767	0	0
4	768	725	726
4	769	689	690
4	770	436	437
4	771	793	794
4	772	857	858
4	773	238	239
4	774	673	674
4	775	473	474
4	776	0	0
4	777	801	802
4	778	602	603
4	779	398	399
4	780	721	722
4	781	738	739
4	782	466	467
4	783	610	611
4	784	746	747
4	785	446	447
4	786	356	357
4	787	759	760
4	788	0	0
4	789	0	0
4	790	788	789
4	791	0	0
4	792	0	0
4	793	803	804
4	794	814	815
4	795	0	0
4	796	0	0
4	797	0	0
4	798	0	0
4	799	788	789
4	800	500	501
4	801	933	934
4	802	0	0
4	803	0	0
4	804	0	0
4	805	803	804
4	806	0	0
4	807	0	0
4	808	487	488
4	809	614	615
4	810	649	650
4	811	489	490
4	812	538	539
4	813	403	404
4	814	0	0
4	815	0	0
4	816	523	524
4	817	0	0
4	818	0	0
4	819	776	777
4	820	885	886
4	821	871	872
4	822	642	643
4	823	342	343
4	824	0	0
4	825	0	0
4	826	0	0
4	827	0	0
4	828	432	433
4	829	0	0
4	830	0	0
4	831	0	0
4	832	840	841
4	833	585	586
4	834	0	0
4	835	958	959
4	836	576	577
4	837	820	821
4	838	0	0
4	839	0	0
4	840	0	0
4	841	927	928
4	842	0	0
4	843	0	0
4	844	806	807
4	845	703	704
4	846	585	586
4	847	631	632
4	848	753	754
4	849	971	972
4	850	0	0
4	851	543	544
4	852	840	841
4	853	283	284
4	854	481	482
4	855	0	0
4	856	0	0
4	857	0	0
4	858	0	0
4	859	725	726
4	860	0	0
4	861	0	0
4	862	659	660
4	863	0	0
4	864	0	0
4	865	545	546
4	866	450	451
4	867	464	465
4	868	576	577
4	869	0	0
4	870	987	988
4	871	0	0
4	872	900	901
4	873	549	550
4	874	612	613
4	875	450	451
4	876	0	0
4	877	0	0
4	878	0	0
4	879	0	0
4	880	576	577
4	881	691	692
4	882	500	501
4	883	640	641
4	884	738	739
4	885	0	0
4	886	0	0
4	887	423	424
4	888	259	260
4	889	0	0
4	890	0	0
4	891	635	636
4	892	0	0
4	893	0	0
4	894	551	552
4	895	606	607
4	896	667	668
4	897	386	387
4	898	0	0
4	899	0	0
4	900	0	0
4	901	903	904
4	902	374	375
4	903	0	0
4	904	0	0
4	905	806	807
4	906	689	690
4	907	604	605
4	908	734	735
4	909	0	0
4	910	0	0
4	911	761	762
4	912	842	843
4	913	753	754
4	914	523	524
4	915	477	478
4	916	831	832
4	917	279	280
4	918	362	363
4	919	960	961
4	920	0	0
4	921	964	965
4	922	0	0
4	923	0	0
4	924	0	0
4	925	384	385
4	926	535	536
4	927	946	947
4	928	0	0
4	929	227	244
4	930	0	0
4	931	0	0
4	932	450	451
4	933	0	0
4	934	0	0
4	935	0	0
4	936	0	0
4	937	0	0
4	938	0	0
4	939	671	672
4	940	748	749
4	941	0	0
4	942	0	0
4	943	0	0
4	944	0	0
4	945	653	654
4	946	0	0
4	947	994	995
4	948	678	679
4	949	0	0
4	950	0	0
4	951	610	611
4	952	0	0
4	953	0	0
4	954	618	619
4	955	725	726
4	956	788	789
4	957	514	515
4	958	0	0
4	959	0	0
4	960	0	0
4	961	0	0
4	962	793	794
4	963	831	832
4	964	0	0
4	965	0	0
4	966	878	879
4	967	878	879
4	968	949	950
4	969	502	503
4	970	582	583
4	971	0	0
4	972	0	0
4	973	406	407
4	974	0	0
4	975	0	0
4	976	0	0
4	977	0	0
4	978	0	0
4	979	0	0
4	980	0	0
4	981	0	0
4	982	481	482
4	983	766	767
4	984	921	922
4	985	549	550
4	986	919	920
4	987	0	0
4	988	0	0
4	989	0	0
4	990	0	0
4	991	0	0
4	992	0	0
4	993	949	950
4	994	0	0
4	995	0	0
4	996	423	424
4	997	889	890
4	998	691	692
4	999	755	756
4	1000	608	609
