0	1	0	0
0	2	1	3
0	3	0	0
0	4	1	3
0	5	1	3
0	6	1	3
0	7	2	8
0	8	36	37
0	9	2	8
0	10	7	11
0	11	13	14
0	12	7	11
0	13	20	21
0	14	65	66
0	15	13	14
0	16	7	11
0	17	7	11
0	18	13	14
0	19	2	8
0	20	0	0
0	21	0	0
0	22	20	21
0	23	13	14
0	24	2	8
0	25	10	26
0	26	70	71
0	27	10	26
0	28	10	26
0	29	25	30
0	30	33	34
0	31	20	21
0	32	10	26
0	33	47	48
0	34	49	50
0	35	25	30
0	36	0	0
0	37	0	0
0	38	29	39
0	39	54	55
0	40	25	30
0	41	25	30
0	42	20	21
0	43	29	39
0	44	33	34
0	45	29	39
0	46	29	39
0	47	60	61
0	48	97	98
0	49	86	87
0	50	58	59
0	51	33	34
0	52	47	48
0	53	36	37
0	54	101	102
0	55	143	144
0	56	36	37
0	57	49	50
0	58	74	75
0	59	109	110
0	60	151	152
0	61	79	80
0	62	38	63
0	63	68	69
0	64	47	48
0	65	0	0
0	66	0	0
0	67	58	59
0	68	115	116
0	69	166	167
0	70	72	73
0	71	117	118
0	72	81	82
0	73	124	125
0	74	0	0
0	75	0	0
0	76	65	66
0	77	36	37
0	78	70	71
0	79	0	0
0	80	0	0
0	81	0	0
0	82	0	0
0	83	54	55
0	84	47	48
0	85	38	63
0	86	230	231
0	87	94	95
0	88	81	82
0	89	72	73
0	90	54	55
0	91	60	61
0	92	62	93
0	93	549	550
0	94	0	0
0	95	0	0
0	96	65	66
0	97	99	100
0	98	236	237
0	99	0	0
0	100	0	0
0	101	141	142
0	102	404	405
0	103	65	66
0	104	72	73
0	105	33	34
0	106	38	63
0	107	62	93
0	108	60	61
0	109	0	0
0	110	0	0
0	111	79	80
0	112	70	71
0	113	60	61
0	114	38	63
0	115	195	196
0	116	211	212
0	117	146	147
0	118	192	193
0	119	92	120
0	120	354	355
0	121	72	73
0	122	62	93
0	123	117	118
0	124	0	0
0	125	0	0
0	126	109	110
0	127	58	59
0	128	119	129
0	129	156	157
0	130	128	131
0	131	499	500
0	132	49	50
0	133	68	69
0	134	49	50
0	135	62	93
0	136	115	116
0	137	109	110
0	138	58	59
0	139	68	69
0	140	54	55
0	141	178	179
0	142	202	203
0	143	160	161
0	144	220	221
0	145	128	131
0	146	0	0
0	147	0	0
0	148	146	147
0	149	128	131
0	150	99	100
0	151	0	0
0	152	0	0
0	153	86	87
0	154	92	120
0	155	101	102
0	156	294	295
0	157	162	163
0	158	94	95
0	159	97	98
0	160	206	207
0	161	164	165
0	162	244	245
0	163	371	372
0	164	291	292
0	165	214	215
0	166	228	229
0	167	175	176
0	168	79	80
0	169	130	170
0	170	424	425
0	171	160	161
0	172	128	131
0	173	86	87
0	174	70	71
0	175	588	589
0	176	239	240
0	177	68	69
0	178	331	332
0	179	254	255
0	180	178	179
0	181	119	129
0	182	119	129
0	183	141	142
0	184	141	142
0	185	166	167
0	186	94	95
0	187	151	152
0	188	160	161
0	189	130	170
0	190	130	170
0	191	175	176
0	192	0	0
0	193	0	0
0	194	94	95
0	195	217	218
0	196	246	247
0	197	195	196
0	198	81	82
0	199	130	170
0	200	101	102
0	201	162	163
0	202	428	429
0	203	209	210
0	204	101	102
0	205	195	196
0	206	271	272
0	207	259	260
0	208	117	118
0	209	0	0
0	210	0	0
0	211	357	358
0	212	261	262
0	213	209	210
0	214	0	0
0	215	0	0
0	216	164	165
0	217	285	286
0	218	369	370
0	219	151	152
0	220	566	567
0	221	264	265
0	222	109	110
0	223	99	100
0	224	86	87
0	225	119	129
0	226	97	98
0	227	79	80
0	228	322	323
0	229	419	420
0	230	0	0
0	231	0	0
0	232	166	167
0	233	143	144
0	234	99	100
0	235	228	229
0	236	0	0
0	237	0	0
0	238	236	237
0	239	326	327
0	240	479	480
0	241	146	147
0	242	92	120
0	243	220	221
0	244	409	410
0	245	308	309
0	246	300	301
0	247	269	270
0	248	124	125
0	249	162	163
0	250	141	142
0	251	115	116
0	252	239	240
0	253	162	163
0	254	0	0
0	255	0	0
0	256	209	210
0	257	143	144
0	258	202	203
0	259	0	0
0	260	0	0
0	261	578	579
0	262	277	278
0	263	124	125
0	264	279	280
0	265	313	314
0	266	261	262
0	267	164	165
0	268	261	262
0	269	400	401
0	270	547	548
0	271	0	0
0	272	0	0
0	273	236	237
0	274	220	221
0	275	166	167
0	276	92	120
0	277	455	456
0	278	599	600
0	279	0	0
0	280	0	0
0	281	81	82
0	282	277	278
0	283	261	262
0	284	74	75
0	285	519	520
0	286	347	348
0	287	220	221
0	288	156	157
0	289	151	152
0	290	254	255
0	291	0	0
0	292	0	0
0	293	285	286
0	294	432	433
0	295	297	298
0	296	156	157
0	297	334	335
0	298	714	715
0	299	178	179
0	300	379	380
0	301	315	316
0	302	143	144
0	303	285	286
0	304	206	207
0	305	160	161
0	306	230	231
0	307	175	176
0	308	749	750
0	309	373	374
0	310	308	309
0	311	156	157
0	312	74	75
0	313	0	0
0	314	0	0
0	315	0	0
0	316	0	0
0	317	264	265
0	318	308	309
0	319	146	147
0	320	217	218
0	321	228	229
0	322	571	572
0	323	351	352
0	324	239	240
0	325	285	286
0	326	359	360
0	327	461	462
0	328	244	245
0	329	264	265
0	330	254	255
0	331	0	0
0	332	0	0
0	333	264	265
0	334	602	603
0	335	361	362
0	336	259	260
0	337	271	272
0	338	239	240
0	339	175	176
0	340	313	314
0	341	97	98
0	342	297	298
0	343	124	125
0	344	209	210
0	345	259	260
0	346	291	292
0	347	0	0
0	348	0	0
0	349	117	118
0	350	195	196
0	351	377	378
0	352	555	556
0	353	217	218
0	354	704	705
0	355	402	403
0	356	228	229
0	357	464	465
0	358	364	365
0	359	0	0
0	360	0	0
0	361	664	665
0	362	559	560
0	363	115	116
0	364	396	397
0	365	366	367
0	366	0	0
0	367	0	0
0	368	178	179
0	369	415	416
0	370	617	618
0	371	470	471
0	372	614	615
0	373	381	382
0	374	482	483
0	375	259	260
0	376	271	272
0	377	0	0
0	378	0	0
0	379	0	0
0	380	0	0
0	381	965	966
0	382	388	389
0	383	381	382
0	384	334	335
0	385	361	362
0	386	331	332
0	387	277	278
0	388	606	607
0	389	417	418
0	390	236	237
0	391	347	348
0	392	369	370
0	393	379	380
0	394	214	215
0	395	277	278
0	396	0	0
0	397	0	0
0	398	313	314
0	399	246	247
0	400	0	0
0	401	0	0
0	402	878	879
0	403	430	431
0	404	467	468
0	405	458	459
0	406	396	397
0	407	359	360
0	408	217	218
0	409	591	592
0	410	0	0
0	411	74	75
0	412	402	403
0	413	214	215
0	414	369	370
0	415	0	0
0	416	0	0
0	417	716	717
0	418	573	574
0	419	541	542
0	420	445	446
0	421	347	348
0	422	315	316
0	423	269	270
0	424	521	522
0	425	637	638
0	426	409	410
0	427	419	420
0	428	0	0
0	429	0	0
0	430	447	448
0	431	752	753
0	432	0	0
0	433	443	444
0	434	271	272
0	435	377	378
0	436	366	367
0	437	244	245
0	438	404	405
0	439	326	327
0	440	202	203
0	441	373	374
0	442	419	420
0	443	0	0
0	444	627	628
0	445	532	533
0	446	497	498
0	447	680	681
0	448	643	644
0	449	211	212
0	450	347	348
0	451	244	245
0	452	331	332
0	453	214	215
0	454	206	207
0	455	0	0
0	456	0	0
0	457	294	295
0	458	492	493
0	459	914	915
0	460	269	270
0	461	0	0
0	462	0	0
0	463	409	410
0	464	612	613
0	465	0	0
0	466	300	301
0	467	861	862
0	468	702	703
0	469	447	448
0	470	506	507
0	471	640	641
0	472	230	231
0	473	357	358
0	474	300	301
0	475	402	403
0	476	294	295
0	477	447	448
0	478	432	433
0	479	694	695
0	480	0	0
0	481	334	335
0	482	508	509
0	483	513	514
0	484	297	298
0	485	379	380
0	486	291	292
0	487	322	323
0	488	361	362
0	489	461	462
0	490	415	416
0	491	373	374
0	492	0	0
0	493	0	0
0	494	230	231
0	495	458	459
0	496	428	429
0	497	0	0
0	498	0	0
0	499	676	677
0	500	625	626
0	501	409	410
0	502	331	332
0	503	269	270
0	504	291	292
0	505	206	207
0	506	646	647
0	507	0	0
0	508	668	669
0	509	515	516
0	510	506	507
0	511	419	420
0	512	354	355
0	513	595	596
0	514	656	657
0	515	835	836
0	516	832	833
0	517	246	247
0	518	461	462
0	519	0	0
0	520	0	0
0	521	0	0
0	522	0	0
0	523	313	314
0	524	415	416
0	525	479	480
0	526	417	418
0	527	404	405
0	528	211	212
0	529	192	193
0	530	492	493
0	531	467	468
0	532	0	0
0	533	0	0
0	534	404	405
0	535	400	401
0	536	447	448
0	537	211	212
0	538	357	358
0	539	366	367
0	540	294	295
0	541	0	0
0	542	945	946
0	543	351	352
0	544	202	203
0	545	254	255
0	546	497	498
0	547	0	0
0	548	0	0
0	549	800	801
0	550	0	0
0	551	246	247
0	552	443	444
0	553	445	446
0	554	388	389
0	555	0	0
0	556	0	0
0	557	351	352
0	558	315	316
0	559	582	583
0	560	0	0
0	561	300	301
0	562	443	444
0	563	381	382
0	564	464	465
0	565	521	522
0	566	848	849
0	567	621	622
0	568	492	493
0	569	361	362
0	570	417	418
0	571	696	697
0	572	765	766
0	573	0	0
0	574	0	0
0	575	432	433
0	576	470	471
0	577	357	358
0	578	796	797
0	579	718	719
0	580	377	378
0	581	573	574
0	582	0	0
0	583	619	620
0	584	297	298
0	585	458	459
0	586	541	542
0	587	506	507
0	588	0	0
0	589	623	624
0	590	492	493
0	591	0	0
0	592	845	846
0	593	432	433
0	594	351	352
0	595	0	0
0	596	0	0
0	597	192	193
0	598	322	323
0	599	0	0
0	600	0	0
0	601	467	468
0	602	895	896
0	603	975	976
0	604	573	574
0	605	308	309
0	606	803	804
0	607	689	690
0	608	566	567
0	609	369	370
0	610	470	471
0	611	513	514
0	612	0	0
0	613	0	0
0	614	0	0
0	615	0	0
0	616	591	592
0	617	0	0
0	618	0	0
0	619	709	710
0	620	0	0
0	621	0	0
0	622	0	0
0	623	0	0
0	624	930	931
0	625	634	635
0	626	926	927
0	627	0	0
0	628	671	672
0	629	521	522
0	630	499	500
0	631	573	574
0	632	458	459
0	633	571	572
0	634	741	742
0	635	0	0
0	636	621	622
0	637	653	654
0	638	777	778
0	639	359	360
0	640	659	660
0	641	977	978
0	642	519	520
0	643	771	772
0	644	662	663
0	645	521	522
0	646	0	0
0	647	745	746
0	648	169	649
0	649	733	734
0	650	379	380
0	651	566	567
0	652	625	626
0	653	787	788
0	654	726	727
0	655	508	509
0	656	856	857
0	657	938	939
0	658	625	626
0	659	0	0
0	660	0	0
0	661	169	649
0	662	981	982
0	663	760	761
0	664	0	0
0	665	0	0
0	666	588	589
0	667	499	500
0	668	768	769
0	669	729	730
0	670	662	663
0	671	893	894
0	672	881	882
0	673	627	628
0	674	619	620
0	675	653	654
0	676	920	921
0	677	0	0
0	678	479	480
0	679	443	444
0	680	996	997
0	681	998	999
0	682	506	507
0	683	192	193
0	684	470	471
0	685	366	367
0	686	499	500
0	687	588	589
0	688	497	498
0	689	0	0
0	690	0	0
0	691	430	431
0	692	415	416
0	693	627	628
0	694	0	0
0	695	0	0
0	696	0	0
0	697	0	0
0	698	428	429
0	699	668	669
0	700	617	618
0	701	555	556
0	702	0	0
0	703	0	0
0	704	933	934
0	705	738	739
0	706	400	401
0	707	508	509
0	708	637	638
0	709	0	0
0	710	0	0
0	711	702	703
0	712	595	596
0	713	566	567
0	714	0	0
0	715	780	781
0	716	0	0
0	717	0	0
0	718	0	0
0	719	0	0
0	720	164	165
0	721	396	397
0	722	662	663
0	723	364	365
0	724	400	401
0	725	602	603
0	726	0	0
0	727	821	822
0	728	571	572
0	729	0	0
0	730	0	0
0	731	513	514
0	732	371	372
0	733	0	0
0	734	0	0
0	735	555	556
0	736	696	697
0	737	716	717
0	738	839	840
0	739	794	795
0	740	729	730
0	741	775	776
0	742	747	748
0	743	377	378
0	744	582	583
0	745	0	0
0	746	824	825
0	747	812	813
0	748	899	900
0	749	806	807
0	750	0	0
0	751	745	746
0	752	943	944
0	753	0	0
0	754	696	697
0	755	315	316
0	756	559	560
0	757	623	624
0	758	582	583
0	759	627	628
0	760	948	949
0	761	0	0
0	762	634	635
0	763	591	592
0	764	582	583
0	765	0	0
0	766	0	0
0	767	549	550
0	768	0	0
0	769	0	0
0	770	765	766
0	771	0	0
0	772	874	875
0	773	689	690
0	774	726	727
0	775	0	0
0	776	0	0
0	777	941	942
0	778	897	898
0	779	371	372
0	780	901	902
0	781	0	0
0	782	637	638
0	783	595	596
0	784	547	548
0	785	497	498
0	786	381	382
0	787	0	0
0	788	814	815
0	789	371	372
0	790	617	618
0	791	513	514
0	792	482	483
0	793	169	649
0	794	0	0
0	795	993	994
0	796	0	0
0	797	0	0
0	798	424	425
0	799	445	446
0	800	869	870
0	801	885	886
0	802	364	365
0	803	0	0
0	804	0	0
0	805	455	456
0	806	0	0
0	807	0	0
0	808	578	579
0	809	322	323
0	810	588	589
0	811	664	665
0	812	0	0
0	813	0	0
0	814	0	0
0	815	912	913
0	816	555	556
0	817	689	690
0	818	775	776
0	819	571	572
0	820	716	717
0	821	842	843
0	822	867	868
0	823	612	613
0	824	887	888
0	825	0	0
0	826	334	335
0	827	541	542
0	828	760	761
0	829	749	750
0	830	680	681
0	831	726	727
0	832	0	0
0	833	0	0
0	834	796	797
0	835	0	0
0	836	0	0
0	837	643	644
0	838	702	703
0	839	0	0
0	840	0	0
0	841	680	681
0	842	0	0
0	843	0	0
0	844	738	739
0	845	954	955
0	846	0	0
0	847	606	607
0	848	0	0
0	849	0	0
0	850	640	641
0	851	549	550
0	852	606	607
0	853	733	734
0	854	643	644
0	855	169	649
0	856	0	0
0	857	0	0
0	858	482	483
0	859	653	654
0	860	662	663
0	861	0	0
0	862	0	0
0	863	664	665
0	864	388	389
0	865	794	795
0	866	612	613
0	867	0	0
0	868	0	0
0	869	0	0
0	870	0	0
0	871	796	797
0	872	696	697
0	873	614	615
0	874	0	0
0	875	0	0
0	876	835	836
0	877	515	516
0	878	0	0
0	879	0	0
0	880	602	603
0	881	0	0
0	882	970	971
0	883	625	626
0	884	646	647
0	885	0	0
0	886	0	0
0	887	0	0
0	888	0	0
0	889	455	456
0	890	482	483
0	891	648	892
0	892	0	0
0	893	0	0
0	894	0	0
0	895	957	958
0	896	0	0
0	897	0	0
0	898	0	0
0	899	0	0
0	900	0	0
0	901	0	0
0	902	0	0
0	903	634	635
0	904	878	879
0	905	428	429
0	906	455	456
0	907	659	660
0	908	726	727
0	909	752	753
0	910	738	739
0	911	765	766
0	912	0	0
0	913	0	0
0	914	0	0
0	915	0	0
0	916	702	703
0	917	747	748
0	918	508	509
0	919	694	695
0	920	0	0
0	921	0	0
0	922	803	804
0	923	417	418
0	924	279	280
0	925	845	846
0	926	0	0
0	927	0	0
0	928	595	596
0	929	467	468
0	930	0	0
0	931	0	0
0	932	549	550
0	933	0	0
0	934	0	0
0	935	869	870
0	936	874	875
0	937	689	690
0	938	0	0
0	939	0	0
0	940	646	647
0	941	0	0
0	942	0	0
0	943	0	0
0	944	0	0
0	945	0	0
0	946	0	0
0	947	716	717
0	948	0	0
0	949	0	0
0	950	893	894
0	951	760	761
0	952	835	836
0	953	515	516
0	954	967	968
0	955	0	0
0	956	646	647
0	957	0	0
0	958	972	973
0	959	599	600
0	960	752	753
0	961	874	875
0	962	945	946
0	963	714	715
0	964	861	862
0	965	986	987
0	966	0	0
0	967	0	0
0	968	0	0
0	969	965	966
0	970	0	0
0	971	0	0
0	972	0	0
0	973	0	0
0	974	912	913
0	975	0	0
0	976	0	0
0	977	989	990
0	978	0	0
0	979	532	533
0	980	664	665
0	981	0	0
0	982	0	0
0	983	803	804
0	984	842	843
0	985	396	397
0	986	0	0
0	987	0	0
0	988	771	772
0	989	0	0
0	990	0	0
0	991	612	613
0	992	912	913
0	993	0	0
0	994	0	0
0	995	619	620
0	996	0	0
0	997	0	0
0	998	0	0
0	999	0	0
0	1000	780	781
