28	1	0	0
28	2	1	3
28	3	0	0
28	4	1	3
28	5	1	3
28	6	1	3
28	7	2	8
28	8	29	30
28	9	7	10
28	10	19	20
28	11	9	12
28	12	16	17
28	13	2	8
28	14	9	12
28	15	7	10
28	16	53	54
28	17	26	27
28	18	2	8
28	19	21	22
28	20	67	68
28	21	0	0
28	22	0	0
28	23	11	24
28	24	62	63
28	25	9	12
28	26	34	35
28	27	0	0
28	28	21	22
28	29	0	0
28	30	0	0
28	31	7	10
28	32	9	12
28	33	2	8
28	34	0	0
28	35	0	0
28	36	23	37
28	37	41	42
28	38	11	24
28	39	21	22
28	40	16	17
28	41	50	51
28	42	45	46
28	43	19	20
28	44	34	35
28	45	78	79
28	46	0	0
28	47	41	42
28	48	11	24
28	49	16	17
28	50	64	65
28	51	0	0
28	52	21	22
28	53	55	56
28	54	0	0
28	55	0	0
28	56	0	0
28	57	23	37
28	58	19	20
28	59	7	10
28	60	50	51
28	61	19	20
28	62	80	81
28	63	0	0
28	64	0	0
28	65	76	77
28	66	64	65
28	67	0	0
28	68	0	0
28	69	67	68
28	70	67	68
28	71	29	30
28	72	67	68
28	73	45	46
28	74	34	35
28	75	64	65
28	76	97	98
28	77	0	0
28	78	87	88
28	79	0	0
28	80	0	0
28	81	0	0
28	82	29	30
28	83	23	37
28	84	53	54
28	85	41	42
28	86	34	35
28	87	0	0
28	88	93	94
28	89	53	54
28	90	53	54
28	91	16	17
28	92	80	81
28	93	0	0
28	94	0	0
28	95	23	37
28	96	80	81
28	97	0	0
28	98	0	0
28	99	93	94
28	100	0	0
