20	1	0	0
20	2	1	3
20	3	0	0
20	4	2	5
20	5	8	9
20	6	1	3
20	7	1	3
20	8	0	0
20	9	0	0
20	10	1	3
20	11	4	12
20	12	48	49
20	13	2	5
20	14	2	5
20	15	8	9
20	16	4	12
20	17	4	12
20	18	11	19
20	19	36	37
20	20	8	9
20	21	2	5
20	22	8	9
20	23	11	19
20	24	18	25
20	25	136	137
20	26	4	12
20	27	24	28
20	28	29	30
20	29	52	53
20	30	43	44
20	31	18	25
20	32	18	25
20	33	29	30
20	34	29	30
20	35	24	28
20	36	39	40
20	37	73	74
20	38	11	19
20	39	203	204
20	40	45	46
20	41	29	30
20	42	11	19
20	43	92	93
20	44	87	88
20	45	0	0
20	46	0	0
20	47	43	44
20	48	112	113
20	49	95	96
20	50	24	28
20	51	39	40
20	52	156	157
20	53	62	63
20	54	27	55
20	55	80	81
20	56	43	44
20	57	45	46
20	58	27	55
20	59	24	28
20	60	18	25
20	61	43	44
20	62	68	69
20	63	64	65
20	64	114	115
20	65	76	77
20	66	54	67
20	67	90	91
20	68	133	134
20	69	107	108
20	70	39	40
20	71	48	49
20	72	52	53
20	73	84	85
20	74	251	252
20	75	62	63
20	76	0	0
20	77	0	0
20	78	27	55
20	79	39	40
20	80	257	258
20	81	201	202
20	82	80	81
20	83	27	55
20	84	0	0
20	85	0	0
20	86	68	69
20	87	97	98
20	88	99	100
20	89	45	46
20	90	104	105
20	91	216	217
20	92	174	175
20	93	199	200
20	94	80	81
20	95	0	0
20	96	0	0
20	97	168	169
20	98	141	142
20	99	227	228
20	100	398	399
20	101	54	67
20	102	45	46
20	103	80	81
20	104	123	124
20	105	213	214
20	106	95	96
20	107	0	0
20	108	0	0
20	109	104	105
20	110	99	100
20	111	90	91
20	112	0	0
20	113	0	0
20	114	0	0
20	115	0	0
20	116	73	74
20	117	112	113
20	118	95	96
20	119	68	69
20	120	84	85
20	121	52	53
20	122	54	67
20	123	0	0
20	124	153	154
20	125	54	67
20	126	84	85
20	127	112	113
20	128	52	53
20	129	68	69
20	130	73	74
20	131	62	63
20	132	90	91
20	133	0	0
20	134	0	0
20	135	92	93
20	136	172	173
20	137	139	140
20	138	97	98
20	139	149	150
20	140	166	167
20	141	0	0
20	142	0	0
20	143	107	108
20	144	76	77
20	145	92	93
20	146	133	134
20	147	123	124
20	148	112	113
20	149	187	188
20	150	151	152
20	151	0	0
20	152	0	0
20	153	194	195
20	154	0	0
20	155	87	88
20	156	321	322
20	157	189	190
20	158	107	108
20	159	136	137
20	160	104	105
20	161	97	98
20	162	84	85
20	163	149	150
20	164	76	77
20	165	97	98
20	166	182	183
20	167	331	332
20	168	0	0
20	169	0	0
20	170	36	37
20	171	73	74
20	172	324	325
20	173	208	209
20	174	472	473
20	175	263	264
20	176	48	49
20	177	133	134
20	178	62	63
20	179	48	49
20	180	168	169
20	181	139	140
20	182	0	0
20	183	0	0
20	184	133	134
20	185	151	152
20	186	107	108
20	187	0	0
20	188	0	0
20	189	400	401
20	190	191	192
20	191	0	0
20	192	0	0
20	193	139	140
20	194	0	0
20	195	277	278
20	196	64	65
20	197	139	140
20	198	191	192
20	199	272	273
20	200	451	452
20	201	240	241
20	202	485	486
20	203	0	0
20	204	0	0
20	205	189	190
20	206	201	202
20	207	153	154
20	208	0	0
20	209	302	303
20	210	95	96
20	211	208	209
20	212	99	100
20	213	236	237
20	214	220	221
20	215	136	137
20	216	244	245
20	217	233	234
20	218	199	200
20	219	36	37
20	220	225	226
20	221	308	309
20	222	141	142
20	223	104	105
20	224	216	217
20	225	0	0
20	226	268	269
20	227	0	0
20	228	0	0
20	229	201	202
20	230	168	169
20	231	225	226
20	232	76	77
20	233	359	360
20	234	274	275
20	235	191	192
20	236	339	340
20	237	238	239
20	238	364	365
20	239	489	490
20	240	0	0
20	241	291	292
20	242	151	152
20	243	201	202
20	244	0	0
20	245	0	0
20	246	203	204
20	247	123	124
20	248	87	88
20	249	220	221
20	250	166	167
20	251	0	0
20	252	0	0
20	253	227	228
20	254	90	91
20	255	251	252
20	256	191	192
20	257	0	0
20	258	265	266
20	259	174	175
20	260	240	241
20	261	233	234
20	262	64	65
20	263	0	0
20	264	0	0
20	265	294	295
20	266	382	383
20	267	251	252
20	268	403	404
20	269	316	317
20	270	203	204
20	271	208	209
20	272	0	0
20	273	0	0
20	274	306	307
20	275	326	327
20	276	166	167
20	277	357	358
20	278	443	444
20	279	156	157
20	280	174	175
20	281	187	188
20	282	199	200
20	283	194	195
20	284	236	237
20	285	166	167
20	286	92	93
20	287	263	264
20	288	189	190
20	289	189	190
20	290	174	175
20	291	432	433
20	292	0	0
20	293	182	183
20	294	368	369
20	295	438	439
20	296	274	275
20	297	263	264
20	298	257	258
20	299	294	295
20	300	265	266
20	301	149	150
20	302	0	0
20	303	0	0
20	304	156	157
20	305	141	142
20	306	333	334
20	307	348	349
20	308	408	409
20	309	355	356
20	310	274	275
20	311	149	150
20	312	64	65
20	313	194	195
20	314	136	137
20	315	87	88
20	316	0	0
20	317	0	0
20	318	182	183
20	319	220	221
20	320	277	278
20	321	0	0
20	322	474	475
20	323	187	188
20	324	0	0
20	325	329	330
20	326	0	0
20	327	454	455
20	328	244	245
20	329	0	0
20	330	0	0
20	331	0	0
20	332	0	0
20	333	387	388
20	334	0	0
20	335	182	183
20	336	194	195
20	337	240	241
20	338	153	154
20	339	350	351
20	340	384	385
20	341	153	154
20	342	333	334
20	343	274	275
20	344	331	332
20	345	233	234
20	346	114	115
20	347	99	100
20	348	425	426
20	349	481	482
20	350	0	0
20	351	416	417
20	352	316	317
20	353	36	37
20	354	168	169
20	355	0	0
20	356	470	471
20	357	0	0
20	358	0	0
20	359	418	419
20	360	413	414
20	361	277	278
20	362	203	204
20	363	187	188
20	364	445	446
20	365	0	0
20	366	272	273
20	367	331	332
20	368	377	378
20	369	0	0
20	370	268	269
20	371	268	269
20	372	236	237
20	373	263	264
20	374	208	209
20	375	240	241
20	376	244	245
20	377	0	0
20	378	0	0
20	379	302	303
20	380	66	381
20	381	440	441
20	382	421	422
20	383	0	0
20	384	0	0
20	385	0	0
20	386	268	269
20	387	0	0
20	388	0	0
20	389	257	258
20	390	333	334
20	391	368	369
20	392	156	157
20	393	294	295
20	394	306	307
20	395	350	351
20	396	123	124
20	397	324	325
20	398	0	0
20	399	0	0
20	400	0	0
20	401	0	0
20	402	172	173
20	403	0	0
20	404	0	0
20	405	233	234
20	406	220	221
20	407	324	325
20	408	0	0
20	409	0	0
20	410	272	273
20	411	364	365
20	412	329	330
20	413	0	0
20	414	0	0
20	415	321	322
20	416	0	0
20	417	0	0
20	418	0	0
20	419	0	0
20	420	329	330
20	421	0	0
20	422	0	0
20	423	257	258
20	424	413	414
20	425	0	0
20	426	0	0
20	427	277	278
20	428	400	401
20	429	368	369
20	430	225	226
20	431	377	378
20	432	0	0
20	433	0	0
20	434	425	426
20	435	238	239
20	436	172	173
20	437	66	381
20	438	468	469
20	439	0	0
20	440	491	492
20	441	0	0
20	442	326	327
20	443	0	0
20	444	0	0
20	445	0	0
20	446	0	0
20	447	321	322
20	448	359	360
20	449	408	409
20	450	348	349
20	451	0	0
20	452	0	0
20	453	321	322
20	454	0	0
20	455	0	0
20	456	172	173
20	457	350	351
20	458	416	417
20	459	236	237
20	460	432	433
20	461	421	422
20	462	326	327
20	463	251	252
20	464	413	414
20	465	294	295
20	466	357	358
20	467	355	356
20	468	0	0
20	469	0	0
20	470	0	0
20	471	0	0
20	472	0	0
20	473	0	0
20	474	0	0
20	475	0	0
20	476	213	214
20	477	339	340
20	478	400	401
20	479	66	381
20	480	443	444
20	481	0	0
20	482	0	0
20	483	382	383
20	484	114	115
20	485	499	500
20	486	0	0
20	487	421	422
20	488	416	417
20	489	0	0
20	490	0	0
20	491	0	0
20	492	0	0
20	493	333	334
20	494	472	473
20	495	384	385
20	496	355	356
20	497	291	292
20	498	227	228
20	499	0	0
20	500	0	0
