17	1	0	0
17	2	1	3
17	3	0	0
17	4	1	3
17	5	1	3
17	6	1	3
17	7	2	8
17	8	10	11
17	9	2	8
17	10	0	0
17	11	0	0
17	12	7	13
17	13	0	0
17	14	7	13
17	15	10	11
17	16	2	8
17	17	2	8
17	18	12	19
17	19	25	26
17	20	12	19
17	21	12	19
17	22	18	23
17	23	38	39
17	24	10	11
17	25	0	0
17	26	34	35
17	27	25	26
17	28	22	29
17	29	32	33
17	30	7	13
17	31	12	19
17	32	0	0
17	33	42	43
17	34	0	0
17	35	48	49
17	36	22	29
17	37	34	35
17	38	0	0
17	39	0	0
17	40	28	41
17	41	0	0
17	42	0	0
17	43	0	0
17	44	7	13
17	45	38	39
17	46	40	47
17	47	0	0
17	48	0	0
17	49	0	0
17	50	0	0
