19	1	0	0
19	2	1	3
19	3	0	0
19	4	1	3
19	5	2	6
19	6	7	8
19	7	0	0
19	8	0	0
19	9	1	3
19	10	1	3
19	11	5	12
19	12	13	14
19	13	20	21
19	14	18	19
19	15	2	6
19	16	7	8
19	17	2	6
19	18	0	0
19	19	0	0
19	20	0	0
19	21	0	0
19	22	20	21
19	23	7	8
19	24	20	21
19	25	5	12
19	26	2	6
19	27	18	19
19	28	11	29
19	29	37	38
19	30	5	12
19	31	20	21
19	32	18	19
19	33	11	29
19	34	7	8
19	35	18	19
19	36	11	29
19	37	51	52
19	38	46	47
19	39	11	29
19	40	37	38
19	41	37	38
19	42	5	12
19	43	37	38
19	44	13	14
19	45	13	14
19	46	67	68
19	47	49	50
19	48	46	47
19	49	0	0
19	50	0	0
19	51	259	260
19	52	53	54
19	53	0	0
19	54	0	0
19	55	51	52
19	56	53	54
19	57	53	54
19	58	49	50
19	59	49	50
19	60	53	54
19	61	28	62
19	62	64	65
19	63	28	62
19	64	125	126
19	65	83	84
19	66	46	47
19	67	0	0
19	68	0	0
19	69	51	52
19	70	67	68
19	71	51	52
19	72	49	50
19	73	61	74
19	74	100	101
19	75	73	76
19	76	102	103
19	77	61	74
19	78	75	79
19	79	92	93
19	80	67	68
19	81	78	82
19	82	115	116
19	83	0	0
19	84	110	111
19	85	78	82
19	86	67	68
19	87	46	47
19	88	64	65
19	89	13	14
19	90	64	65
19	91	28	62
19	92	146	147
19	93	136	137
19	94	92	93
19	95	73	76
19	96	92	93
19	97	75	79
19	98	28	62
19	99	92	93
19	100	152	153
19	101	113	114
19	102	179	180
19	103	131	132
19	104	100	101
19	105	73	76
19	106	75	79
19	107	73	76
19	108	64	65
19	109	100	101
19	110	141	142
19	111	127	128
19	112	110	111
19	113	0	0
19	114	202	203
19	115	134	135
19	116	119	120
19	117	75	79
19	118	110	111
19	119	0	0
19	120	158	159
19	121	61	74
19	122	110	111
19	123	119	120
19	124	83	84
19	125	267	268
19	126	0	0
19	127	0	0
19	128	0	0
19	129	100	101
19	130	125	126
19	131	154	155
19	132	225	226
19	133	113	114
19	134	176	177
19	135	173	174
19	136	182	183
19	137	0	0
19	138	119	120
19	139	81	140
19	140	0	0
19	141	0	0
19	142	0	0
19	143	127	128
19	144	81	140
19	145	127	128
19	146	0	0
19	147	296	297
19	148	115	116
19	149	136	137
19	150	78	82
19	151	125	126
19	152	193	194
19	153	196	197
19	154	169	170
19	155	0	0
19	156	131	132
19	157	146	147
19	158	214	215
19	159	0	0
19	160	115	116
19	161	83	84
19	162	102	103
19	163	141	142
19	164	113	114
19	165	78	82
19	166	136	137
19	167	83	84
19	168	127	128
19	169	0	0
19	170	207	208
19	171	154	155
19	172	131	132
19	173	0	0
19	174	188	189
19	175	173	174
19	176	0	0
19	177	242	243
19	178	115	116
19	179	244	245
19	180	204	205
19	181	154	155
19	182	0	0
19	183	190	191
19	184	139	185
19	185	0	0
19	186	119	120
19	187	113	114
19	188	0	0
19	189	0	0
19	190	223	224
19	191	210	211
19	192	139	185
19	193	228	229
19	194	291	292
19	195	188	189
19	196	0	0
19	197	0	0
19	198	173	174
19	199	125	126
19	200	141	142
19	201	154	155
19	202	254	255
19	203	286	287
19	204	0	0
19	205	238	239
19	206	173	174
19	207	216	217
19	208	0	0
19	209	169	170
19	210	293	294
19	211	288	289
19	212	190	191
19	213	182	183
19	214	0	0
19	215	262	263
19	216	0	0
19	217	0	0
19	218	169	170
19	219	214	215
19	220	204	205
19	221	188	189
19	222	182	183
19	223	230	231
19	224	0	0
19	225	0	0
19	226	236	237
19	227	207	208
19	228	246	247
19	229	0	0
19	230	252	253
19	231	240	241
19	232	230	231
19	233	188	189
19	234	223	224
19	235	182	183
19	236	0	0
19	237	270	271
19	238	0	0
19	239	284	285
19	240	0	0
19	241	0	0
19	242	0	0
19	243	0	0
19	244	0	0
19	245	250	251
19	246	0	0
19	247	0	0
19	248	61	74
19	249	134	135
19	250	273	274
19	251	0	0
19	252	0	0
19	253	0	0
19	254	0	0
19	255	0	0
19	256	202	203
19	257	193	194
19	258	102	103
19	259	0	0
19	260	0	0
19	261	236	237
19	262	0	0
19	263	298	299
19	264	152	153
19	265	139	185
19	266	134	135
19	267	0	0
19	268	0	0
19	269	216	217
19	270	0	0
19	271	0	0
19	272	250	251
19	273	0	0
19	274	0	0
19	275	216	217
19	276	158	159
19	277	240	241
19	278	152	153
19	279	210	211
19	280	259	260
19	281	244	245
19	282	193	194
19	283	228	229
19	284	0	0
19	285	0	0
19	286	0	0
19	287	0	0
19	288	0	0
19	289	0	0
19	290	242	243
19	291	0	0
19	292	0	0
19	293	0	0
19	294	0	0
19	295	214	215
19	296	0	0
19	297	0	0
19	298	0	0
19	299	0	0
19	300	193	194
