7	1	0	0
7	2	1	3
7	3	0	0
7	4	1	3
7	5	1	3
7	6	1	3
7	7	2	8
7	8	9	10
7	9	0	0
7	10	0	0
7	11	2	8
7	12	2	8
7	13	7	14
7	14	15	16
7	15	21	22
7	16	17	18
7	17	0	0
7	18	0	0
7	19	9	10
7	20	2	8
7	21	0	0
7	22	0	0
7	23	7	14
7	24	15	16
7	25	21	22
7	26	17	18
7	27	17	18
7	28	7	14
7	29	7	14
7	30	21	22
7	31	17	18
7	32	9	10
7	33	9	10
7	34	21	22
7	35	15	16
7	36	13	37
7	37	65	66
7	38	13	37
7	39	13	37
7	40	36	41
7	41	53	54
7	42	13	37
7	43	15	16
7	44	36	41
7	45	40	46
7	46	93	94
7	47	45	48
7	48	49	50
7	49	69	70
7	50	57	58
7	51	47	52
7	52	250	251
7	53	170	171
7	54	0	0
7	55	40	46
7	56	36	41
7	57	72	73
7	58	61	62
7	59	57	58
7	60	40	46
7	61	74	75
7	62	114	115
7	63	51	64
7	64	208	209
7	65	102	103
7	66	88	89
7	67	49	50
7	68	47	52
7	69	123	124
7	70	188	189
7	71	51	64
7	72	125	126
7	73	85	86
7	74	100	101
7	75	181	182
7	76	65	66
7	77	72	73
7	78	45	48
7	79	72	73
7	80	47	52
7	81	61	62
7	82	61	62
7	83	61	62
7	84	65	66
7	85	138	139
7	86	168	169
7	87	49	50
7	88	199	200
7	89	91	92
7	90	36	41
7	91	0	0
7	92	0	0
7	93	159	160
7	94	106	107
7	95	45	48
7	96	40	46
7	97	57	58
7	98	45	48
7	99	47	52
7	100	134	135
7	101	0	0
7	102	153	154
7	103	104	105
7	104	0	0
7	105	0	0
7	106	119	120
7	107	128	129
7	108	100	101
7	109	85	86
7	110	69	70
7	111	51	64
7	112	69	70
7	113	51	64
7	114	166	167
7	115	269	270
7	116	104	105
7	117	74	75
7	118	72	73
7	119	0	0
7	120	0	0
7	121	88	89
7	122	100	101
7	123	193	194
7	124	231	232
7	125	164	165
7	126	0	0
7	127	123	124
7	128	136	137
7	129	132	133
7	130	88	89
7	131	69	70
7	132	144	145
7	133	274	275
7	134	0	0
7	135	0	0
7	136	242	243
7	137	141	142
7	138	0	0
7	139	295	296
7	140	104	105
7	141	0	0
7	142	0	0
7	143	119	120
7	144	0	0
7	145	0	0
7	146	119	120
7	147	49	50
7	148	104	105
7	149	106	107
7	150	53	54
7	151	88	89
7	152	100	101
7	153	0	0
7	154	0	0
7	155	85	86
7	156	134	135
7	157	141	142
7	158	134	135
7	159	210	211
7	160	176	177
7	161	128	129
7	162	57	58
7	163	123	124
7	164	0	0
7	165	185	186
7	166	0	0
7	167	0	0
7	168	0	0
7	169	229	230
7	170	191	192
7	171	195	196
7	172	65	66
7	173	63	174
7	174	0	0
7	175	63	174
7	176	0	0
7	177	237	238
7	178	138	139
7	179	91	92
7	180	153	154
7	181	244	245
7	182	0	0
7	183	144	145
7	184	123	124
7	185	0	0
7	186	0	0
7	187	170	171
7	188	0	0
7	189	0	0
7	190	91	92
7	191	0	0
7	192	223	224
7	193	246	247
7	194	0	0
7	195	226	227
7	196	0	0
7	197	106	107
7	198	188	189
7	199	0	0
7	200	0	0
7	201	164	165
7	202	181	182
7	203	93	94
7	204	176	177
7	205	159	160
7	206	138	139
7	207	188	189
7	208	213	214
7	209	276	277
7	210	0	0
7	211	0	0
7	212	144	145
7	213	217	218
7	214	0	0
7	215	63	174
7	216	199	200
7	217	0	0
7	218	220	221
7	219	144	145
7	220	0	0
7	221	0	0
7	222	220	221
7	223	0	0
7	224	0	0
7	225	176	177
7	226	0	0
7	227	0	0
7	228	199	200
7	229	0	0
7	230	0	0
7	231	0	0
7	232	0	0
7	233	164	165
7	234	138	139
7	235	168	169
7	236	166	167
7	237	0	0
7	238	293	294
7	239	119	120
7	240	164	165
7	241	237	238
7	242	0	0
7	243	0	0
7	244	0	0
7	245	0	0
7	246	286	287
7	247	0	0
7	248	223	224
7	249	181	182
7	250	0	0
7	251	0	0
7	252	141	142
7	253	85	86
7	254	170	171
7	255	220	221
7	256	125	126
7	257	250	251
7	258	114	115
7	259	63	174
7	260	91	92
7	261	53	54
7	262	246	247
7	263	246	247
7	264	195	196
7	265	159	160
7	266	246	247
7	267	191	192
7	268	170	171
7	269	0	0
7	270	0	0
7	271	244	245
7	272	229	230
7	273	199	200
7	274	0	0
7	275	0	0
7	276	0	0
7	277	0	0
7	278	53	54
7	279	191	192
7	280	125	126
7	281	159	160
7	282	193	194
7	283	125	126
7	284	244	245
7	285	191	192
7	286	0	0
7	287	0	0
7	288	185	186
7	289	217	218
7	290	223	224
7	291	168	169
7	292	242	243
7	293	0	0
7	294	0	0
7	295	0	0
7	296	0	0
7	297	244	245
7	298	173	299
7	299	0	0
7	300	176	177
