32	1	0	0
32	2	1	3
32	3	0	0
32	4	1	3
32	5	2	6
32	6	7	8
32	7	0	0
32	8	0	0
32	9	1	3
32	10	7	8
32	11	7	8
32	12	7	8
32	13	2	6
32	14	1	3
32	15	5	16
32	16	17	18
32	17	25	26
32	18	27	28
32	19	15	20
32	20	83	84
32	21	2	6
32	22	19	23
32	23	40	41
32	24	17	18
32	25	0	0
32	26	0	0
32	27	0	0
32	28	0	0
32	29	15	20
32	30	17	18
32	31	15	20
32	32	5	16
32	33	15	20
32	34	2	6
32	35	19	23
32	36	17	18
32	37	5	16
32	38	25	26
32	39	5	16
32	40	46	47
32	41	88	89
32	42	22	43
32	43	44	45
32	44	48	49
32	45	105	106
32	46	103	104
32	47	192	193
32	48	70	71
32	49	54	55
32	50	22	43
32	51	25	26
32	52	40	41
32	53	44	45
32	54	92	93
32	55	57	58
32	56	46	47
32	57	86	87
32	58	64	65
32	59	48	49
32	60	22	43
32	61	57	58
32	62	25	26
32	63	40	41
32	64	0	0
32	65	0	0
32	66	64	65
32	67	19	23
32	68	57	58
32	69	64	65
32	70	109	110
32	71	113	114
32	72	64	65
32	73	27	28
32	74	70	71
32	75	48	49
32	76	48	49
32	77	27	28
32	78	54	55
32	79	54	55
32	80	44	45
32	81	40	41
32	82	46	47
32	83	111	112
32	84	94	95
32	85	44	45
32	86	0	0
32	87	0	0
32	88	132	133
32	89	101	102
32	90	88	89
32	91	70	71
32	92	300	301
32	93	227	228
32	94	170	171
32	95	322	323
32	96	83	84
32	97	88	89
32	98	27	28
32	99	54	55
32	100	83	84
32	101	144	145
32	102	134	135
32	103	174	175
32	104	148	149
32	105	233	234
32	106	210	211
32	107	22	43
32	108	57	58
32	109	165	166
32	110	136	137
32	111	122	123
32	112	0	0
32	113	124	125
32	114	156	157
32	115	70	71
32	116	113	114
32	117	19	23
32	118	109	110
32	119	111	112
32	120	83	84
32	121	46	47
32	122	0	0
32	123	0	0
32	124	0	0
32	125	0	0
32	126	105	106
32	127	42	128
32	128	369	370
32	129	113	114
32	130	103	104
32	131	109	110
32	132	416	417
32	133	140	141
32	134	0	0
32	135	0	0
32	136	0	0
32	137	0	0
32	138	101	102
32	139	92	93
32	140	0	0
32	141	0	0
32	142	94	95
32	143	140	141
32	144	0	0
32	145	0	0
32	146	113	114
32	147	101	102
32	148	0	0
32	149	0	0
32	150	109	110
32	151	134	135
32	152	132	133
32	153	42	128
32	154	42	128
32	155	111	112
32	156	0	0
32	157	0	0
32	158	144	145
32	159	144	145
32	160	134	135
32	161	94	95
32	162	101	102
32	163	127	164
32	164	180	181
32	165	0	0
32	166	0	0
32	167	88	89
32	168	156	157
32	169	127	164
32	170	0	0
32	171	0	0
32	172	105	106
32	173	127	164
32	174	0	0
32	175	0	0
32	176	165	166
32	177	103	104
32	178	122	123
32	179	86	87
32	180	320	321
32	181	196	197
32	182	174	175
32	183	122	123
32	184	163	185
32	185	187	188
32	186	103	104
32	187	249	250
32	188	199	200
32	189	92	93
32	190	187	188
32	191	180	181
32	192	194	195
32	193	251	252
32	194	0	0
32	195	0	0
32	196	240	241
32	197	291	292
32	198	132	133
32	199	204	205
32	200	0	0
32	201	148	149
32	202	156	157
32	203	148	149
32	204	333	334
32	205	363	364
32	206	92	93
32	207	140	141
32	208	170	171
32	209	127	164
32	210	243	244
32	211	307	308
32	212	184	213
32	213	266	267
32	214	163	185
32	215	163	185
32	216	184	213
32	217	122	123
32	218	170	171
32	219	136	137
32	220	184	213
32	221	196	197
32	222	196	197
32	223	196	197
32	224	163	185
32	225	132	133
32	226	192	193
32	227	0	0
32	228	0	0
32	229	194	195
32	230	227	228
32	231	194	195
32	232	124	125
32	233	0	0
32	234	262	263
32	235	136	137
32	236	136	137
32	237	94	95
32	238	105	106
32	239	199	200
32	240	283	284
32	241	254	255
32	242	156	157
32	243	294	295
32	244	305	306
32	245	111	112
32	246	124	125
32	247	194	195
32	248	210	211
32	249	303	304
32	250	316	317
32	251	0	0
32	252	0	0
32	253	233	234
32	254	344	345
32	255	281	282
32	256	184	213
32	257	134	135
32	258	86	87
32	259	140	141
32	260	254	255
32	261	174	175
32	262	268	269
32	263	0	0
32	264	86	87
32	265	165	166
32	266	391	392
32	267	0	0
32	268	0	0
32	269	0	0
32	270	251	252
32	271	227	228
32	272	144	145
32	273	148	149
32	274	240	241
32	275	212	276
32	276	309	310
32	277	243	244
32	278	254	255
32	279	227	228
32	280	192	193
32	281	449	450
32	282	359	360
32	283	0	0
32	284	0	0
32	285	204	205
32	286	204	205
32	287	268	269
32	288	174	175
32	289	283	284
32	290	281	282
32	291	331	332
32	292	351	352
32	293	170	171
32	294	0	0
32	295	0	0
32	296	254	255
32	297	187	188
32	298	233	234
32	299	266	267
32	300	0	0
32	301	0	0
32	302	294	295
32	303	347	348
32	304	336	337
32	305	0	0
32	306	0	0
32	307	361	362
32	308	432	433
32	309	0	0
32	310	371	372
32	311	233	234
32	312	251	252
32	313	283	284
32	314	124	125
32	315	300	301
32	316	444	445
32	317	355	356
32	318	180	181
32	319	300	301
32	320	380	381
32	321	365	366
32	322	0	0
32	323	0	0
32	324	199	200
32	325	300	301
32	326	165	166
32	327	309	310
32	328	303	304
32	329	309	310
32	330	42	128
32	331	0	0
32	332	357	358
32	333	0	0
32	334	422	423
32	335	333	334
32	336	0	0
32	337	384	385
32	338	251	252
32	339	266	267
32	340	268	269
32	341	210	211
32	342	210	211
32	343	204	205
32	344	0	0
32	345	0	0
32	346	212	276
32	347	493	494
32	348	0	0
32	349	240	241
32	350	333	334
32	351	404	405
32	352	0	0
32	353	336	337
32	354	322	323
32	355	0	0
32	356	457	458
32	357	389	390
32	358	0	0
32	359	0	0
32	360	0	0
32	361	0	0
32	362	0	0
32	363	0	0
32	364	0	0
32	365	419	420
32	366	396	397
32	367	351	352
32	368	303	304
32	369	376	377
32	370	400	401
32	371	0	0
32	372	0	0
32	373	369	370
32	374	275	375
32	375	460	461
32	376	0	0
32	377	0	0
32	378	192	193
32	379	361	362
32	380	0	0
32	381	464	465
32	382	180	181
32	383	347	348
32	384	0	0
32	385	426	427
32	386	199	200
32	387	305	306
32	388	359	360
32	389	451	452
32	390	0	0
32	391	474	475
32	392	410	411
32	393	303	304
32	394	380	381
32	395	391	392
32	396	486	487
32	397	446	447
32	398	249	250
32	399	309	310
32	400	0	0
32	401	0	0
32	402	333	334
32	403	331	332
32	404	0	0
32	405	424	425
32	406	371	372
32	407	361	362
32	408	365	366
32	409	262	263
32	410	484	485
32	411	0	0
32	412	380	381
32	413	355	356
32	414	307	308
32	415	363	364
32	416	0	0
32	417	0	0
32	418	249	250
32	419	0	0
32	420	0	0
32	421	400	401
32	422	0	0
32	423	0	0
32	424	481	482
32	425	435	436
32	426	0	0
32	427	441	442
32	428	249	250
32	429	336	337
32	430	419	420
32	431	351	352
32	432	0	0
32	433	0	0
32	434	336	337
32	435	0	0
32	436	0	0
32	437	281	282
32	438	389	390
32	439	307	308
32	440	294	295
32	441	0	0
32	442	455	456
32	443	410	411
32	444	0	0
32	445	0	0
32	446	0	0
32	447	0	0
32	448	363	364
32	449	0	0
32	450	0	0
32	451	0	0
32	452	0	0
32	453	322	323
32	454	400	401
32	455	0	0
32	456	0	0
32	457	490	491
32	458	462	463
32	459	361	362
32	460	0	0
32	461	0	0
32	462	0	0
32	463	0	0
32	464	0	0
32	465	0	0
32	466	187	188
32	467	391	392
32	468	307	308
32	469	451	452
32	470	266	267
32	471	441	442
32	472	268	269
32	473	451	452
32	474	0	0
32	475	0	0
32	476	243	244
32	477	240	241
32	478	320	321
32	479	262	263
32	480	457	458
32	481	0	0
32	482	0	0
32	483	294	295
32	484	0	0
32	485	0	0
32	486	0	0
32	487	0	0
32	488	486	487
32	489	363	364
32	490	0	0
32	491	0	0
32	492	451	452
32	493	0	0
32	494	0	0
32	495	281	282
32	496	449	450
32	497	357	358
32	498	275	375
32	499	320	321
32	500	432	433
