49	1	0	0
49	2	1	3
49	3	0	0
49	4	2	5
49	5	8	9
49	6	1	3
49	7	2	5
49	8	0	0
49	9	0	0
49	10	8	9
49	11	4	12
49	12	17	18
49	13	4	12
49	14	8	9
49	15	4	12
49	16	4	12
49	17	27	28
49	18	54	55
49	19	11	20
49	20	66	67
49	21	8	9
49	22	19	23
49	23	41	42
49	24	22	25
49	25	100	101
49	26	2	5
49	27	0	0
49	28	0	0
49	29	11	20
49	30	27	28
49	31	19	23
49	32	17	18
49	33	22	25
49	34	2	5
49	35	19	23
49	36	1	3
49	37	1	3
49	38	11	20
49	39	17	18
49	40	19	23
49	41	45	46
49	42	47	48
49	43	27	28
49	44	27	28
49	45	60	61
49	46	49	50
49	47	73	74
49	48	63	64
49	49	56	57
49	50	96	97
49	51	11	20
49	52	22	25
49	53	17	18
49	54	0	0
49	55	0	0
49	56	0	0
49	57	0	0
49	58	56	57
49	59	22	25
49	60	98	99
49	61	79	80
49	62	56	57
49	63	174	175
49	64	0	0
49	65	47	48
49	66	68	69
49	67	76	77
49	68	108	109
49	69	0	0
49	70	24	71
49	71	164	165
49	72	66	67
49	73	135	136
49	74	0	0
49	75	24	71
49	76	114	115
49	77	88	89
49	78	63	64
49	79	0	0
49	80	0	0
49	81	66	67
49	82	68	69
49	83	68	69
49	84	41	42
49	85	68	69
49	86	66	67
49	87	24	71
49	88	0	0
49	89	0	0
49	90	47	48
49	91	88	89
49	92	24	71
49	93	60	61
49	94	63	64
49	95	56	57
49	96	0	0
49	97	0	0
49	98	0	0
49	99	0	0
49	100	105	106
49	101	142	143
49	102	41	42
49	103	63	64
49	104	45	46
49	105	160	161
49	106	146	147
49	107	73	74
49	108	0	0
49	109	0	0
49	110	88	89
49	111	105	106
49	112	98	99
49	113	100	101
49	114	0	0
49	115	0	0
49	116	88	89
49	117	76	77
49	118	45	46
49	119	100	101
49	120	73	74
49	121	73	74
49	122	108	109
49	123	45	46
49	124	96	97
49	125	79	80
49	126	96	97
49	127	114	115
49	128	76	77
49	129	47	48
49	130	70	131
49	131	0	0
49	132	41	42
49	133	96	97
49	134	108	109
49	135	0	0
49	136	0	0
49	137	54	55
49	138	49	50
49	139	49	50
49	140	76	77
49	141	108	109
49	142	162	163
49	143	0	0
49	144	70	131
49	145	49	50
49	146	0	0
49	147	0	0
49	148	70	131
49	149	79	80
49	150	98	99
49	151	79	80
49	152	130	153
49	153	155	156
49	154	105	106
49	155	168	169
49	156	0	0
49	157	100	101
49	158	142	143
49	159	114	115
49	160	177	178
49	161	191	192
49	162	0	0
49	163	0	0
49	164	166	167
49	165	0	0
49	166	0	0
49	167	0	0
49	168	182	183
49	169	0	0
49	170	70	131
49	171	146	147
49	172	164	165
49	173	114	115
49	174	0	0
49	175	0	0
49	176	135	136
49	177	0	0
49	178	186	187
49	179	162	163
49	180	168	169
49	181	54	55
49	182	0	0
49	183	0	0
49	184	174	175
49	185	130	153
49	186	0	0
49	187	0	0
49	188	60	61
49	189	186	187
49	190	160	161
49	191	194	195
49	192	0	0
49	193	155	156
49	194	0	0
49	195	0	0
49	196	164	165
49	197	146	147
49	198	146	147
49	199	98	99
49	200	166	167
