38	1	0	0
38	2	1	3
38	3	0	0
38	4	1	3
38	5	2	6
38	6	8	9
38	7	1	3
38	8	0	0
38	9	0	0
38	10	2	6
38	11	5	12
38	12	28	29
38	13	1	3
38	14	2	6
38	15	11	16
38	16	17	18
38	17	109	110
38	18	21	22
38	19	2	6
38	20	8	9
38	21	88	89
38	22	38	39
38	23	5	12
38	24	5	12
38	25	15	26
38	26	33	34
38	27	11	16
38	28	35	36
38	29	55	56
38	30	28	29
38	31	11	16
38	32	11	16
38	33	52	53
38	34	42	43
38	35	0	0
38	36	0	0
38	37	15	26
38	38	0	0
38	39	0	0
38	40	25	41
38	41	49	50
38	42	57	58
38	43	70	71
38	44	33	34
38	45	33	34
38	46	5	12
38	47	8	9
38	48	17	18
38	49	144	145
38	50	137	138
38	51	17	18
38	52	0	0
38	53	111	112
38	54	33	34
38	55	0	0
38	56	0	0
38	57	78	79
38	58	102	103
38	59	55	56
38	60	55	56
38	61	8	9
38	62	38	39
38	63	55	56
38	64	17	18
38	65	57	58
38	66	38	39
38	67	40	68
38	68	124	125
38	69	49	50
38	70	81	82
38	71	0	0
38	72	28	29
38	73	70	71
38	74	25	41
38	75	40	68
38	76	52	53
38	77	21	22
38	78	0	0
38	79	0	0
38	80	38	39
38	81	0	0
38	82	0	0
38	83	35	36
38	84	67	85
38	85	107	108
38	86	67	85
38	87	57	58
38	88	0	0
38	89	0	0
38	90	52	53
38	91	15	26
38	92	81	82
38	93	81	82
38	94	81	82
38	95	35	36
38	96	70	71
38	97	57	58
38	98	78	79
38	99	70	71
38	100	40	68
38	101	28	29
38	102	0	0
38	103	0	0
38	104	52	53
38	105	35	36
38	106	42	43
38	107	139	140
38	108	116	117
38	109	118	119
38	110	129	130
38	111	133	134
38	112	0	0
38	113	40	68
38	114	107	108
38	115	111	112
38	116	120	121
38	117	198	199
38	118	0	0
38	119	0	0
38	120	131	132
38	121	0	0
38	122	120	121
38	123	25	41
38	124	0	0
38	125	148	149
38	126	109	110
38	127	49	50
38	128	109	110
38	129	0	0
38	130	0	0
38	131	0	0
38	132	146	147
38	133	0	0
38	134	0	0
38	135	129	130
38	136	21	22
38	137	141	142
38	138	0	0
38	139	0	0
38	140	0	0
38	141	0	0
38	142	177	178
38	143	139	140
38	144	154	155
38	145	192	193
38	146	0	0
38	147	0	0
38	148	174	175
38	149	0	0
38	150	84	151
38	151	0	0
38	152	150	153
38	153	165	166
38	154	0	0
38	155	162	163
38	156	152	157
38	157	0	0
38	158	42	43
38	159	118	119
38	160	109	110
38	161	88	89
38	162	0	0
38	163	0	0
38	164	139	140
38	165	0	0
38	166	0	0
38	167	107	108
38	168	139	140
38	169	165	166
38	170	152	157
38	171	15	26
38	172	78	79
38	173	21	22
38	174	0	0
38	175	0	0
38	176	118	119
38	177	0	0
38	178	0	0
38	179	84	151
38	180	67	85
38	181	131	132
38	182	133	134
38	183	120	121
38	184	177	178
38	185	124	125
38	186	84	151
38	187	165	166
38	188	124	125
38	189	141	142
38	190	42	43
38	191	133	134
38	192	195	196
38	193	0	0
38	194	84	151
38	195	0	0
38	196	0	0
38	197	192	193
38	198	0	0
38	199	0	0
38	200	129	130
