24	1	0	0
24	2	1	3
24	3	0	0
24	4	2	5
24	5	14	15
24	6	2	5
24	7	2	5
24	8	1	3
24	9	1	3
24	10	1	3
24	11	2	5
24	12	4	13
24	13	22	23
24	14	0	0
24	15	0	0
24	16	14	15
24	17	14	15
24	18	14	15
24	19	4	13
24	20	12	21
24	21	28	29
24	22	115	116
24	23	24	25
24	24	0	0
24	25	0	0
24	26	24	25
24	27	22	23
24	28	38	39
24	29	56	57
24	30	4	13
24	31	28	29
24	32	4	13
24	33	12	21
24	34	24	25
24	35	12	21
24	36	22	23
24	37	24	25
24	38	78	79
24	39	130	131
24	40	38	39
24	41	38	39
24	42	20	43
24	43	48	49
24	44	28	29
24	45	20	43
24	46	22	23
24	47	12	21
24	48	74	75
24	49	50	51
24	50	63	64
24	51	0	0
24	52	28	29
24	53	50	51
24	54	50	51
24	55	38	39
24	56	69	70
24	57	65	66
24	58	50	51
24	59	48	49
24	60	20	43
24	61	56	57
24	62	56	57
24	63	67	68
24	64	76	77
24	65	0	0
24	66	0	0
24	67	0	0
24	68	0	0
24	69	0	0
24	70	0	0
24	71	20	43
24	72	67	68
24	73	56	57
24	74	88	89
24	75	136	137
24	76	0	0
24	77	0	0
24	78	0	0
24	79	0	0
24	80	76	77
24	81	48	49
24	82	65	66
24	83	63	64
24	84	69	70
24	85	48	49
24	86	74	75
24	87	63	64
24	88	111	112
24	89	92	93
24	90	76	77
24	91	76	77
24	92	0	0
24	93	0	0
24	94	63	64
24	95	42	96
24	96	113	114
24	97	65	66
24	98	78	79
24	99	92	93
24	100	65	66
24	101	74	75
24	102	78	79
24	103	42	96
24	104	95	105
24	105	0	0
24	106	78	79
24	107	69	70
24	108	88	89
24	109	95	105
24	110	95	105
24	111	0	0
24	112	0	0
24	113	139	140
24	114	121	122
24	115	0	0
24	116	0	0
24	117	92	93
24	118	88	89
24	119	113	114
24	120	88	89
24	121	146	147
24	122	0	0
24	123	115	116
24	124	74	75
24	125	111	112
24	126	121	122
24	127	95	105
24	128	42	96
24	129	67	68
24	130	0	0
24	131	0	0
24	132	115	116
24	133	69	70
24	134	92	93
24	135	67	68
24	136	144	145
24	137	161	162
24	138	42	96
24	139	163	164
24	140	191	192
24	141	130	131
24	142	115	116
24	143	139	140
24	144	0	0
24	145	0	0
24	146	150	151
24	147	169	170
24	148	139	140
24	149	146	147
24	150	0	0
24	151	152	153
24	152	0	0
24	153	0	0
24	154	136	137
24	155	152	153
24	156	139	140
24	157	152	153
24	158	144	145
24	159	150	151
24	160	146	147
24	161	0	0
24	162	0	0
24	163	199	200
24	164	0	0
24	165	111	112
24	166	104	167
24	167	171	172
24	168	136	137
24	169	0	0
24	170	0	0
24	171	0	0
24	172	0	0
24	173	150	151
24	174	169	170
24	175	166	176
24	176	177	178
24	177	0	0
24	178	196	197
24	179	130	131
24	180	130	131
24	181	169	170
24	182	113	114
24	183	163	164
24	184	163	164
24	185	121	122
24	186	144	145
24	187	146	147
24	188	171	172
24	189	111	112
24	190	163	164
24	191	0	0
24	192	0	0
24	193	104	167
24	194	136	137
24	195	144	145
24	196	0	0
24	197	0	0
24	198	121	122
24	199	0	0
24	200	0	0
