29	1	0	0
29	2	1	3
29	3	0	0
29	4	2	5
29	5	25	26
29	6	4	7
29	7	10	11
29	8	4	7
29	9	2	5
29	10	12	13
29	11	14	15
29	12	0	0
29	13	0	0
29	14	0	0
29	15	0	0
29	16	10	11
29	17	4	7
29	18	4	7
29	19	14	15
29	20	14	15
29	21	1	3
29	22	2	5
29	23	10	11
29	24	10	11
29	25	0	0
29	26	0	0
29	27	12	13
29	28	2	5
29	29	12	13
29	30	14	15
29	31	12	13
29	32	1	3
29	33	25	26
29	34	25	26
29	35	25	26
29	36	1	3
29	37	6	38
29	38	41	42
29	39	6	38
29	40	6	38
29	41	60	61
29	42	47	48
29	43	41	42
29	44	41	42
29	45	41	42
29	46	6	38
29	47	121	122
29	48	51	52
29	49	47	48
29	50	47	48
29	51	0	0
29	52	0	0
29	53	47	48
29	54	37	55
29	55	68	69
29	56	37	55
29	57	54	58
29	58	80	81
29	59	37	55
29	60	75	76
29	61	64	65
29	62	54	58
29	63	37	55
29	64	0	0
29	65	0	0
29	66	60	61
29	67	60	61
29	68	72	73
29	69	119	120
29	70	57	71
29	71	87	88
29	72	113	114
29	73	94	95
29	74	64	65
29	75	0	0
29	76	0	0
29	77	60	61
29	78	54	58
29	79	64	65
29	80	239	240
29	81	125	126
29	82	64	65
29	83	57	71
29	84	75	76
29	85	51	52
29	86	57	71
29	87	129	130
29	88	100	101
29	89	70	90
29	90	91	92
29	91	107	108
29	92	98	99
29	93	68	69
29	94	300	301
29	95	102	103
29	96	70	90
29	97	51	52
29	98	136	137
29	99	180	181
29	100	190	191
29	101	111	112
29	102	0	0
29	103	0	0
29	104	54	58
29	105	102	103
29	106	91	92
29	107	234	235
29	108	205	206
29	109	70	90
29	110	80	81
29	111	163	164
29	112	115	116
29	113	207	208
29	114	152	153
29	115	200	201
29	116	188	189
29	117	68	69
29	118	68	69
29	119	160	161
29	120	249	250
29	121	0	0
29	122	0	0
29	123	51	52
29	124	91	92
29	125	182	183
29	126	150	151
29	127	72	73
29	128	87	88
29	129	322	323
29	130	271	272
29	131	125	126
29	132	80	81
29	133	89	134
29	134	173	174
29	135	113	114
29	136	343	344
29	137	375	376
29	138	75	76
29	139	121	122
29	140	87	88
29	141	57	71
29	142	91	92
29	143	111	112
29	144	89	134
29	145	125	126
29	146	115	116
29	147	136	137
29	148	70	90
29	149	72	73
29	150	319	320
29	151	156	157
29	152	0	0
29	153	0	0
29	154	94	95
29	155	107	108
29	156	219	220
29	157	214	215
29	158	150	151
29	159	129	130
29	160	0	0
29	161	185	186
29	162	125	126
29	163	202	203
29	164	0	0
29	165	87	88
29	166	156	157
29	167	113	114
29	168	102	103
29	169	115	116
29	170	107	108
29	171	80	81
29	172	98	99
29	173	176	177
29	174	390	391
29	175	102	103
29	176	287	288
29	177	243	244
29	178	156	157
29	179	72	73
29	180	327	328
29	181	0	0
29	182	394	395
29	183	198	199
29	184	113	114
29	185	0	0
29	186	0	0
29	187	98	99
29	188	325	326
29	189	230	231
29	190	358	359
29	191	364	365
29	192	176	177
29	193	173	174
29	194	115	116
29	195	111	112
29	196	176	177
29	197	163	164
29	198	210	211
29	199	256	257
29	200	217	218
29	201	0	0
29	202	276	277
29	203	253	254
29	204	136	137
29	205	227	228
29	206	0	0
29	207	0	0
29	208	0	0
29	209	198	199
29	210	0	0
29	211	0	0
29	212	107	108
29	213	75	76
29	214	0	0
29	215	0	0
29	216	202	203
29	217	0	0
29	218	0	0
29	219	0	0
29	220	0	0
29	221	188	189
29	222	182	183
29	223	121	122
29	224	202	203
29	225	217	218
29	226	156	157
29	227	290	291
29	228	274	275
29	229	227	228
29	230	0	0
29	231	0	0
29	232	180	181
29	233	119	120
29	234	0	0
29	235	283	284
29	236	173	174
29	237	136	137
29	238	214	215
29	239	332	333
29	240	0	0
29	241	163	164
29	242	121	122
29	243	352	353
29	244	335	336
29	245	234	235
29	246	219	220
29	247	111	112
29	248	182	183
29	249	312	313
29	250	341	342
29	251	188	189
29	252	188	189
29	253	0	0
29	254	0	0
29	255	219	220
29	256	0	0
29	257	0	0
29	258	230	231
29	259	185	186
29	260	152	153
29	261	210	211
29	262	207	208
29	263	173	174
29	264	202	203
29	265	200	201
29	266	198	199
29	267	182	183
29	268	243	244
29	269	210	211
29	270	176	177
29	271	459	460
29	272	303	304
29	273	205	206
29	274	295	296
29	275	0	0
29	276	0	0
29	277	0	0
29	278	198	199
29	279	274	275
29	280	276	277
29	281	276	277
29	282	230	231
29	283	414	415
29	284	0	0
29	285	227	228
29	286	217	218
29	287	0	0
29	288	0	0
29	289	119	120
29	290	292	293
29	291	338	339
29	292	0	0
29	293	385	386
29	294	214	215
29	295	388	389
29	296	400	401
29	297	205	206
29	298	205	206
29	299	276	277
29	300	0	0
29	301	0	0
29	302	214	215
29	303	0	0
29	304	0	0
29	305	207	208
29	306	295	296
29	307	129	130
29	308	210	211
29	309	129	130
29	310	290	291
29	311	256	257
29	312	0	0
29	313	0	0
29	314	180	181
29	315	152	153
29	316	207	208
29	317	185	186
29	318	292	293
29	319	0	0
29	320	493	494
29	321	295	296
29	322	0	0
29	323	423	424
29	324	256	257
29	325	0	0
29	326	0	0
29	327	466	467
29	328	0	0
29	329	180	181
29	330	303	304
29	331	119	120
29	332	474	475
29	333	345	346
29	334	152	153
29	335	0	0
29	336	456	457
29	337	303	304
29	338	406	407
29	339	0	0
29	340	243	244
29	341	0	0
29	342	0	0
29	343	0	0
29	344	380	381
29	345	419	420
29	346	486	487
29	347	300	301
29	348	94	95
29	349	292	293
29	350	325	326
29	351	98	99
29	352	443	444
29	353	368	369
29	354	239	240
29	355	300	301
29	356	239	240
29	357	312	313
29	358	426	427
29	359	0	0
29	360	271	272
29	361	219	220
29	362	325	326
29	363	200	201
29	364	366	367
29	365	402	403
29	366	448	449
29	367	0	0
29	368	0	0
29	369	392	393
29	370	345	346
29	371	150	151
29	372	94	95
29	373	239	240
29	374	100	101
29	375	377	378
29	376	0	0
29	377	396	397
29	378	463	464
29	379	253	254
29	380	0	0
29	381	0	0
29	382	227	228
29	383	271	272
29	384	100	101
29	385	0	0
29	386	0	0
29	387	271	272
29	388	0	0
29	389	0	0
29	390	0	0
29	391	0	0
29	392	0	0
29	393	421	422
29	394	0	0
29	395	0	0
29	396	0	0
29	397	0	0
29	398	325	326
29	399	388	389
29	400	0	0
29	401	0	0
29	402	404	405
29	403	0	0
29	404	0	0
29	405	0	0
29	406	0	0
29	407	0	0
29	408	352	353
29	409	343	344
29	410	283	284
29	411	404	405
29	412	295	296
29	413	364	365
29	414	0	0
29	415	0	0
29	416	352	353
29	417	364	365
29	418	253	254
29	419	0	0
29	420	0	0
29	421	446	447
29	422	0	0
29	423	0	0
29	424	0	0
29	425	243	244
29	426	0	0
29	427	0	0
29	428	375	376
29	429	394	395
29	430	338	339
29	431	392	393
29	432	396	397
29	433	332	333
29	434	406	407
29	435	327	328
29	436	300	301
29	437	400	401
29	438	368	369
29	439	414	415
29	440	404	405
29	441	358	359
29	442	163	164
29	443	0	0
29	444	454	455
29	445	338	339
29	446	0	0
29	447	0	0
29	448	0	0
29	449	0	0
29	450	368	369
29	451	419	420
29	452	414	415
29	453	185	186
29	454	0	0
29	455	0	0
29	456	0	0
29	457	0	0
29	458	385	386
29	459	0	0
29	460	0	0
29	461	385	386
29	462	338	339
29	463	0	0
29	464	0	0
29	465	385	386
29	466	0	0
29	467	0	0
29	468	352	353
29	469	322	323
29	470	343	344
29	471	327	328
29	472	160	161
29	473	343	344
29	474	0	0
29	475	0	0
29	476	402	403
29	477	454	455
29	478	345	346
29	479	474	475
29	480	327	328
29	481	283	284
29	482	341	342
29	483	380	381
29	484	446	447
29	485	448	449
29	486	0	0
29	487	0	0
29	488	253	254
29	489	150	151
29	490	358	359
29	491	230	231
29	492	312	313
29	493	0	0
29	494	0	0
29	495	283	284
29	496	406	407
29	497	190	191
29	498	402	403
29	499	380	381
29	500	456	457
