4	1	0	0
4	2	1	3
4	3	0	0
4	4	1	3
4	5	2	6
4	6	8	9
4	7	2	6
4	8	0	0
4	9	0	0
4	10	2	6
4	11	2	6
4	12	8	9
4	13	1	3
4	14	1	3
4	15	5	16
4	16	29	30
4	17	5	16
4	18	8	9
4	19	5	16
4	20	15	21
4	21	22	23
4	22	40	41
4	23	49	50
4	24	20	25
4	25	106	107
4	26	5	16
4	27	15	21
4	28	20	25
4	29	35	36
4	30	47	48
4	31	8	9
4	32	22	23
4	33	22	23
4	34	29	30
4	35	0	0
4	36	0	0
4	37	15	21
4	38	15	21
4	39	29	30
4	40	78	79
4	41	62	63
4	42	29	30
4	43	24	44
4	44	45	46
4	45	73	74
4	46	0	0
4	47	0	0
4	48	0	0
4	49	52	53
4	50	0	0
4	51	35	36
4	52	0	0
4	53	0	0
4	54	40	41
4	55	40	41
4	56	22	23
4	57	24	44
4	58	35	36
4	59	47	48
4	60	35	36
4	61	24	44
4	62	0	0
4	63	0	0
4	64	47	48
4	65	43	66
4	66	84	85
4	67	49	50
4	68	65	69
4	69	127	128
4	70	62	63
4	71	24	44
4	72	62	63
4	73	102	103
4	74	131	132
4	75	62	63
4	76	45	46
4	77	52	53
4	78	0	0
4	79	0	0
4	80	68	81
4	81	96	97
4	82	40	41
4	83	52	53
4	84	0	0
4	85	86	87
4	86	142	143
4	87	98	99
4	88	20	25
4	89	45	46
4	90	65	69
4	91	78	79
4	92	68	81
4	93	52	53
4	94	49	50
4	95	73	74
4	96	100	101
4	97	0	0
4	98	154	155
4	99	187	188
4	100	113	114
4	101	122	123
4	102	0	0
4	103	173	174
4	104	65	69
4	105	96	97
4	106	118	119
4	107	0	0
4	108	98	99
4	109	20	25
4	110	47	48
4	111	106	107
4	112	86	87
4	113	156	157
4	114	0	0
4	115	102	103
4	116	84	85
4	117	73	74
4	118	140	141
4	119	135	136
4	120	49	50
4	121	106	107
4	122	0	0
4	123	0	0
4	124	96	97
4	125	122	123
4	126	73	74
4	127	133	134
4	128	197	198
4	129	80	130
4	130	167	168
4	131	144	145
4	132	0	0
4	133	0	0
4	134	0	0
4	135	171	172
4	136	159	160
4	137	100	101
4	138	80	130
4	139	43	66
4	140	0	0
4	141	0	0
4	142	0	0
4	143	169	170
4	144	0	0
4	145	0	0
4	146	113	114
4	147	100	101
4	148	140	141
4	149	96	97
4	150	65	69
4	151	84	85
4	152	45	46
4	153	140	141
4	154	0	0
4	155	0	0
4	156	0	0
4	157	0	0
4	158	135	136
4	159	0	0
4	160	0	0
4	161	133	134
4	162	154	155
4	163	113	114
4	164	154	155
4	165	142	143
4	166	68	81
4	167	0	0
4	168	0	0
4	169	0	0
4	170	0	0
4	171	0	0
4	172	0	0
4	173	183	184
4	174	0	0
4	175	129	176
4	176	0	0
4	177	169	170
4	178	80	130
4	179	169	170
4	180	142	143
4	181	135	136
4	182	98	99
4	183	0	0
4	184	0	0
4	185	156	157
4	186	154	155
4	187	0	0
4	188	0	0
4	189	68	81
4	190	183	184
4	191	84	85
4	192	43	66
4	193	169	170
4	194	187	188
4	195	100	101
4	196	43	66
4	197	0	0
4	198	0	0
4	199	80	130
4	200	133	134
