10	1	0	0
10	2	1	3
10	3	0	0
10	4	1	3
10	5	2	6
10	6	10	11
10	7	1	3
10	8	2	6
10	9	1	3
10	10	0	0
10	11	0	0
10	12	5	13
10	13	35	36
10	14	2	6
10	15	2	6
10	16	5	13
10	17	12	18
10	18	23	24
10	19	5	13
10	20	5	13
10	21	10	11
10	22	10	11
10	23	32	33
10	24	63	64
10	25	17	26
10	26	30	31
10	27	10	11
10	28	17	26
10	29	17	26
10	30	37	38
10	31	51	52
10	32	39	40
10	33	0	0
10	34	32	33
10	35	59	60
10	36	82	83
10	37	0	0
10	38	0	0
10	39	0	0
10	40	0	0
10	41	17	26
10	42	32	33
10	43	39	40
10	44	32	33
10	45	12	18
10	46	30	31
10	47	23	24
10	48	12	18
10	49	25	50
10	50	74	75
10	51	0	0
10	52	0	0
10	53	49	54
10	54	66	67
10	55	39	40
10	56	23	24
10	57	23	24
10	58	37	38
10	59	0	0
10	60	0	0
10	61	39	40
10	62	37	38
10	63	68	69
10	64	0	0
10	65	37	38
10	66	88	89
10	67	72	73
10	68	0	0
10	69	0	0
10	70	35	36
10	71	63	64
10	72	98	99
10	73	0	0
10	74	77	78
10	75	0	0
10	76	66	67
10	77	0	0
10	78	0	0
10	79	35	36
10	80	30	31
10	81	30	31
10	82	0	0
10	83	0	0
10	84	72	73
10	85	49	54
10	86	63	64
10	87	12	18
10	88	0	0
10	89	0	0
10	90	72	73
10	91	77	78
10	92	25	50
10	93	82	83
10	94	66	67
10	95	51	52
10	96	66	67
10	97	74	75
10	98	0	0
10	99	0	0
10	100	0	0
