36	1	0	0
36	2	1	3
36	3	0	0
36	4	2	5
36	5	6	7
36	6	0	0
36	7	0	0
36	8	4	9
36	9	21	22
36	10	4	9
36	11	8	12
36	12	14	15
36	13	8	12
36	14	26	27
36	15	81	82
36	16	4	9
36	17	11	18
36	18	37	38
36	19	17	20
36	20	51	52
36	21	47	48
36	22	23	24
36	23	0	0
36	24	0	0
36	25	21	22
36	26	68	69
36	27	29	30
36	28	2	5
36	29	0	0
36	30	0	0
36	31	17	20
36	32	23	24
36	33	8	12
36	34	29	30
36	35	14	15
36	36	2	5
36	37	56	57
36	38	59	60
36	39	23	24
36	40	2	5
36	41	29	30
36	42	23	24
36	43	1	3
36	44	11	18
36	45	17	20
36	46	8	12
36	47	0	0
36	48	0	0
36	49	29	30
36	50	1	3
36	51	72	73
36	52	115	116
36	53	51	52
36	54	47	48
36	55	14	15
36	56	128	129
36	57	108	109
36	58	26	27
36	59	74	75
36	60	92	93
36	61	47	48
36	62	19	63
36	63	64	65
36	64	188	189
36	65	133	134
36	66	11	18
36	67	11	18
36	68	0	0
36	69	0	0
36	70	64	65
36	71	21	22
36	72	151	152
36	73	86	87
36	74	100	101
36	75	347	348
36	76	4	9
36	77	47	48
36	78	6	7
36	79	51	52
36	80	64	65
36	81	155	156
36	82	563	564
36	83	19	63
36	84	81	82
36	85	26	27
36	86	113	114
36	87	254	255
36	88	51	52
36	89	37	38
36	90	37	38
36	91	86	87
36	92	138	139
36	93	120	121
36	94	17	20
36	95	68	69
36	96	68	69
36	97	59	60
36	98	14	15
36	99	37	38
36	100	0	0
36	101	0	0
36	102	1	3
36	103	86	87
36	104	68	69
36	105	74	75
36	106	21	22
36	107	56	57
36	108	377	378
36	109	111	112
36	110	92	93
36	111	0	0
36	112	0	0
36	113	122	123
36	114	324	325
36	115	130	131
36	116	164	165
36	117	108	109
36	118	72	73
36	119	6	7
36	120	0	0
36	121	0	0
36	122	0	0
36	123	0	0
36	124	86	87
36	125	6	7
36	126	113	114
36	127	120	121
36	128	169	170
36	129	235	236
36	130	206	207
36	131	136	137
36	132	122	123
36	133	211	212
36	134	149	150
36	135	111	112
36	136	146	147
36	137	258	259
36	138	0	0
36	139	0	0
36	140	64	65
36	141	56	57
36	142	92	93
36	143	120	121
36	144	120	121
36	145	111	112
36	146	0	0
36	147	0	0
36	148	108	109
36	149	159	160
36	150	171	172
36	151	662	663
36	152	153	154
36	153	182	183
36	154	232	233
36	155	0	0
36	156	0	0
36	157	149	150
36	158	153	154
36	159	246	247
36	160	186	187
36	161	113	114
36	162	62	163
36	163	311	312
36	164	299	300
36	165	190	191
36	166	149	150
36	167	113	114
36	168	138	139
36	169	0	0
36	170	0	0
36	171	200	201
36	172	289	290
36	173	169	170
36	174	115	116
36	175	74	75
36	176	136	137
36	177	130	131
36	178	155	156
36	179	164	165
36	180	153	154
36	181	151	152
36	182	0	0
36	183	0	0
36	184	81	82
36	185	164	165
36	186	224	225
36	187	281	282
36	188	877	878
36	189	319	320
36	190	243	244
36	191	250	251
36	192	74	75
36	193	136	137
36	194	92	93
36	195	153	154
36	196	108	109
36	197	100	101
36	198	182	183
36	199	164	165
36	200	209	210
36	201	272	273
36	202	186	187
36	203	56	57
36	204	62	163
36	205	138	139
36	206	218	219
36	207	341	342
36	208	171	172
36	209	0	0
36	210	0	0
36	211	222	223
36	212	427	428
36	213	159	160
36	214	171	172
36	215	162	216
36	216	331	332
36	217	182	183
36	218	0	0
36	219	0	0
36	220	26	27
36	221	122	123
36	222	488	489
36	223	352	353
36	224	0	0
36	225	0	0
36	226	224	225
36	227	122	123
36	228	224	225
36	229	200	201
36	230	133	134
36	231	200	201
36	232	0	0
36	233	0	0
36	234	149	150
36	235	0	0
36	236	0	0
36	237	138	139
36	238	151	152
36	239	206	207
36	240	209	210
36	241	128	129
36	242	190	191
36	243	0	0
36	244	0	0
36	245	232	233
36	246	446	447
36	247	277	278
36	248	159	160
36	249	186	187
36	250	0	0
36	251	0	0
36	252	188	189
36	253	235	236
36	254	284	285
36	255	343	344
36	256	19	63
36	257	146	147
36	258	0	0
36	259	0	0
36	260	235	236
36	261	243	244
36	262	206	207
36	263	235	236
36	264	258	259
36	265	72	73
36	266	206	207
36	267	250	251
36	268	155	156
36	269	258	259
36	270	155	156
36	271	62	163
36	272	0	0
36	273	0	0
36	274	19	63
36	275	169	170
36	276	188	189
36	277	0	0
36	278	0	0
36	279	81	82
36	280	258	259
36	281	0	0
36	282	0	0
36	283	182	183
36	284	0	0
36	285	0	0
36	286	146	147
36	287	200	201
36	288	209	210
36	289	302	303
36	290	402	403
36	291	72	73
36	292	254	255
36	293	246	247
36	294	224	225
36	295	186	187
36	296	136	137
36	297	215	298
36	298	370	371
36	299	308	309
36	300	437	438
36	301	209	210
36	302	0	0
36	303	0	0
36	304	171	172
36	305	222	223
36	306	115	116
36	307	222	223
36	308	0	0
36	309	0	0
36	310	128	129
36	311	337	338
36	312	360	361
36	313	277	278
36	314	243	244
36	315	215	298
36	316	243	244
36	317	162	216
36	318	289	290
36	319	410	411
36	320	753	754
36	321	218	219
36	322	308	309
36	323	308	309
36	324	0	0
36	325	0	0
36	326	302	303
36	327	211	212
36	328	111	112
36	329	289	290
36	330	222	223
36	331	498	499
36	332	349	350
36	333	289	290
36	334	281	282
36	335	162	216
36	336	232	233
36	337	368	369
36	338	366	367
36	339	151	152
36	340	254	255
36	341	0	0
36	342	0	0
36	343	0	0
36	344	0	0
36	345	62	163
36	346	308	309
36	347	0	0
36	348	0	0
36	349	405	406
36	350	660	661
36	351	281	282
36	352	478	479
36	353	441	442
36	354	146	147
36	355	324	325
36	356	331	332
36	357	190	191
36	358	347	348
36	359	299	300
36	360	466	467
36	361	400	401
36	362	188	189
36	363	254	255
36	364	130	131
36	365	284	285
36	366	576	577
36	367	397	398
36	368	372	373
36	369	482	483
36	370	389	390
36	371	496	497
36	372	415	416
36	373	439	440
36	374	232	233
36	375	366	367
36	376	331	332
36	377	0	0
36	378	0	0
36	379	370	371
36	380	360	361
36	381	352	353
36	382	162	216
36	383	211	212
36	384	352	353
36	385	302	303
36	386	347	348
36	387	100	101
36	388	324	325
36	389	913	914
36	390	412	413
36	391	377	378
36	392	115	116
36	393	302	303
36	394	297	395
36	395	584	585
36	396	389	390
36	397	0	0
36	398	431	432
36	399	297	395
36	400	424	425
36	401	0	0
36	402	0	0
36	403	0	0
36	404	352	353
36	405	565	566
36	406	597	598
36	407	218	219
36	408	130	131
36	409	133	134
36	410	794	795
36	411	515	516
36	412	725	726
36	413	0	0
36	414	349	350
36	415	642	643
36	416	470	471
36	417	405	406
36	418	218	219
36	419	360	361
36	420	397	398
36	421	319	320
36	422	400	401
36	423	360	361
36	424	0	0
36	425	879	880
36	426	100	101
36	427	451	452
36	428	595	596
36	429	389	390
36	430	370	371
36	431	508	509
36	432	456	457
36	433	272	273
36	434	410	411
36	435	341	342
36	436	215	298
36	437	0	0
36	438	0	0
36	439	827	828
36	440	443	444
36	441	0	0
36	442	0	0
36	443	666	667
36	444	527	528
36	445	246	247
36	446	0	0
36	447	0	0
36	448	319	320
36	449	128	129
36	450	211	212
36	451	570	571
36	452	714	715
36	453	366	367
36	454	133	134
36	455	372	373
36	456	472	473
36	457	604	605
36	458	389	390
36	459	284	285
36	460	250	251
36	461	341	342
36	462	341	342
36	463	349	350
36	464	439	440
36	465	400	401
36	466	756	757
36	467	573	574
36	468	405	406
36	469	366	367
36	470	636	637
36	471	548	549
36	472	0	0
36	473	0	0
36	474	368	369
36	475	343	344
36	476	277	278
36	477	250	251
36	478	0	0
36	479	0	0
36	480	319	320
36	481	347	348
36	482	553	554
36	483	524	525
36	484	472	473
36	485	311	312
36	486	443	444
36	487	397	398
36	488	696	697
36	489	0	0
36	490	169	170
36	491	372	373
36	492	412	413
36	493	159	160
36	494	427	428
36	495	466	467
36	496	744	745
36	497	529	530
36	498	610	611
36	499	629	630
36	500	400	401
36	501	482	483
36	502	424	425
36	503	277	278
36	504	372	373
36	505	498	499
36	506	482	483
36	507	431	432
36	508	0	0
36	509	634	635
36	510	466	467
36	511	478	479
36	512	424	425
36	513	190	191
36	514	368	369
36	515	551	552
36	516	0	0
36	517	311	312
36	518	284	285
36	519	397	398
36	520	515	516
36	521	343	344
36	522	508	509
36	523	331	332
36	524	658	659
36	525	578	579
36	526	515	516
36	527	0	0
36	528	0	0
36	529	555	556
36	530	0	0
36	531	349	350
36	532	498	499
36	533	478	479
36	534	297	395
36	535	508	509
36	536	337	338
36	537	498	499
36	538	272	273
36	539	297	395
36	540	311	312
36	541	466	467
36	542	478	479
36	543	427	428
36	544	412	413
36	545	410	411
36	546	427	428
36	547	527	528
36	548	0	0
36	549	0	0
36	550	402	403
36	551	0	0
36	552	0	0
36	553	618	619
36	554	560	561
36	555	678	679
36	556	705	706
36	557	496	497
36	558	415	416
36	559	343	344
36	560	587	588
36	561	732	733
36	562	415	416
36	563	0	0
36	564	0	0
36	565	0	0
36	566	690	691
36	567	215	298
36	568	555	556
36	569	424	425
36	570	0	0
36	571	0	0
36	572	529	530
36	573	582	583
36	574	0	0
36	575	410	411
36	576	824	825
36	577	664	665
36	578	945	946
36	579	899	900
36	580	324	325
36	581	508	509
36	582	602	603
36	583	0	0
36	584	653	654
36	585	0	0
36	586	59	60
36	587	0	0
36	588	0	0
36	589	370	371
36	590	446	447
36	591	555	556
36	592	441	442
36	593	496	497
36	594	551	552
36	595	656	657
36	596	698	699
36	597	669	670
36	598	742	743
36	599	576	577
36	600	402	403
36	601	446	447
36	602	0	0
36	603	627	628
36	604	0	0
36	605	0	0
36	606	548	549
36	607	281	282
36	608	446	447
36	609	602	603
36	610	623	624
36	611	646	647
36	612	377	378
36	613	405	406
36	614	563	564
36	615	299	300
36	616	472	473
36	617	482	483
36	618	632	633
36	619	851	852
36	620	582	583
36	621	578	579
36	622	441	442
36	623	722	723
36	624	0	0
36	625	402	403
36	626	337	338
36	627	0	0
36	628	0	0
36	629	0	0
36	630	0	0
36	631	573	574
36	632	0	0
36	633	0	0
36	634	0	0
36	635	0	0
36	636	0	0
36	637	0	0
36	638	551	552
36	639	602	603
36	640	488	489
36	641	368	369
36	642	778	779
36	643	734	735
36	644	627	628
36	645	553	554
36	646	842	843
36	647	719	720
36	648	578	579
36	649	515	516
36	650	472	473
36	651	563	564
36	652	551	552
36	653	0	0
36	654	681	682
36	655	582	583
36	656	0	0
36	657	0	0
36	658	758	759
36	659	835	836
36	660	860	861
36	661	0	0
36	662	0	0
36	663	674	675
36	664	782	783
36	665	0	0
36	666	0	0
36	667	0	0
36	668	627	628
36	669	0	0
36	670	990	991
36	671	604	605
36	672	578	579
36	673	662	663
36	674	0	0
36	675	0	0
36	676	674	675
36	677	524	525
36	678	730	731
36	679	711	712
36	680	377	378
36	681	686	687
36	682	716	717
36	683	634	635
36	684	604	605
36	685	563	564
36	686	869	870
36	687	0	0
36	688	595	596
36	689	642	643
36	690	0	0
36	691	0	0
36	692	658	659
36	693	681	682
36	694	669	670
36	695	456	457
36	696	0	0
36	697	0	0
36	698	0	0
36	699	0	0
36	700	272	273
36	701	412	413
36	702	524	525
36	703	666	667
36	704	627	628
36	705	0	0
36	706	832	833
36	707	437	438
36	708	451	452
36	709	488	489
36	710	595	596
36	711	866	867
36	712	767	768
36	713	646	647
36	714	0	0
36	715	0	0
36	716	0	0
36	717	770	771
36	718	646	647
36	719	0	0
36	720	873	874
36	721	441	442
36	722	0	0
36	723	964	965
36	724	656	657
36	725	0	0
36	726	727	728
36	727	796	797
36	728	0	0
36	729	597	598
36	730	929	930
36	731	934	935
36	732	0	0
36	733	0	0
36	734	0	0
36	735	0	0
36	736	524	525
36	737	656	657
36	738	664	665
36	739	496	497
36	740	705	706
36	741	698	699
36	742	760	761
36	743	916	917
36	744	829	830
36	745	0	0
36	746	439	440
36	747	681	682
36	748	664	665
36	749	555	556
36	750	623	624
36	751	451	452
36	752	732	733
36	753	0	0
36	754	0	0
36	755	604	605
36	756	776	777
36	757	765	766
36	758	0	0
36	759	0	0
36	760	971	972
36	761	0	0
36	762	674	675
36	763	337	338
36	764	573	574
36	765	0	0
36	766	0	0
36	767	820	821
36	768	0	0
36	769	758	759
36	770	983	984
36	771	800	801
36	772	629	630
36	773	678	679
36	774	553	554
36	775	415	416
36	776	792	793
36	777	941	942
36	778	0	0
36	779	0	0
36	780	437	438
36	781	573	574
36	782	0	0
36	783	0	0
36	784	744	745
36	785	678	679
36	786	734	735
36	787	646	647
36	788	678	679
36	789	529	530
36	790	722	723
36	791	698	699
36	792	840	841
36	793	980	981
36	794	807	808
36	795	0	0
36	796	857	858
36	797	969	970
36	798	488	489
36	799	796	797
36	800	805	806
36	801	0	0
36	802	666	667
36	803	686	687
36	804	470	471
36	805	925	926
36	806	855	856
36	807	0	0
36	808	0	0
36	809	656	657
36	810	776	777
36	811	548	549
36	812	560	561
36	813	629	630
36	814	770	771
36	815	714	715
36	816	582	583
36	817	529	530
36	818	705	706
36	819	722	723
36	820	920	921
36	821	895	896
36	822	629	630
36	823	770	771
36	824	0	0
36	825	883	884
36	826	431	432
36	827	847	848
36	828	0	0
36	829	0	0
36	830	0	0
36	831	727	728
36	832	0	0
36	833	0	0
36	834	595	596
36	835	0	0
36	836	0	0
36	837	642	643
36	838	760	761
36	839	553	554
36	840	0	0
36	841	0	0
36	842	0	0
36	843	975	976
36	844	642	643
36	845	587	588
36	846	753	754
36	847	0	0
36	848	0	0
36	849	439	440
36	850	451	452
36	851	0	0
36	852	0	0
36	853	794	795
36	854	456	457
36	855	932	933
36	856	0	0
36	857	0	0
36	858	0	0
36	859	847	848
36	860	0	0
36	861	0	0
36	862	431	432
36	863	722	723
36	864	658	659
36	865	674	675
36	866	955	956
36	867	0	0
36	868	570	571
36	869	0	0
36	870	0	0
36	871	299	300
36	872	767	768
36	873	0	0
36	874	0	0
36	875	443	444
36	876	820	821
36	877	0	0
36	878	0	0
36	879	911	912
36	880	986	987
36	881	570	571
36	882	660	661
36	883	0	0
36	884	0	0
36	885	597	598
36	886	634	635
36	887	443	444
36	888	869	870
36	889	820	821
36	890	584	585
36	891	730	731
36	892	829	830
36	893	698	699
36	894	792	793
36	895	0	0
36	896	0	0
36	897	895	896
36	898	835	836
36	899	0	0
36	900	0	0
36	901	770	771
36	902	860	861
36	903	796	797
36	904	753	754
36	905	873	874
36	906	820	821
36	907	587	588
36	908	832	833
36	909	794	795
36	910	805	806
36	911	958	959
36	912	0	0
36	913	0	0
36	914	0	0
36	915	869	870
36	916	0	0
36	917	988	989
36	918	690	691
36	919	570	571
36	920	0	0
36	921	0	0
36	922	835	836
36	923	732	733
36	924	753	754
36	925	0	0
36	926	998	999
36	927	725	726
36	928	634	635
36	929	0	0
36	930	0	0
36	931	832	833
36	932	0	0
36	933	0	0
36	934	0	0
36	935	0	0
36	936	584	585
36	937	807	808
36	938	913	914
36	939	832	833
36	940	824	825
36	941	0	0
36	942	0	0
36	943	705	706
36	944	730	731
36	945	0	0
36	946	0	0
36	947	734	735
36	948	767	768
36	949	470	471
36	950	653	654
36	951	941	942
36	952	855	856
36	953	873	874
36	954	690	691
36	955	961	962
36	956	966	967
36	957	866	867
36	958	0	0
36	959	0	0
36	960	636	637
36	961	0	0
36	962	0	0
36	963	765	766
36	964	0	0
36	965	0	0
36	966	0	0
36	967	0	0
36	968	778	779
36	969	0	0
36	970	0	0
36	971	0	0
36	972	0	0
36	973	932	933
36	974	877	878
36	975	0	0
36	976	0	0
36	977	873	874
36	978	760	761
36	979	895	896
36	980	0	0
36	981	0	0
36	982	246	247
36	983	0	0
36	984	0	0
36	985	980	981
36	986	993	994
36	987	0	0
36	988	0	0
36	989	0	0
36	990	0	0
36	991	0	0
36	992	883	884
36	993	0	0
36	994	0	0
36	995	842	843
36	996	941	942
36	997	719	720
36	998	0	0
36	999	0	0
36	1000	805	806
