46	1	0	0
46	2	1	3
46	3	0	0
46	4	1	3
46	5	1	3
46	6	1	3
46	7	2	8
46	8	63	64
46	9	2	8
46	10	7	11
46	11	14	15
46	12	2	8
46	13	2	8
46	14	27	28
46	15	20	21
46	16	14	15
46	17	10	18
46	18	23	24
46	19	10	18
46	20	0	0
46	21	0	0
46	22	14	15
46	23	49	50
46	24	25	26
46	25	57	58
46	26	321	322
46	27	0	0
46	28	0	0
46	29	23	24
46	30	7	11
46	31	7	11
46	32	27	28
46	33	23	24
46	34	25	26
46	35	10	18
46	36	23	24
46	37	25	26
46	38	7	11
46	39	14	15
46	40	17	41
46	41	80	81
46	42	40	43
46	43	68	69
46	44	25	26
46	45	27	28
46	46	17	41
46	47	42	48
46	48	66	67
46	49	132	133
46	50	93	94
46	51	10	18
46	52	47	53
46	53	75	76
46	54	27	28
46	55	20	21
46	56	49	50
46	57	0	0
46	58	0	0
46	59	17	41
46	60	49	50
46	61	52	62
46	62	101	102
46	63	0	0
46	64	0	0
46	65	49	50
46	66	83	84
46	67	130	131
46	68	167	168
46	69	117	118
46	70	40	43
46	71	68	69
46	72	47	53
46	73	17	41
46	74	52	62
46	75	95	96
46	76	125	126
46	77	40	43
46	78	40	43
46	79	68	69
46	80	140	141
46	81	237	238
46	82	42	48
46	83	0	0
46	84	97	98
46	85	57	58
46	86	80	81
46	87	52	62
46	88	52	62
46	89	47	53
46	90	47	53
46	91	75	76
46	92	20	21
46	93	0	0
46	94	0	0
46	95	99	100
46	96	218	219
46	97	108	109
46	98	110	111
46	99	122	123
46	100	234	235
46	101	201	202
46	102	112	113
46	103	63	64
46	104	57	58
46	105	95	96
46	106	83	84
46	107	20	21
46	108	284	285
46	109	395	396
46	110	142	143
46	111	115	116
46	112	249	250
46	113	138	139
46	114	63	64
46	115	127	128
46	116	165	166
46	117	276	277
46	118	206	207
46	119	80	81
46	120	108	109
46	121	63	64
46	122	186	187
46	123	145	146
46	124	57	58
46	125	303	304
46	126	182	183
46	127	0	0
46	128	0	0
46	129	83	84
46	130	147	148
46	131	334	335
46	132	0	0
46	133	0	0
46	134	127	128
46	135	99	100
46	136	110	111
46	137	42	48
46	138	214	215
46	139	160	161
46	140	246	247
46	141	179	180
46	142	286	287
46	143	0	0
46	144	95	96
46	145	318	319
46	146	0	0
46	147	210	211
46	148	265	266
46	149	142	143
46	150	145	146
46	151	115	116
46	152	122	123
46	153	117	118
46	154	99	100
46	155	130	131
46	156	115	116
46	157	140	141
46	158	42	48
46	159	127	128
46	160	230	231
46	161	163	164
46	162	108	109
46	163	309	310
46	164	193	194
46	165	0	0
46	166	0	0
46	167	176	177
46	168	274	275
46	169	132	133
46	170	132	133
46	171	99	100
46	172	80	81
46	173	147	148
46	174	147	148
46	175	132	133
46	176	251	252
46	177	199	200
46	178	167	168
46	179	0	0
46	180	258	259
46	181	108	109
46	182	305	306
46	183	0	0
46	184	122	123
46	185	179	180
46	186	0	0
46	187	223	224
46	188	75	76
46	189	110	111
46	190	179	180
46	191	112	113
46	192	101	102
46	193	399	400
46	194	240	241
46	195	75	76
46	196	97	98
46	197	66	67
46	198	83	84
46	199	0	0
46	200	208	209
46	201	0	0
46	202	439	440
46	203	201	202
46	204	97	98
46	205	145	146
46	206	0	0
46	207	220	221
46	208	0	0
46	209	0	0
46	210	406	407
46	211	0	0
46	212	163	164
46	213	179	180
46	214	351	352
46	215	228	229
46	216	61	217
46	217	326	327
46	218	358	359
46	219	0	0
46	220	297	298
46	221	336	337
46	222	214	215
46	223	301	302
46	224	0	0
46	225	218	219
46	226	214	215
46	227	165	166
46	228	401	402
46	229	288	289
46	230	232	233
46	231	0	0
46	232	393	394
46	233	493	494
46	234	0	0
46	235	0	0
46	236	122	123
46	237	0	0
46	238	267	268
46	239	61	217
46	240	346	347
46	241	434	435
46	242	223	224
46	243	127	128
46	244	210	211
46	245	125	126
46	246	489	490
46	247	0	0
46	248	193	194
46	249	0	0
46	250	271	272
46	251	0	0
46	252	455	456
46	253	167	168
46	254	186	187
46	255	125	126
46	256	237	238
46	257	125	126
46	258	0	0
46	259	0	0
46	260	130	131
46	261	220	221
46	262	237	238
46	263	240	241
46	264	232	233
46	265	0	0
46	266	484	485
46	267	0	0
46	268	349	350
46	269	246	247
46	270	160	161
46	271	0	0
46	272	468	469
46	273	130	131
46	274	281	282
46	275	311	312
46	276	0	0
46	277	0	0
46	278	228	229
46	279	271	272
46	280	145	146
46	281	0	0
46	282	307	308
46	283	201	202
46	284	0	0
46	285	0	0
46	286	0	0
46	287	0	0
46	288	328	329
46	289	315	316
46	290	228	229
46	291	228	229
46	292	265	266
46	293	220	221
46	294	210	211
46	295	230	231
46	296	251	252
46	297	0	0
46	298	0	0
46	299	206	207
46	300	208	209
46	301	0	0
46	302	0	0
46	303	0	0
46	304	343	344
46	305	0	0
46	306	0	0
46	307	0	0
46	308	0	0
46	309	0	0
46	310	0	0
46	311	443	444
46	312	361	362
46	313	206	207
46	314	230	231
46	315	0	0
46	316	383	384
46	317	301	302
46	318	0	0
46	319	387	388
46	320	142	143
46	321	0	0
46	322	0	0
46	323	112	113
46	324	199	200
46	325	110	111
46	326	0	0
46	327	363	364
46	328	0	0
46	329	373	374
46	330	165	166
46	331	216	332
46	332	0	0
46	333	237	238
46	334	380	381
46	335	0	0
46	336	0	0
46	337	0	0
46	338	258	259
46	339	220	221
46	340	218	219
46	341	163	164
46	342	206	207
46	343	0	0
46	344	0	0
46	345	61	217
46	346	0	0
46	347	0	0
46	348	276	277
46	349	0	0
46	350	0	0
46	351	421	422
46	352	411	412
46	353	234	235
46	354	147	148
46	355	265	266
46	356	305	306
46	357	318	319
46	358	461	462
46	359	473	474
46	360	351	352
46	361	0	0
46	362	0	0
46	363	496	497
46	364	0	0
46	365	303	304
46	366	186	187
46	367	230	231
46	368	112	113
46	369	208	209
46	370	199	200
46	371	249	250
46	372	326	327
46	373	0	0
46	374	0	0
46	375	208	209
46	376	274	275
46	377	267	268
46	378	309	310
46	379	318	319
46	380	0	0
46	381	424	425
46	382	380	381
46	383	0	0
46	384	0	0
46	385	351	352
46	386	163	164
46	387	0	0
46	388	0	0
46	389	373	374
46	390	318	319
46	391	101	102
46	392	351	352
46	393	409	410
46	394	415	416
46	395	413	414
46	396	478	479
46	397	66	67
46	398	265	266
46	399	0	0
46	400	0	0
46	401	0	0
46	402	0	0
46	403	288	289
46	404	267	268
46	405	387	388
46	406	0	0
46	407	0	0
46	408	223	224
46	409	0	0
46	410	0	0
46	411	0	0
46	412	0	0
46	413	0	0
46	414	0	0
46	415	0	0
46	416	0	0
46	417	240	241
46	418	193	194
46	419	284	285
46	420	383	384
46	421	0	0
46	422	437	438
46	423	301	302
46	424	0	0
46	425	0	0
46	426	182	183
46	427	424	425
46	428	424	425
46	429	234	235
46	430	358	359
46	431	267	268
46	432	232	233
46	433	214	215
46	434	0	0
46	435	0	0
46	436	232	233
46	437	464	465
46	438	0	0
46	439	0	0
46	440	481	482
46	441	411	412
46	442	415	416
46	443	0	0
46	444	0	0
46	445	303	304
46	446	303	304
46	447	415	416
46	448	216	332
46	449	343	344
46	450	311	312
46	451	95	96
46	452	182	183
46	453	167	168
46	454	363	364
46	455	0	0
46	456	0	0
46	457	218	219
46	458	210	211
46	459	240	241
46	460	138	139
46	461	0	0
46	462	0	0
46	463	401	402
46	464	0	0
46	465	0	0
46	466	199	200
46	467	160	161
46	468	0	0
46	469	0	0
46	470	288	289
46	471	334	335
46	472	468	469
46	473	0	0
46	474	0	0
46	475	68	69
46	476	286	287
46	477	326	327
46	478	0	0
46	479	0	0
46	480	115	116
46	481	0	0
46	482	0	0
46	483	406	407
46	484	0	0
46	485	487	488
46	486	274	275
46	487	0	0
46	488	0	0
46	489	0	0
46	490	0	0
46	491	415	416
46	492	286	287
46	493	0	0
46	494	0	0
46	495	97	98
46	496	0	0
46	497	0	0
46	498	284	285
46	499	309	310
46	500	411	412
