18	1	0	0
18	2	1	3
18	3	0	0
18	4	1	3
18	5	2	6
18	6	28	29
18	7	1	3
18	8	2	6
18	9	1	3
18	10	2	6
18	11	2	6
18	12	5	13
18	13	23	24
18	14	5	13
18	15	12	16
18	16	18	19
18	17	5	13
18	18	30	31
18	19	32	33
18	20	12	16
18	21	18	19
18	22	18	19
18	23	0	0
18	24	0	0
18	25	23	24
18	26	5	13
18	27	18	19
18	28	0	0
18	29	0	0
18	30	39	40
18	31	35	36
18	32	0	0
18	33	0	0
18	34	28	29
18	35	0	0
18	36	0	0
18	37	15	38
18	38	0	0
18	39	0	0
18	40	0	0
18	41	37	42
18	42	43	44
18	43	0	0
18	44	0	0
18	45	37	42
18	46	15	38
18	47	41	48
18	48	0	0
18	49	37	42
18	50	32	33
