11	1	0	0
11	2	1	3
11	3	0	0
11	4	1	3
11	5	2	6
11	6	9	10
11	7	2	6
11	8	2	6
11	9	0	0
11	10	0	0
11	11	5	12
11	12	30	31
11	13	5	12
11	14	1	3
11	15	1	3
11	16	2	6
11	17	11	18
11	18	58	59
11	19	11	18
11	20	9	10
11	21	17	22
11	22	37	38
11	23	5	12
11	24	17	22
11	25	5	12
11	26	17	22
11	27	11	18
11	28	17	22
11	29	9	10
11	30	42	43
11	31	45	46
11	32	11	18
11	33	9	10
11	34	21	35
11	35	51	52
11	36	21	35
11	37	48	49
11	38	215	216
11	39	30	31
11	40	37	38
11	41	37	38
11	42	0	0
11	43	0	0
11	44	42	43
11	45	0	0
11	46	0	0
11	47	30	31
11	48	77	78
11	49	73	74
11	50	21	35
11	51	89	90
11	52	55	56
11	53	37	38
11	54	42	43
11	55	61	62
11	56	75	76
11	57	51	52
11	58	67	68
11	59	94	95
11	60	45	46
11	61	81	82
11	62	101	102
11	63	45	46
11	64	45	46
11	65	61	62
11	66	58	59
11	67	69	70
11	68	233	234
11	69	0	0
11	70	0	0
11	71	51	52
11	72	21	35
11	73	137	138
11	74	134	135
11	75	159	160
11	76	169	170
11	77	119	120
11	78	97	98
11	79	77	78
11	80	75	76
11	81	92	93
11	82	0	0
11	83	55	56
11	84	67	68
11	85	69	70
11	86	51	52
11	87	58	59
11	88	69	70
11	89	171	172
11	90	284	285
11	91	30	31
11	92	0	0
11	93	0	0
11	94	128	129
11	95	173	174
11	96	75	76
11	97	0	0
11	98	0	0
11	99	61	62
11	100	92	93
11	101	103	104
11	102	124	125
11	103	0	0
11	104	0	0
11	105	77	78
11	106	94	95
11	107	58	59
11	108	67	68
11	109	34	110
11	110	130	131
11	111	89	90
11	112	75	76
11	113	109	114
11	114	224	225
11	115	69	70
11	116	97	98
11	117	89	90
11	118	97	98
11	119	0	0
11	120	0	0
11	121	89	90
11	122	48	49
11	123	42	43
11	124	0	0
11	125	0	0
11	126	94	95
11	127	92	93
11	128	0	0
11	129	0	0
11	130	210	211
11	131	141	142
11	132	55	56
11	133	119	120
11	134	0	0
11	135	0	0
11	136	124	125
11	137	0	0
11	138	0	0
11	139	134	135
11	140	34	110
11	141	208	209
11	142	212	213
11	143	67	68
11	144	101	102
11	145	141	142
11	146	141	142
11	147	113	148
11	148	164	165
11	149	73	74
11	150	128	129
11	151	147	152
11	152	203	204
11	153	55	56
11	154	97	98
11	155	113	148
11	156	103	104
11	157	101	102
11	158	130	131
11	159	198	199
11	160	0	0
11	161	137	138
11	162	119	120
11	163	81	82
11	164	286	287
11	165	251	252
11	166	94	95
11	167	92	93
11	168	130	131
11	169	267	268
11	170	247	248
11	171	205	206
11	172	184	185
11	173	0	0
11	174	0	0
11	175	134	135
11	176	173	174
11	177	147	152
11	178	103	104
11	179	113	148
11	180	81	82
11	181	61	62
11	182	119	120
11	183	169	170
11	184	187	188
11	185	242	243
11	186	159	160
11	187	0	0
11	188	0	0
11	189	134	135
11	190	164	165
11	191	34	110
11	192	187	188
11	193	141	142
11	194	187	188
11	195	34	110
11	196	124	125
11	197	73	74
11	198	0	0
11	199	0	0
11	200	198	199
11	201	101	102
11	202	48	49
11	203	0	0
11	204	0	0
11	205	280	281
11	206	0	0
11	207	113	148
11	208	273	274
11	209	261	262
11	210	236	237
11	211	228	229
11	212	253	254
11	213	245	246
11	214	137	138
11	215	0	0
11	216	0	0
11	217	208	209
11	218	48	49
11	219	124	125
11	220	73	74
11	221	210	211
11	222	205	206
11	223	212	213
11	224	263	264
11	225	259	260
11	226	77	78
11	227	212	213
11	228	0	0
11	229	0	0
11	230	103	104
11	231	169	170
11	232	203	204
11	233	0	0
11	234	0	0
11	235	173	174
11	236	0	0
11	237	0	0
11	238	187	188
11	239	208	209
11	240	169	170
11	241	228	229
11	242	0	0
11	243	0	0
11	244	210	211
11	245	0	0
11	246	0	0
11	247	0	0
11	248	0	0
11	249	242	243
11	250	233	234
11	251	0	0
11	252	0	0
11	253	0	0
11	254	0	0
11	255	251	252
11	256	164	165
11	257	205	206
11	258	128	129
11	259	0	0
11	260	0	0
11	261	0	0
11	262	0	0
11	263	0	0
11	264	0	0
11	265	251	252
11	266	224	225
11	267	0	0
11	268	0	0
11	269	267	268
11	270	263	264
11	271	245	246
11	272	267	268
11	273	0	0
11	274	0	0
11	275	242	243
11	276	233	234
11	277	198	199
11	278	81	82
11	279	233	234
11	280	0	0
11	281	0	0
11	282	164	165
11	283	267	268
11	284	289	290
11	285	0	0
11	286	0	0
11	287	0	0
11	288	203	204
11	289	0	0
11	290	0	0
11	291	259	260
11	292	289	290
11	293	210	211
11	294	212	213
11	295	245	246
11	296	284	285
11	297	147	152
11	298	198	199
11	299	228	229
11	300	0	0
