34	1	0	0
34	2	1	3
34	3	0	0
34	4	1	3
34	5	1	3
34	6	2	7
34	7	22	23
34	8	1	3
34	9	6	10
34	10	12	13
34	11	2	7
34	12	20	21
34	13	44	45
34	14	9	15
34	15	31	32
34	16	2	7
34	17	2	7
34	18	9	15
34	19	6	10
34	20	0	0
34	21	0	0
34	22	0	0
34	23	0	0
34	24	6	10
34	25	20	21
34	26	20	21
34	27	9	15
34	28	9	15
34	29	6	10
34	30	20	21
34	31	36	37
34	32	40	41
34	33	31	32
34	34	31	32
34	35	12	13
34	36	64	65
34	37	54	55
34	38	31	32
34	39	12	13
34	40	71	72
34	41	49	50
34	42	36	37
34	43	40	41
34	44	0	0
34	45	0	0
34	46	22	23
34	47	12	13
34	48	40	41
34	49	0	0
34	50	0	0
34	51	44	45
34	52	40	41
34	53	36	37
34	54	0	0
34	55	0	0
34	56	54	55
34	57	36	37
34	58	22	23
34	59	54	55
34	60	54	55
34	61	49	50
34	62	22	23
34	63	44	45
34	64	0	0
34	65	0	0
34	66	64	65
34	67	44	45
34	68	49	50
34	69	14	70
34	70	73	74
34	71	0	0
34	72	0	0
34	73	76	77
34	74	98	99
34	75	49	50
34	76	89	90
34	77	78	79
34	78	85	86
34	79	94	95
34	80	76	77
34	81	76	77
34	82	64	65
34	83	73	74
34	84	14	70
34	85	0	0
34	86	0	0
34	87	73	74
34	88	73	74
34	89	91	92
34	90	180	181
34	91	0	0
34	92	0	0
34	93	64	65
34	94	0	0
34	95	0	0
34	96	76	77
34	97	89	90
34	98	113	114
34	99	175	176
34	100	91	92
34	101	94	95
34	102	94	95
34	103	14	70
34	104	14	70
34	105	85	86
34	106	71	72
34	107	71	72
34	108	69	109
34	109	131	132
34	110	91	92
34	111	85	86
34	112	69	109
34	113	402	403
34	114	144	145
34	115	69	109
34	116	98	99
34	117	85	86
34	118	89	90
34	119	89	90
34	120	78	79
34	121	91	92
34	122	108	123
34	123	151	152
34	124	78	79
34	125	122	126
34	126	133	134
34	127	125	128
34	128	197	198
34	129	125	128
34	130	78	79
34	131	219	220
34	132	217	218
34	133	173	174
34	134	140	141
34	135	122	126
34	136	125	128
34	137	108	123
34	138	108	123
34	139	131	132
34	140	170	171
34	141	154	155
34	142	131	132
34	143	94	95
34	144	0	0
34	145	0	0
34	146	125	128
34	147	108	123
34	148	131	132
34	149	144	145
34	150	113	114
34	151	162	163
34	152	602	603
34	153	69	109
34	154	160	161
34	155	241	242
34	156	140	141
34	157	144	145
34	158	154	155
34	159	144	145
34	160	295	296
34	161	191	192
34	162	202	203
34	163	310	311
34	164	151	152
34	165	113	114
34	166	154	155
34	167	160	161
34	168	154	155
34	169	160	161
34	170	204	205
34	171	214	215
34	172	162	163
34	173	212	213
34	174	187	188
34	175	411	412
34	176	199	200
34	177	160	161
34	178	113	114
34	179	98	99
34	180	0	0
34	181	0	0
34	182	133	134
34	183	151	152
34	184	140	141
34	185	162	163
34	186	173	174
34	187	243	244
34	188	224	225
34	189	122	126
34	190	122	126
34	191	194	195
34	192	368	369
34	193	140	141
34	194	246	247
34	195	854	855
34	196	175	176
34	197	237	238
34	198	234	235
34	199	0	0
34	200	0	0
34	201	170	171
34	202	206	207
34	203	316	317
34	204	345	346
34	205	595	596
34	206	535	536
34	207	631	632
34	208	162	163
34	209	199	200
34	210	175	176
34	211	191	192
34	212	434	435
34	213	230	231
34	214	357	358
34	215	0	0
34	216	133	134
34	217	362	363
34	218	731	732
34	219	485	486
34	220	302	303
34	221	194	195
34	222	199	200
34	223	191	192
34	224	256	257
34	225	239	240
34	226	194	195
34	227	199	200
34	228	187	188
34	229	170	171
34	230	265	266
34	231	292	293
34	232	206	207
34	233	204	205
34	234	312	313
34	235	752	753
34	236	151	152
34	237	274	275
34	238	279	280
34	239	258	259
34	240	262	263
34	241	330	331
34	242	771	772
34	243	332	333
34	244	286	287
34	245	234	235
34	246	0	0
34	247	0	0
34	248	217	218
34	249	204	205
34	250	219	220
34	251	224	225
34	252	71	72
34	253	202	203
34	254	237	238
34	255	170	171
34	256	394	395
34	257	586	587
34	258	525	526
34	259	267	268
34	260	187	188
34	261	230	231
34	262	413	414
34	263	283	284
34	264	241	242
34	265	742	743
34	266	307	308
34	267	0	0
34	268	0	0
34	269	191	192
34	270	243	244
34	271	127	272
34	272	514	515
34	273	246	247
34	274	436	437
34	275	0	0
34	276	224	225
34	277	219	220
34	278	246	247
34	279	339	340
34	280	322	323
34	281	239	240
34	282	267	268
34	283	0	0
34	284	0	0
34	285	267	268
34	286	406	407
34	287	795	796
34	288	243	244
34	289	230	231
34	290	243	244
34	291	197	198
34	292	448	449
34	293	0	0
34	294	180	181
34	295	430	431
34	296	481	482
34	297	127	272
34	298	271	299
34	299	355	356
34	300	265	266
34	301	173	174
34	302	318	319
34	303	372	373
34	304	230	231
34	305	262	263
34	306	256	257
34	307	614	615
34	308	420	421
34	309	302	303
34	310	502	503
34	311	583	584
34	312	540	541
34	313	383	384
34	314	127	272
34	315	312	313
34	316	396	397
34	317	696	697
34	318	729	730
34	319	380	381
34	320	286	287
34	321	267	268
34	322	365	366
34	323	390	391
34	324	224	225
34	325	271	299
34	326	292	293
34	327	292	293
34	328	262	263
34	329	262	263
34	330	408	409
34	331	342	343
34	332	446	447
34	333	444	445
34	334	302	303
34	335	330	331
34	336	234	235
34	337	307	308
34	338	98	99
34	339	374	375
34	340	735	736
34	341	279	280
34	342	350	351
34	343	0	0
34	344	219	220
34	345	724	725
34	346	767	768
34	347	302	303
34	348	342	343
34	349	133	134
34	350	0	0
34	351	0	0
34	352	295	296
34	353	350	351
34	354	322	323
34	355	0	0
34	356	575	576
34	357	537	538
34	358	418	419
34	359	241	242
34	360	217	218
34	361	239	240
34	362	416	417
34	363	0	0
34	364	357	358
34	365	370	371
34	366	621	622
34	367	322	323
34	368	749	750
34	369	758	759
34	370	0	0
34	371	472	473
34	372	0	0
34	373	489	490
34	374	876	877
34	375	800	801
34	376	241	242
34	377	206	207
34	378	175	176
34	379	374	375
34	380	0	0
34	381	0	0
34	382	330	331
34	383	398	399
34	384	698	699
34	385	173	174
34	386	180	181
34	387	286	287
34	388	271	299
34	389	383	384
34	390	901	902
34	391	651	652
34	392	298	393
34	393	0	0
34	394	426	427
34	395	962	963
34	396	591	592
34	397	423	424
34	398	649	650
34	399	0	0
34	400	295	296
34	401	234	235
34	402	0	0
34	403	0	0
34	404	365	366
34	405	271	299
34	406	468	469
34	407	440	441
34	408	519	520
34	409	617	618
34	410	310	311
34	411	0	0
34	412	0	0
34	413	0	0
34	414	0	0
34	415	370	371
34	416	609	610
34	417	831	832
34	418	492	493
34	419	633	634
34	420	0	0
34	421	0	0
34	422	239	240
34	423	0	0
34	424	0	0
34	425	279	280
34	426	0	0
34	427	0	0
34	428	398	399
34	429	420	421
34	430	760	761
34	431	507	508
34	432	355	356
34	433	256	257
34	434	828	829
34	435	562	563
34	436	0	0
34	437	442	443
34	438	197	198
34	439	265	266
34	440	0	0
34	441	0	0
34	442	450	451
34	443	866	867
34	444	0	0
34	445	857	858
34	446	878	879
34	447	0	0
34	448	523	524
34	449	465	466
34	450	478	479
34	451	0	0
34	452	295	296
34	453	450	451
34	454	316	317
34	455	374	375
34	456	450	451
34	457	187	188
34	458	274	275
34	459	332	333
34	460	423	424
34	461	330	331
34	462	298	393
34	463	380	381
34	464	402	403
34	465	0	0
34	466	0	0
34	467	448	449
34	468	0	0
34	469	0	0
34	470	283	284
34	471	408	409
34	472	578	579
34	473	681	682
34	474	298	393
34	475	279	280
34	476	392	477
34	477	494	495
34	478	0	0
34	479	559	560
34	480	345	346
34	481	0	0
34	482	528	529
34	483	265	266
34	484	444	445
34	485	546	547
34	486	678	679
34	487	197	198
34	488	318	319
34	489	0	0
34	490	0	0
34	491	413	414
34	492	0	0
34	493	0	0
34	494	499	500
34	495	0	0
34	496	283	284
34	497	398	399
34	498	478	479
34	499	504	505
34	500	664	665
34	501	383	384
34	502	556	557
34	503	0	0
34	504	0	0
34	505	747	748
34	506	350	351
34	507	0	0
34	508	0	0
34	509	494	495
34	510	316	317
34	511	426	427
34	512	374	375
34	513	214	215
34	514	607	608
34	515	703	704
34	516	426	427
34	517	394	395
34	518	411	412
34	519	0	0
34	520	0	0
34	521	507	508
34	522	450	451
34	523	0	0
34	524	0	0
34	525	0	0
34	526	0	0
34	527	368	369
34	528	0	0
34	529	0	0
34	530	507	508
34	531	383	384
34	532	286	287
34	533	430	431
34	534	368	369
34	535	991	992
34	536	775	776
34	537	788	789
34	538	0	0
34	539	434	435
34	540	0	0
34	541	565	566
34	542	448	449
34	543	499	500
34	544	180	181
34	545	206	207
34	546	0	0
34	547	554	555
34	548	127	272
34	549	448	449
34	550	370	371
34	551	504	505
34	552	523	524
34	553	465	466
34	554	0	0
34	555	0	0
34	556	896	897
34	557	0	0
34	558	423	424
34	559	0	0
34	560	0	0
34	561	499	500
34	562	972	973
34	563	571	572
34	564	372	373
34	565	668	669
34	566	0	0
34	567	408	409
34	568	525	526
34	569	426	427
34	570	312	313
34	571	0	0
34	572	612	613
34	573	442	443
34	574	370	371
34	575	638	639
34	576	959	960
34	577	436	437
34	578	0	0
34	579	0	0
34	580	256	257
34	581	562	563
34	582	559	560
34	583	636	637
34	584	0	0
34	585	372	373
34	586	589	590
34	587	940	941
34	588	322	323
34	589	0	0
34	590	0	0
34	591	0	0
34	592	0	0
34	593	217	218
34	594	258	259
34	595	977	978
34	596	0	0
34	597	559	560
34	598	390	391
34	599	406	407
34	600	571	572
34	601	468	469
34	602	0	0
34	603	641	642
34	604	476	605
34	605	0	0
34	606	274	275
34	607	970	971
34	608	0	0
34	609	0	0
34	610	0	0
34	611	591	592
34	612	0	0
34	613	0	0
34	614	0	0
34	615	0	0
34	616	202	203
34	617	0	0
34	618	0	0
34	619	413	414
34	620	540	541
34	621	814	815
34	622	0	0
34	623	258	259
34	624	402	403
34	625	398	399
34	626	562	563
34	627	494	495
34	628	434	435
34	629	204	205
34	630	430	431
34	631	0	0
34	632	656	657
34	633	0	0
34	634	0	0
34	635	578	579
34	636	0	0
34	637	684	685
34	638	803	804
34	639	690	691
34	640	472	473
34	641	660	661
34	642	0	0
34	643	339	340
34	644	202	203
34	645	578	579
34	646	362	363
34	647	396	397
34	648	472	473
34	649	919	920
34	650	791	792
34	651	0	0
34	652	956	957
34	653	614	615
34	654	489	490
34	655	583	584
34	656	0	0
34	657	0	0
34	658	523	524
34	659	310	311
34	660	0	0
34	661	779	780
34	662	416	417
34	663	562	563
34	664	0	0
34	665	0	0
34	666	586	587
34	667	442	443
34	668	0	0
34	669	989	990
34	670	350	351
34	671	420	421
34	672	633	634
34	673	316	317
34	674	345	346
34	675	609	610
34	676	413	414
34	677	292	293
34	678	825	826
34	679	0	0
34	680	540	541
34	681	0	0
34	682	0	0
34	683	365	366
34	684	0	0
34	685	0	0
34	686	440	441
34	687	668	669
34	688	631	632
34	689	607	608
34	690	0	0
34	691	880	881
34	692	684	685
34	693	612	613
34	694	339	340
34	695	392	477
34	696	0	0
34	697	0	0
34	698	987	988
34	699	936	937
34	700	411	412
34	701	440	441
34	702	537	538
34	703	0	0
34	704	744	745
34	705	214	215
34	706	485	486
34	707	633	634
34	708	540	541
34	709	390	391
34	710	476	605
34	711	612	613
34	712	556	557
34	713	274	275
34	714	678	679
34	715	698	699
34	716	678	679
34	717	696	697
34	718	436	437
34	719	472	473
34	720	494	495
34	721	396	397
34	722	607	608
34	723	614	615
34	724	0	0
34	725	884	885
34	726	523	524
34	727	575	576
34	728	368	369
34	729	0	0
34	730	0	0
34	731	840	841
34	732	0	0
34	733	411	412
34	734	212	213
34	735	906	907
34	736	0	0
34	737	408	409
34	738	612	613
34	739	237	238
34	740	357	358
34	741	430	431
34	742	0	0
34	743	0	0
34	744	762	763
34	745	0	0
34	746	535	536
34	747	0	0
34	748	0	0
34	749	0	0
34	750	0	0
34	751	365	366
34	752	0	0
34	753	860	861
34	754	631	632
34	755	442	443
34	756	492	493
34	757	668	669
34	758	0	0
34	759	0	0
34	760	0	0
34	761	0	0
34	762	982	983
34	763	0	0
34	764	440	441
34	765	724	725
34	766	589	590
34	767	783	784
34	768	0	0
34	769	446	447
34	770	684	685
34	771	817	818
34	772	0	0
34	773	499	500
34	774	372	373
34	775	0	0
34	776	0	0
34	777	345	346
34	778	546	547
34	779	0	0
34	780	874	875
34	781	481	482
34	782	525	526
34	783	0	0
34	784	0	0
34	785	312	313
34	786	586	587
34	787	735	736
34	788	0	0
34	789	0	0
34	790	638	639
34	791	835	836
34	792	0	0
34	793	406	407
34	794	656	657
34	795	0	0
34	796	0	0
34	797	698	699
34	798	390	391
34	799	307	308
34	800	0	0
34	801	980	981
34	802	729	730
34	803	913	914
34	804	890	891
34	805	698	699
34	806	604	807
34	807	925	926
34	808	729	730
34	809	298	393
34	810	212	213
34	811	578	579
34	812	559	560
34	813	418	419
34	814	888	889
34	815	0	0
34	816	641	642
34	817	0	0
34	818	0	0
34	819	617	618
34	820	355	356
34	821	434	435
34	822	649	650
34	823	489	490
34	824	703	704
34	825	0	0
34	826	0	0
34	827	283	284
34	828	908	909
34	829	0	0
34	830	735	736
34	831	0	0
34	832	0	0
34	833	489	490
34	834	803	804
34	835	0	0
34	836	0	0
34	837	825	826
34	838	476	605
34	839	402	403
34	840	998	999
34	841	0	0
34	842	332	333
34	843	575	576
34	844	465	466
34	845	791	792
34	846	831	832
34	847	420	421
34	848	406	407
34	849	583	584
34	850	678	679
34	851	571	572
34	852	760	761
34	853	416	417
34	854	0	0
34	855	0	0
34	856	817	818
34	857	0	0
34	858	0	0
34	859	825	826
34	860	0	0
34	861	0	0
34	862	617	618
34	863	762	763
34	864	604	807
34	865	783	784
34	866	0	0
34	867	929	930
34	868	436	437
34	869	237	238
34	870	681	682
34	871	860	861
34	872	825	826
34	873	696	697
34	874	0	0
34	875	0	0
34	876	0	0
34	877	0	0
34	878	0	0
34	879	0	0
34	880	934	935
34	881	0	0
34	882	502	503
34	883	502	503
34	884	0	0
34	885	0	0
34	886	835	836
34	887	418	419
34	888	0	0
34	889	0	0
34	890	0	0
34	891	0	0
34	892	617	618
34	893	831	832
34	894	681	682
34	895	396	397
34	896	0	0
34	897	0	0
34	898	492	493
34	899	840	841
34	900	602	603
34	901	0	0
34	902	0	0
34	903	339	340
34	904	246	247
34	905	416	417
34	906	0	0
34	907	0	0
34	908	967	968
34	909	0	0
34	910	791	792
34	911	332	333
34	912	742	743
34	913	0	0
34	914	0	0
34	915	468	469
34	916	906	907
34	917	854	855
34	918	681	682
34	919	0	0
34	920	0	0
34	921	913	914
34	922	656	657
34	923	355	356
34	924	664	665
34	925	0	0
34	926	0	0
34	927	554	555
34	928	668	669
34	929	984	985
34	930	0	0
34	931	535	536
34	932	649	650
34	933	535	536
34	934	0	0
34	935	0	0
34	936	953	954
34	937	0	0
34	938	476	605
34	939	649	650
34	940	0	0
34	941	0	0
34	942	803	804
34	943	614	615
34	944	929	930
34	945	468	469
34	946	742	743
34	947	696	697
34	948	554	555
34	949	556	557
34	950	465	466
34	951	607	608
34	952	929	930
34	953	0	0
34	954	0	0
34	955	583	584
34	956	0	0
34	957	0	0
34	958	896	897
34	959	0	0
34	960	0	0
34	961	528	529
34	962	0	0
34	963	0	0
34	964	492	493
34	965	817	818
34	966	744	745
34	967	0	0
34	968	0	0
34	969	940	941
34	970	994	995
34	971	0	0
34	972	0	0
34	973	0	0
34	974	342	343
34	975	800	801
34	976	684	685
34	977	0	0
34	978	0	0
34	979	664	665
34	980	0	0
34	981	0	0
34	982	0	0
34	983	0	0
34	984	0	0
34	985	0	0
34	986	742	743
34	987	0	0
34	988	0	0
34	989	0	0
34	990	0	0
34	991	0	0
34	992	0	0
34	993	638	639
34	994	0	0
34	995	0	0
34	996	906	907
34	997	775	776
34	998	0	0
34	999	0	0
34	1000	703	704
