37	1	0	0
37	2	1	3
37	3	0	0
37	4	2	5
37	5	6	7
37	6	0	0
37	7	0	0
37	8	1	3
37	9	6	7
37	10	6	7
37	11	2	5
37	12	4	13
37	13	14	15
37	14	27	28
37	15	16	17
37	16	0	0
37	17	0	0
37	18	16	17
37	19	6	7
37	20	12	21
37	21	0	0
37	22	4	13
37	23	4	13
37	24	12	21
37	25	2	5
37	26	1	3
37	27	0	0
37	28	0	0
37	29	20	30
37	30	42	43
37	31	27	28
37	32	12	21
37	33	14	15
37	34	29	35
37	35	0	0
37	36	16	17
37	37	27	28
37	38	16	17
37	39	2	5
37	40	27	28
37	41	29	35
37	42	0	0
37	43	0	0
37	44	42	43
37	45	12	21
37	46	4	13
37	47	1	3
37	48	42	43
37	49	29	35
37	50	42	43
