47	1	0	0
47	2	1	3
47	3	0	0
47	4	1	3
47	5	2	6
47	6	9	10
47	7	1	3
47	8	2	6
47	9	0	0
47	10	0	0
47	11	1	3
47	12	5	13
47	13	18	19
47	14	5	13
47	15	9	10
47	16	5	13
47	17	9	10
47	18	30	31
47	19	20	21
47	20	0	0
47	21	0	0
47	22	12	23
47	23	37	38
47	24	18	19
47	25	20	21
47	26	5	13
47	27	2	6
47	28	9	10
47	29	2	6
47	30	0	0
47	31	0	0
47	32	18	19
47	33	30	31
47	34	20	21
47	35	20	21
47	36	12	23
47	37	63	64
47	38	40	41
47	39	30	31
47	40	69	70
47	41	60	61
47	42	37	38
47	43	40	41
47	44	22	45
47	45	47	48
47	46	37	38
47	47	174	175
47	48	66	67
47	49	40	41
47	50	37	38
47	51	22	45
47	52	40	41
47	53	44	54
47	54	55	56
47	55	77	78
47	56	57	58
47	57	216	217
47	58	85	86
47	59	47	48
47	60	0	0
47	61	0	0
47	62	47	48
47	63	202	203
47	64	0	0
47	65	60	61
47	66	71	72
47	67	99	100
47	68	66	67
47	69	0	0
47	70	0	0
47	71	122	123
47	72	214	215
47	73	44	54
47	74	44	54
47	75	69	70
47	76	18	19
47	77	97	98
47	78	235	236
47	79	55	56
47	80	57	58
47	81	53	82
47	82	95	96
47	83	12	23
47	84	60	61
47	85	92	93
47	86	101	102
47	87	12	23
47	88	57	58
47	89	55	56
47	90	69	70
47	91	22	45
47	92	178	179
47	93	124	125
47	94	66	67
47	95	204	205
47	96	108	109
47	97	104	105
47	98	110	111
47	99	133	134
47	100	190	191
47	101	144	145
47	102	127	128
47	103	77	78
47	104	142	143
47	105	157	158
47	106	66	67
47	107	57	58
47	108	207	208
47	109	0	0
47	110	114	115
47	111	240	241
47	112	71	72
47	113	60	61
47	114	0	0
47	115	0	0
47	116	95	96
47	117	44	54
47	118	110	111
47	119	63	64
47	120	53	82
47	121	69	70
47	122	0	0
47	123	0	0
47	124	0	0
47	125	0	0
47	126	114	115
47	127	0	0
47	128	0	0
47	129	71	72
47	130	104	105
47	131	101	102
47	132	108	109
47	133	0	0
47	134	0	0
47	135	81	136
47	136	155	156
47	137	55	56
47	138	110	111
47	139	63	64
47	140	95	96
47	141	85	86
47	142	0	0
47	143	0	0
47	144	0	0
47	145	0	0
47	146	110	111
47	147	133	134
47	148	101	102
47	149	122	123
47	150	101	102
47	151	108	109
47	152	92	93
47	153	133	134
47	154	124	125
47	155	0	0
47	156	176	177
47	157	0	0
47	158	0	0
47	159	30	31
47	160	127	128
47	161	77	78
47	162	77	78
47	163	63	64
47	164	47	48
47	165	95	96
47	166	114	115
47	167	157	158
47	168	99	100
47	169	99	100
47	170	53	82
47	171	127	128
47	172	92	93
47	173	53	82
47	174	0	0
47	175	0	0
47	176	249	250
47	177	220	221
47	178	0	0
47	179	0	0
47	180	22	45
47	181	99	100
47	182	174	175
47	183	124	125
47	184	157	158
47	185	114	115
47	186	135	187
47	187	274	275
47	188	81	136
47	189	127	128
47	190	0	0
47	191	0	0
47	192	97	98
47	193	144	145
47	194	157	158
47	195	174	175
47	196	133	134
47	197	71	72
47	198	104	105
47	199	92	93
47	200	104	105
47	201	85	86
47	202	0	0
47	203	0	0
47	204	218	219
47	205	226	227
47	206	108	109
47	207	212	213
47	208	0	0
47	209	207	208
47	210	122	123
47	211	174	175
47	212	0	0
47	213	257	258
47	214	0	0
47	215	0	0
47	216	0	0
47	217	230	231
47	218	0	0
47	219	243	244
47	220	287	288
47	221	0	0
47	222	155	156
47	223	220	221
47	224	142	143
47	225	135	187
47	226	0	0
47	227	252	253
47	228	135	187
47	229	144	145
47	230	299	300
47	231	238	239
47	232	207	208
47	233	212	213
47	234	202	203
47	235	0	0
47	236	0	0
47	237	212	213
47	238	0	0
47	239	0	0
47	240	0	0
47	241	0	0
47	242	226	227
47	243	0	0
47	244	0	0
47	245	243	244
47	246	97	98
47	247	226	227
47	248	214	215
47	249	0	0
47	250	282	283
47	251	249	250
47	252	280	281
47	253	0	0
47	254	85	86
47	255	176	177
47	256	81	136
47	257	262	263
47	258	0	0
47	259	218	219
47	260	220	221
47	261	240	241
47	262	0	0
47	263	0	0
47	264	122	123
47	265	142	143
47	266	220	221
47	267	207	208
47	268	202	203
47	269	252	253
47	270	135	187
47	271	216	217
47	272	262	263
47	273	218	219
47	274	0	0
47	275	284	285
47	276	81	136
47	277	202	203
47	278	144	145
47	279	97	98
47	280	0	0
47	281	0	0
47	282	0	0
47	283	0	0
47	284	0	0
47	285	0	0
47	286	142	143
47	287	0	0
47	288	0	0
47	289	262	263
47	290	178	179
47	291	252	253
47	292	124	125
47	293	274	275
47	294	280	281
47	295	238	239
47	296	216	217
47	297	282	283
47	298	284	285
47	299	0	0
47	300	0	0
