28	1	0	0
28	2	1	3
28	3	0	0
28	4	1	3
28	5	1	3
28	6	1	3
28	7	2	8
28	8	24	25
28	9	7	10
28	10	12	13
28	11	7	10
28	12	17	18
28	13	26	27
28	14	7	10
28	15	2	8
28	16	7	10
28	17	0	0
28	18	0	0
28	19	2	8
28	20	2	8
28	21	12	13
28	22	17	18
28	23	12	13
28	24	0	0
28	25	0	0
28	26	0	0
28	27	0	0
28	28	24	25
28	29	17	18
28	30	17	18
28	31	24	25
28	32	24	25
28	33	12	13
28	34	26	27
28	35	9	36
28	36	44	45
28	37	9	36
28	38	35	39
28	39	46	47
28	40	38	41
28	41	61	62
28	42	9	36
28	43	9	36
28	44	48	49
28	45	170	171
28	46	126	127
28	47	190	191
28	48	58	59
28	49	87	88
28	50	40	51
28	51	107	108
28	52	50	53
28	53	54	55
28	54	67	68
28	55	56	57
28	56	399	400
28	57	77	78
28	58	0	0
28	59	0	0
28	60	40	51
28	61	74	75
28	62	64	65
28	63	46	47
28	64	69	70
28	65	213	214
28	66	35	39
28	67	111	112
28	68	161	162
28	69	621	622
28	70	82	83
28	71	52	72
28	72	173	174
28	73	38	41
28	74	375	376
28	75	0	0
28	76	38	41
28	77	89	90
28	78	260	261
28	79	52	72
28	80	77	78
28	81	54	55
28	82	147	148
28	83	236	237
28	84	50	53
28	85	64	65
28	86	54	55
28	87	0	0
28	88	0	0
28	89	0	0
28	90	274	275
28	91	26	27
28	92	54	55
28	93	74	75
28	94	26	27
28	95	48	49
28	96	58	59
28	97	64	65
28	98	58	59
28	99	50	53
28	100	69	70
28	101	50	53
28	102	35	39
28	103	44	45
28	104	74	75
28	105	71	106
28	106	0	0
28	107	119	120
28	108	145	146
28	109	48	49
28	110	58	59
28	111	387	388
28	112	176	177
28	113	56	57
28	114	74	75
28	115	69	70
28	116	44	45
28	117	48	49
28	118	67	68
28	119	636	637
28	120	137	138
28	121	111	112
28	122	87	88
28	123	64	65
28	124	105	125
28	125	163	164
28	126	221	222
28	127	155	156
28	128	126	127
28	129	77	78
28	130	87	88
28	131	119	120
28	132	35	39
28	133	105	125
28	134	107	108
28	135	119	120
28	136	105	125
28	137	183	184
28	138	166	167
28	139	126	127
28	140	111	112
28	141	52	72
28	142	124	143
28	143	226	227
28	144	69	70
28	145	198	199
28	146	180	181
28	147	0	0
28	148	0	0
28	149	44	45
28	150	124	143
28	151	89	90
28	152	71	106
28	153	77	78
28	154	61	62
28	155	159	160
28	156	301	302
28	157	137	138
28	158	38	41
28	159	0	0
28	160	0	0
28	161	215	216
28	162	264	265
28	163	219	220
28	164	186	187
28	165	145	146
28	166	438	439
28	167	281	282
28	168	105	125
28	169	46	47
28	170	195	196
28	171	286	287
28	172	40	51
28	173	514	515
28	174	284	285
28	175	159	160
28	176	217	218
28	177	188	189
28	178	147	148
28	179	145	146
28	180	203	204
28	181	406	407
28	182	107	108
28	183	224	225
28	184	317	318
28	185	46	47
28	186	641	642
28	187	201	202
28	188	193	194
28	189	208	209
28	190	297	298
28	191	211	212
28	192	87	88
28	193	0	0
28	194	835	836
28	195	0	0
28	196	0	0
28	197	124	143
28	198	324	325
28	199	856	857
28	200	193	194
28	201	328	329
28	202	0	0
28	203	369	370
28	204	708	709
28	205	201	202
28	206	147	148
28	207	82	83
28	208	257	258
28	209	595	596
28	210	161	162
28	211	0	0
28	212	902	903
28	213	251	252
28	214	797	798
28	215	270	271
28	216	248	249
28	217	562	563
28	218	790	791
28	219	228	229
28	220	444	445
28	221	372	373
28	222	294	295
28	223	170	171
28	224	312	313
28	225	272	273
28	226	254	255
28	227	0	0
28	228	246	247
28	229	262	263
28	230	147	148
28	231	163	164
28	232	219	220
28	233	145	146
28	234	208	209
28	235	67	68
28	236	0	0
28	237	0	0
28	238	211	212
28	239	236	237
28	240	219	220
28	241	40	51
28	242	119	120
28	243	159	160
28	244	208	209
28	245	71	106
28	246	330	331
28	247	586	587
28	248	627	628
28	249	365	366
28	250	61	62
28	251	781	782
28	252	279	280
28	253	56	57
28	254	488	489
28	255	276	277
28	256	183	184
28	257	0	0
28	258	0	0
28	259	71	106
28	260	584	585
28	261	634	635
28	262	519	520
28	263	0	0
28	264	395	396
28	265	619	620
28	266	215	216
28	267	170	171
28	268	201	202
28	269	137	138
28	270	521	522
28	271	0	0
28	272	0	0
28	273	0	0
28	274	342	343
28	275	289	290
28	276	554	555
28	277	459	460
28	278	163	164
28	279	0	0
28	280	0	0
28	281	468	469
28	282	304	305
28	283	251	252
28	284	416	417
28	285	723	724
28	286	0	0
28	287	0	0
28	288	284	285
28	289	292	293
28	290	566	567
28	291	211	212
28	292	0	0
28	293	0	0
28	294	0	0
28	295	0	0
28	296	67	68
28	297	686	687
28	298	0	0
28	299	251	252
28	300	166	167
28	301	0	0
28	302	0	0
28	303	213	214
28	304	0	0
28	305	0	0
28	306	89	90
28	307	284	285
28	308	183	184
28	309	228	229
28	310	208	209
28	311	82	83
28	312	0	0
28	313	0	0
28	314	61	62
28	315	236	237
28	316	219	220
28	317	361	362
28	318	480	481
28	319	221	222
28	320	193	194
28	321	198	199
28	322	284	285
28	323	82	83
28	324	441	442
28	325	0	0
28	326	246	247
28	327	276	277
28	328	682	683
28	329	510	511
28	330	0	0
28	331	335	336
28	332	107	108
28	333	274	275
28	334	226	227
28	335	0	0
28	336	607	608
28	337	190	191
28	338	272	273
28	339	279	280
28	340	193	194
28	341	211	212
28	342	603	604
28	343	0	0
28	344	52	72
28	345	279	280
28	346	166	167
28	347	292	293
28	348	180	181
28	349	312	313
28	350	342	343
28	351	312	313
28	352	294	295
28	353	195	196
28	354	297	298
28	355	294	295
28	356	224	225
28	357	155	156
28	358	217	218
28	359	264	265
28	360	301	302
28	361	0	0
28	362	0	0
28	363	312	313
28	364	186	187
28	365	580	581
28	366	645	646
28	367	236	237
28	368	304	305
28	369	495	496
28	370	378	379
28	371	248	249
28	372	0	0
28	373	0	0
28	374	176	177
28	375	569	570
28	376	805	806
28	377	246	247
28	378	0	0
28	379	0	0
28	380	292	293
28	381	281	282
28	382	294	295
28	383	297	298
28	384	226	227
28	385	317	318
28	386	221	222
28	387	446	447
28	388	432	433
28	389	342	343
28	390	251	252
28	391	224	225
28	392	166	167
28	393	111	112
28	394	213	214
28	395	532	533
28	396	523	524
28	397	173	174
28	398	180	181
28	399	408	409
28	400	472	473
28	401	142	402
28	402	749	750
28	403	304	305
28	404	56	57
28	405	264	265
28	406	560	561
28	407	694	695
28	408	449	450
28	409	512	513
28	410	155	156
28	411	289	290
28	412	395	396
28	413	274	275
28	414	248	249
28	415	372	373
28	416	787	788
28	417	451	452
28	418	173	174
28	419	387	388
28	420	369	370
28	421	228	229
28	422	330	331
28	423	399	400
28	424	289	290
28	425	176	177
28	426	408	409
28	427	395	396
28	428	215	216
28	429	372	373
28	430	142	402
28	431	365	366
28	432	539	540
28	433	558	559
28	434	372	373
28	435	401	436
28	436	0	0
28	437	401	436
28	438	525	526
28	439	483	484
28	440	438	439
28	441	527	528
28	442	825	826
28	443	203	204
28	444	499	500
28	445	676	677
28	446	536	537
28	447	630	631
28	448	301	302
28	449	663	664
28	450	0	0
28	451	0	0
28	452	465	466
28	453	416	417
28	454	262	263
28	455	451	452
28	456	170	171
28	457	198	199
28	458	438	439
28	459	844	845
28	460	0	0
28	461	406	407
28	462	224	225
28	463	195	196
28	464	335	336
28	465	625	626
28	466	573	574
28	467	201	202
28	468	0	0
28	469	0	0
28	470	213	214
28	471	246	247
28	472	491	492
28	473	564	565
28	474	375	376
28	475	183	184
28	476	155	156
28	477	198	199
28	478	328	329
28	479	195	196
28	480	0	0
28	481	0	0
28	482	472	473
28	483	0	0
28	484	0	0
28	485	226	227
28	486	361	362
28	487	228	229
28	488	887	888
28	489	936	937
28	490	264	265
28	491	0	0
28	492	0	0
28	493	281	282
28	494	465	466
28	495	0	0
28	496	0	0
28	497	142	402
28	498	89	90
28	499	592	593
28	500	863	864
28	501	399	400
28	502	401	436
28	503	304	305
28	504	361	362
28	505	361	362
28	506	257	258
28	507	173	174
28	508	279	280
28	509	248	249
28	510	552	553
28	511	530	531
28	512	979	980
28	513	896	897
28	514	599	600
28	515	544	545
28	516	483	484
28	517	512	513
28	518	342	343
28	519	0	0
28	520	0	0
28	521	809	810
28	522	0	0
28	523	660	661
28	524	894	895
28	525	0	0
28	526	0	0
28	527	0	0
28	528	0	0
28	529	126	127
28	530	0	0
28	531	842	843
28	532	549	550
28	533	989	990
28	534	449	450
28	535	203	204
28	536	0	0
28	537	740	741
28	538	289	290
28	539	649	650
28	540	680	681
28	541	512	513
28	542	260	261
28	543	254	255
28	544	577	578
28	545	612	613
28	546	124	143
28	547	186	187
28	548	523	524
28	549	0	0
28	550	0	0
28	551	549	550
28	552	792	793
28	553	0	0
28	554	0	0
28	555	0	0
28	556	215	216
28	557	465	466
28	558	731	732
28	559	946	947
28	560	590	591
28	561	815	816
28	562	0	0
28	563	652	653
28	564	981	982
28	565	0	0
28	566	0	0
28	567	0	0
28	568	378	379
28	569	992	993
28	570	609	610
28	571	483	484
28	572	472	473
28	573	915	916
28	574	0	0
28	575	564	565
28	576	217	218
28	577	873	874
28	578	831	832
28	579	399	400
28	580	0	0
28	581	0	0
28	582	573	574
28	583	297	298
28	584	952	953
28	585	0	0
28	586	776	777
28	587	854	855
28	588	577	578
28	589	527	528
28	590	0	0
28	591	0	0
28	592	656	657
28	593	623	624
28	594	569	570
28	595	0	0
28	596	0	0
28	597	562	563
28	598	573	574
28	599	0	0
28	600	684	685
28	601	514	515
28	602	530	531
28	603	0	0
28	604	0	0
28	605	330	331
28	606	495	496
28	607	0	0
28	608	0	0
28	609	0	0
28	610	0	0
28	611	584	585
28	612	880	881
28	613	0	0
28	614	180	181
28	615	465	466
28	616	586	587
28	617	514	515
28	618	549	550
28	619	747	748
28	620	735	736
28	621	638	639
28	622	702	703
28	623	0	0
28	624	0	0
28	625	0	0
28	626	647	648
28	627	0	0
28	628	0	0
28	629	514	515
28	630	673	674
28	631	0	0
28	632	472	473
28	633	607	608
28	634	908	909
28	635	0	0
28	636	827	828
28	637	0	0
28	638	0	0
28	639	0	0
28	640	387	388
28	641	817	818
28	642	0	0
28	643	630	631
28	644	532	533
28	645	0	0
28	646	0	0
28	647	0	0
28	648	0	0
28	649	0	0
28	650	0	0
28	651	163	164
28	652	0	0
28	653	0	0
28	654	438	439
28	655	483	484
28	656	0	0
28	657	667	668
28	658	401	436
28	659	188	189
28	660	0	0
28	661	0	0
28	662	536	537
28	663	0	0
28	664	757	758
28	665	217	218
28	666	491	492
28	667	794	795
28	668	0	0
28	669	292	293
28	670	525	526
28	671	552	553
28	672	552	553
28	673	0	0
28	674	0	0
28	675	406	407
28	676	0	0
28	677	0	0
28	678	375	376
28	679	630	631
28	680	0	0
28	681	0	0
28	682	0	0
28	683	689	690
28	684	0	0
28	685	760	761
28	686	0	0
28	687	0	0
28	688	586	587
28	689	0	0
28	690	697	698
28	691	523	524
28	692	532	533
28	693	272	273
28	694	700	701
28	695	718	719
28	696	416	417
28	697	987	988
28	698	923	924
28	699	137	138
28	700	0	0
28	701	0	0
28	702	0	0
28	703	0	0
28	704	260	261
28	705	387	388
28	706	590	591
28	707	667	668
28	708	0	0
28	709	0	0
28	710	254	255
28	711	369	370
28	712	176	177
28	713	607	608
28	714	459	460
28	715	468	469
28	716	621	622
28	717	689	690
28	718	0	0
28	719	0	0
28	720	638	639
28	721	270	271
28	722	580	581
28	723	0	0
28	724	0	0
28	725	254	255
28	726	590	591
28	727	627	628
28	728	281	282
28	729	552	553
28	730	276	277
28	731	0	0
28	732	0	0
28	733	270	271
28	734	270	271
28	735	0	0
28	736	0	0
28	737	603	604
28	738	634	635
28	739	491	492
28	740	0	0
28	741	0	0
28	742	365	366
28	743	521	522
28	744	416	417
28	745	660	661
28	746	301	302
28	747	0	0
28	748	0	0
28	749	754	755
28	750	0	0
28	751	523	524
28	752	566	567
28	753	527	528
28	754	876	877
28	755	962	963
28	756	621	622
28	757	0	0
28	758	0	0
28	759	451	452
28	760	0	0
28	761	0	0
28	762	760	761
28	763	369	370
28	764	161	162
28	765	566	567
28	766	740	741
28	767	718	719
28	768	577	578
28	769	449	450
28	770	636	637
28	771	444	445
28	772	549	550
28	773	159	160
28	774	569	570
28	775	641	642
28	776	0	0
28	777	0	0
28	778	566	567
28	779	645	646
28	780	564	565
28	781	0	0
28	782	0	0
28	783	395	396
28	784	525	526
28	785	723	724
28	786	365	366
28	787	800	801
28	788	802	803
28	789	190	191
28	790	983	984
28	791	0	0
28	792	0	0
28	793	994	995
28	794	0	0
28	795	0	0
28	796	286	287
28	797	811	812
28	798	985	986
28	799	625	626
28	800	0	0
28	801	0	0
28	802	0	0
28	803	0	0
28	804	702	703
28	805	917	918
28	806	940	941
28	807	262	263
28	808	564	565
28	809	0	0
28	810	0	0
28	811	0	0
28	812	0	0
28	813	406	407
28	814	577	578
28	815	0	0
28	816	0	0
28	817	0	0
28	818	0	0
28	819	686	687
28	820	161	162
28	821	527	528
28	822	512	513
28	823	595	596
28	824	441	442
28	825	0	0
28	826	0	0
28	827	0	0
28	828	0	0
28	829	641	642
28	830	641	642
28	831	0	0
28	832	966	967
28	833	797	798
28	834	760	761
28	835	0	0
28	836	0	0
28	837	257	258
28	838	656	657
28	839	689	690
28	840	274	275
28	841	797	798
28	842	927	928
28	843	0	0
28	844	865	866
28	845	0	0
28	846	792	793
28	847	495	496
28	848	731	732
28	849	817	818
28	850	794	795
28	851	817	818
28	852	636	637
28	853	544	545
28	854	0	0
28	855	0	0
28	856	0	0
28	857	921	922
28	858	776	777
28	859	530	531
28	860	525	526
28	861	787	788
28	862	754	755
28	863	997	998
28	864	0	0
28	865	0	0
28	866	0	0
28	867	480	481
28	868	536	537
28	869	603	604
28	870	612	613
28	871	590	591
28	872	257	258
28	873	0	0
28	874	0	0
28	875	186	187
28	876	975	976
28	877	960	961
28	878	378	379
28	879	667	668
28	880	0	0
28	881	0	0
28	882	787	788
28	883	686	687
28	884	697	698
28	885	647	648
28	886	603	604
28	887	0	0
28	888	0	0
28	889	749	750
28	890	599	600
28	891	599	600
28	892	827	828
28	893	272	273
28	894	0	0
28	895	0	0
28	896	0	0
28	897	934	935
28	898	560	561
28	899	521	522
28	900	702	703
28	901	697	698
28	902	0	0
28	903	0	0
28	904	449	450
28	905	142	402
28	906	335	336
28	907	609	610
28	908	0	0
28	909	930	931
28	910	468	469
28	911	625	626
28	912	554	555
28	913	317	318
28	914	663	664
28	915	0	0
28	916	0	0
28	917	0	0
28	918	0	0
28	919	915	916
28	920	760	761
28	921	0	0
28	922	0	0
28	923	0	0
28	924	0	0
28	925	446	447
28	926	873	874
28	927	0	0
28	928	0	0
28	929	735	736
28	930	0	0
28	931	0	0
28	932	873	874
28	933	708	709
28	934	0	0
28	935	0	0
28	936	0	0
28	937	977	978
28	938	328	329
28	939	621	622
28	940	0	0
28	941	0	0
28	942	827	828
28	943	539	540
28	944	887	888
28	945	335	336
28	946	0	0
28	947	0	0
28	948	794	795
28	949	510	511
28	950	491	492
28	951	790	791
28	952	0	0
28	953	0	0
28	954	317	318
28	955	554	555
28	956	586	587
28	957	634	635
28	958	375	376
28	959	934	935
28	960	0	0
28	961	0	0
28	962	0	0
28	963	0	0
28	964	908	909
28	965	776	777
28	966	0	0
28	967	0	0
28	968	854	855
28	969	378	379
28	970	700	701
28	971	952	953
28	972	676	677
28	973	787	788
28	974	260	261
28	975	0	0
28	976	0	0
28	977	0	0
28	978	0	0
28	979	0	0
28	980	0	0
28	981	0	0
28	982	0	0
28	983	0	0
28	984	0	0
28	985	0	0
28	986	0	0
28	987	0	0
28	988	0	0
28	989	0	0
28	990	0	0
28	991	754	755
28	992	0	0
28	993	0	0
28	994	0	0
28	995	0	0
28	996	451	452
28	997	0	0
28	998	0	0
28	999	554	555
28	1000	468	469
