26	1	0	0
26	2	1	3
26	3	0	0
26	4	1	3
26	5	2	6
26	6	12	13
26	7	1	3
26	8	2	6
26	9	1	3
26	10	2	6
26	11	2	6
26	12	0	0
26	13	0	0
26	14	12	13
26	15	5	16
26	16	19	20
26	17	15	18
26	18	30	31
26	19	24	25
26	20	42	43
26	21	5	16
26	22	15	18
26	23	19	20
26	24	0	0
26	25	0	0
26	26	24	25
26	27	15	18
26	28	24	25
26	29	12	13
26	30	52	53
26	31	39	40
26	32	19	20
26	33	15	18
26	34	19	20
26	35	30	31
26	36	30	31
26	37	12	13
26	38	30	31
26	39	65	66
26	40	45	46
26	41	39	40
26	42	0	0
26	43	0	0
26	44	5	16
26	45	0	0
26	46	0	0
26	47	42	43
26	48	45	46
26	49	17	50
26	50	68	69
26	51	39	40
26	52	63	64
26	53	85	86
26	54	49	55
26	55	89	90
26	56	39	40
26	57	24	25
26	58	52	53
26	59	17	50
26	60	45	46
26	61	52	53
26	62	45	46
26	63	0	0
26	64	0	0
26	65	0	0
26	66	0	0
26	67	49	55
26	68	72	73
26	69	77	78
26	70	52	53
26	71	68	69
26	72	120	121
26	73	145	146
26	74	63	64
26	75	49	55
26	76	5	16
26	77	135	136
26	78	87	88
26	79	42	43
26	80	42	43
26	81	72	73
26	82	49	55
26	83	77	78
26	84	63	64
26	85	0	0
26	86	0	0
26	87	98	99
26	88	179	180
26	89	155	156
26	90	94	95
26	91	17	50
26	92	17	50
26	93	65	66
26	94	111	112
26	95	138	139
26	96	63	64
26	97	72	73
26	98	0	0
26	99	0	0
26	100	54	101
26	101	176	177
26	102	65	66
26	103	68	69
26	104	94	95
26	105	89	90
26	106	100	107
26	107	153	154
26	108	94	95
26	109	100	107
26	110	65	66
26	111	140	141
26	112	150	151
26	113	98	99
26	114	100	107
26	115	85	86
26	116	77	78
26	117	72	73
26	118	89	90
26	119	68	69
26	120	181	182
26	121	127	128
26	122	89	90
26	123	54	101
26	124	94	95
26	125	85	86
26	126	111	112
26	127	0	0
26	128	0	0
26	129	120	121
26	130	120	121
26	131	54	101
26	132	77	78
26	133	85	86
26	134	100	107
26	135	225	226
26	136	167	168
26	137	111	112
26	138	198	199
26	139	209	210
26	140	322	323
26	141	143	144
26	142	87	88
26	143	0	0
26	144	0	0
26	145	230	231
26	146	157	158
26	147	135	136
26	148	145	146
26	149	111	112
26	150	476	477
26	151	169	170
26	152	135	136
26	153	192	193
26	154	303	304
26	155	222	223
26	156	248	249
26	157	0	0
26	158	0	0
26	159	143	144
26	160	120	121
26	161	153	154
26	162	54	101
26	163	155	156
26	164	145	146
26	165	157	158
26	166	135	136
26	167	0	0
26	168	0	0
26	169	0	0
26	170	0	0
26	171	157	158
26	172	87	88
26	173	98	99
26	174	87	88
26	175	127	128
26	176	190	191
26	177	195	196
26	178	155	156
26	179	0	0
26	180	0	0
26	181	0	0
26	182	0	0
26	183	145	146
26	184	176	177
26	185	153	154
26	186	167	168
26	187	157	158
26	188	155	156
26	189	140	141
26	190	237	238
26	191	318	319
26	192	211	212
26	193	203	204
26	194	143	144
26	195	491	492
26	196	244	245
26	197	143	144
26	198	205	206
26	199	214	215
26	200	192	193
26	201	167	168
26	202	167	168
26	203	301	302
26	204	0	0
26	205	0	0
26	206	0	0
26	207	181	182
26	208	198	199
26	209	270	271
26	210	218	219
26	211	256	257
26	212	0	0
26	213	138	139
26	214	0	0
26	215	0	0
26	216	192	193
26	217	140	141
26	218	0	0
26	219	0	0
26	220	205	206
26	221	218	219
26	222	282	283
26	223	396	397
26	224	127	128
26	225	0	0
26	226	0	0
26	227	209	210
26	228	181	182
26	229	211	212
26	230	0	0
26	231	0	0
26	232	222	223
26	233	98	99
26	234	225	226
26	235	209	210
26	236	230	231
26	237	0	0
26	238	259	260
26	239	203	204
26	240	237	238
26	241	106	242
26	242	265	266
26	243	218	219
26	244	355	356
26	245	438	439
26	246	190	191
26	247	237	238
26	248	0	0
26	249	290	291
26	250	225	226
26	251	138	139
26	252	214	215
26	253	209	210
26	254	211	212
26	255	211	212
26	256	333	334
26	257	276	277
26	258	205	206
26	259	274	275
26	260	279	280
26	261	218	219
26	262	248	249
26	263	190	191
26	264	181	182
26	265	320	321
26	266	353	354
26	267	140	141
26	268	127	128
26	269	179	180
26	270	0	0
26	271	0	0
26	272	205	206
26	273	179	180
26	274	374	375
26	275	379	380
26	276	366	367
26	277	310	311
26	278	237	238
26	279	296	297
26	280	360	361
26	281	256	257
26	282	287	288
26	283	0	0
26	284	153	154
26	285	190	191
26	286	259	260
26	287	0	0
26	288	0	0
26	289	279	280
26	290	0	0
26	291	299	300
26	292	248	249
26	293	222	223
26	294	169	170
26	295	270	271
26	296	0	0
26	297	0	0
26	298	225	226
26	299	0	0
26	300	0	0
26	301	384	385
26	302	498	499
26	303	371	372
26	304	349	350
26	305	106	242
26	306	203	204
26	307	270	271
26	308	222	223
26	309	198	199
26	310	444	445
26	311	428	429
26	312	287	288
26	313	299	300
26	314	290	291
26	315	299	300
26	316	230	231
26	317	192	193
26	318	0	0
26	319	325	326
26	320	0	0
26	321	0	0
26	322	0	0
26	323	0	0
26	324	270	271
26	325	386	387
26	326	338	339
26	327	276	277
26	328	318	319
26	329	150	151
26	330	320	321
26	331	203	204
26	332	303	304
26	333	406	407
26	334	342	343
26	335	256	257
26	336	169	170
26	337	322	323
26	338	394	395
26	339	0	0
26	340	176	177
26	341	296	297
26	342	0	0
26	343	451	452
26	344	241	345
26	345	0	0
26	346	279	280
26	347	333	334
26	348	230	231
26	349	0	0
26	350	494	495
26	351	322	323
26	352	320	321
26	353	487	488
26	354	0	0
26	355	0	0
26	356	414	415
26	357	349	350
26	358	353	354
26	359	322	323
26	360	0	0
26	361	0	0
26	362	338	339
26	363	179	180
26	364	290	291
26	365	342	343
26	366	432	433
26	367	0	0
26	368	333	334
26	369	349	350
26	370	301	302
26	371	419	420
26	372	0	0
26	373	301	302
26	374	0	0
26	375	0	0
26	376	303	304
26	377	325	326
26	378	355	356
26	379	0	0
26	380	0	0
26	381	296	297
26	382	353	354
26	383	320	321
26	384	0	0
26	385	402	403
26	386	0	0
26	387	388	389
26	388	0	0
26	389	0	0
26	390	353	354
26	391	366	367
26	392	318	319
26	393	379	380
26	394	0	0
26	395	0	0
26	396	423	424
26	397	453	454
26	398	366	367
26	399	241	345
26	400	276	277
26	401	287	288
26	402	0	0
26	403	474	475
26	404	310	311
26	405	296	297
26	406	0	0
26	407	464	465
26	408	301	302
26	409	406	407
26	410	150	151
26	411	290	291
26	412	256	257
26	413	355	356
26	414	0	0
26	415	0	0
26	416	349	350
26	417	276	277
26	418	384	385
26	419	440	441
26	420	0	0
26	421	384	385
26	422	150	151
26	423	0	0
26	424	0	0
26	425	282	283
26	426	342	343
26	427	287	288
26	428	0	0
26	429	0	0
26	430	423	424
26	431	371	372
26	432	0	0
26	433	0	0
26	434	414	415
26	435	198	199
26	436	386	387
26	437	406	407
26	438	0	0
26	439	0	0
26	440	447	448
26	441	0	0
26	442	379	380
26	443	279	280
26	444	0	0
26	445	0	0
26	446	274	275
26	447	457	458
26	448	483	484
26	449	406	407
26	450	259	260
26	451	0	0
26	452	0	0
26	453	0	0
26	454	0	0
26	455	419	420
26	456	333	334
26	457	0	0
26	458	0	0
26	459	428	429
26	460	360	361
26	461	423	424
26	462	274	275
26	463	318	319
26	464	0	0
26	465	0	0
26	466	310	311
26	467	447	448
26	468	464	465
26	469	464	465
26	470	384	385
26	471	310	311
26	472	371	372
26	473	282	283
26	474	0	0
26	475	0	0
26	476	0	0
26	477	0	0
26	478	379	380
26	479	244	245
26	480	371	372
26	481	419	420
26	482	282	283
26	483	0	0
26	484	0	0
26	485	259	260
26	486	138	139
26	487	0	0
26	488	0	0
26	489	325	326
26	490	474	475
26	491	0	0
26	492	0	0
26	493	325	326
26	494	0	0
26	495	0	0
26	496	476	477
26	497	464	465
26	498	0	0
26	499	0	0
26	500	338	339
