31	1	0	0
31	2	1	3
31	3	0	0
31	4	1	3
31	5	1	3
31	6	1	3
31	7	2	8
31	8	9	10
31	9	0	0
31	10	0	0
31	11	9	10
31	12	2	8
31	13	2	8
31	14	7	15
31	15	16	17
31	16	21	22
31	17	31	32
31	18	7	15
31	19	9	10
31	20	16	17
31	21	0	0
31	22	0	0
31	23	9	10
31	24	2	8
31	25	16	17
31	26	7	15
31	27	7	15
31	28	14	29
31	29	77	78
31	30	16	17
31	31	0	0
31	32	0	0
31	33	28	34
31	34	39	40
31	35	28	34
31	36	28	34
31	37	14	29
31	38	21	22
31	39	50	51
31	40	46	47
31	41	39	40
31	42	21	22
31	43	21	22
31	44	28	34
31	45	14	29
31	46	52	53
31	47	0	0
31	48	31	32
31	49	31	32
31	50	72	73
31	51	90	91
31	52	55	56
31	53	74	75
31	54	39	40
31	55	0	0
31	56	0	0
31	57	55	56
31	58	14	29
31	59	46	47
31	60	55	56
31	61	50	51
31	62	39	40
31	63	33	64
31	64	0	0
31	65	50	51
31	66	55	56
31	67	46	47
31	68	63	69
31	69	0	0
31	70	52	53
31	71	46	47
31	72	0	0
31	73	0	0
31	74	0	0
31	75	0	0
31	76	50	51
31	77	0	0
31	78	80	81
31	79	72	73
31	80	0	0
31	81	92	93
31	82	68	83
31	83	0	0
31	84	77	78
31	85	74	75
31	86	74	75
31	87	52	53
31	88	77	78
31	89	74	75
31	90	0	0
31	91	0	0
31	92	0	0
31	93	0	0
31	94	92	93
31	95	63	69
31	96	33	64
31	97	90	91
31	98	90	91
31	99	80	81
31	100	0	0
