22	1	0	0
22	2	1	3
22	3	0	0
22	4	2	5
22	5	21	22
22	6	2	5
22	7	4	8
22	8	41	42
22	9	4	8
22	10	1	3
22	11	4	8
22	12	7	13
22	13	18	19
22	14	7	13
22	15	4	8
22	16	7	13
22	17	7	13
22	18	45	46
22	19	97	98
22	20	18	19
22	21	0	0
22	22	0	0
22	23	21	22
22	24	2	5
22	25	12	26
22	26	32	33
22	27	21	22
22	28	18	19
22	29	21	22
22	30	25	31
22	31	73	74
22	32	69	70
22	33	35	36
22	34	2	5
22	35	71	72
22	36	52	53
22	37	35	36
22	38	12	26
22	39	35	36
22	40	18	19
22	41	48	49
22	42	43	44
22	43	0	0
22	44	0	0
22	45	64	65
22	46	81	82
22	47	1	3
22	48	0	0
22	49	0	0
22	50	12	26
22	51	12	26
22	52	238	239
22	53	91	92
22	54	30	55
22	55	116	117
22	56	35	36
22	57	48	49
22	58	54	59
22	59	397	398
22	60	48	49
22	61	32	33
22	62	43	44
22	63	48	49
22	64	0	0
22	65	0	0
22	66	45	46
22	67	64	65
22	68	52	53
22	69	111	112
22	70	132	133
22	71	94	95
22	72	99	100
22	73	101	102
22	74	79	80
22	75	64	65
22	76	41	42
22	77	43	44
22	78	52	53
22	79	129	130
22	80	173	174
22	81	0	0
22	82	0	0
22	83	69	70
22	84	30	55
22	85	64	65
22	86	43	44
22	87	45	46
22	88	79	80
22	89	45	46
22	90	71	72
22	91	0	0
22	92	0	0
22	93	32	33
22	94	0	0
22	95	0	0
22	96	54	59
22	97	268	269
22	98	249	250
22	99	0	0
22	100	0	0
22	101	107	108
22	102	148	149
22	103	52	53
22	104	101	102
22	105	32	33
22	106	30	55
22	107	109	110
22	108	144	145
22	109	349	350
22	110	159	160
22	111	162	163
22	112	126	127
22	113	41	42
22	114	41	42
22	115	94	95
22	116	275	276
22	117	152	153
22	118	94	95
22	119	30	55
22	120	111	112
22	121	97	98
22	122	111	112
22	123	81	82
22	124	81	82
22	125	69	70
22	126	0	0
22	127	0	0
22	128	81	82
22	129	138	139
22	130	314	315
22	131	97	98
22	132	135	136
22	133	154	155
22	134	71	72
22	135	0	0
22	136	0	0
22	137	132	133
22	138	366	367
22	139	179	180
22	140	97	98
22	141	132	133
22	142	135	136
22	143	107	108
22	144	236	237
22	145	227	228
22	146	132	133
22	147	25	31
22	148	233	234
22	149	381	382
22	150	111	112
22	151	69	70
22	152	168	169
22	153	211	212
22	154	0	0
22	155	0	0
22	156	1	3
22	157	99	100
22	158	138	139
22	159	0	0
22	160	0	0
22	161	148	149
22	162	0	0
22	163	0	0
22	164	25	31
22	165	109	110
22	166	154	155
22	167	79	80
22	168	258	259
22	169	171	172
22	170	159	160
22	171	555	556
22	172	184	185
22	173	277	278
22	174	176	177
22	175	148	149
22	176	213	214
22	177	284	285
22	178	25	31
22	179	0	0
22	180	0	0
22	181	168	169
22	182	159	160
22	183	107	108
22	184	218	219
22	185	292	293
22	186	91	92
22	187	179	180
22	188	179	180
22	189	171	172
22	190	171	172
22	191	173	174
22	192	73	74
22	193	184	185
22	194	144	145
22	195	154	155
22	196	116	117
22	197	162	163
22	198	101	102
22	199	116	117
22	200	168	169
22	201	107	108
22	202	129	130
22	203	159	160
22	204	94	95
22	205	152	153
22	206	173	174
22	207	171	172
22	208	144	145
22	209	135	136
22	210	138	139
22	211	221	222
22	212	578	579
22	213	0	0
22	214	0	0
22	215	168	169
22	216	176	177
22	217	54	59
22	218	0	0
22	219	0	0
22	220	129	130
22	221	254	255
22	222	260	261
22	223	91	92
22	224	101	102
22	225	221	222
22	226	99	100
22	227	0	0
22	228	0	0
22	229	179	180
22	230	138	139
22	231	99	100
22	232	144	145
22	233	307	308
22	234	263	264
22	235	176	177
22	236	0	0
22	237	0	0
22	238	0	0
22	239	0	0
22	240	91	92
22	241	79	80
22	242	218	219
22	243	176	177
22	244	213	214
22	245	129	130
22	246	236	237
22	247	71	72
22	248	236	237
22	249	0	0
22	250	0	0
22	251	148	149
22	252	116	117
22	253	73	74
22	254	282	283
22	255	312	313
22	256	109	110
22	257	213	214
22	258	273	274
22	259	445	446
22	260	288	289
22	261	319	320
22	262	135	136
22	263	0	0
22	264	0	0
22	265	162	163
22	266	154	155
22	267	221	222
22	268	0	0
22	269	0	0
22	270	268	269
22	271	126	127
22	272	227	228
22	273	302	303
22	274	310	311
22	275	451	452
22	276	279	280
22	277	353	354
22	278	333	334
22	279	407	408
22	280	351	352
22	281	236	237
22	282	0	0
22	283	0	0
22	284	0	0
22	285	0	0
22	286	233	234
22	287	254	255
22	288	0	0
22	289	0	0
22	290	279	280
22	291	221	222
22	292	0	0
22	293	0	0
22	294	211	212
22	295	126	127
22	296	54	59
22	297	258	259
22	298	258	259
22	299	254	255
22	300	227	228
22	301	233	234
22	302	0	0
22	303	0	0
22	304	233	234
22	305	279	280
22	306	218	219
22	307	0	0
22	308	0	0
22	309	73	74
22	310	0	0
22	311	0	0
22	312	0	0
22	313	0	0
22	314	531	532
22	315	400	401
22	316	263	264
22	317	249	250
22	318	268	269
22	319	0	0
22	320	0	0
22	321	263	264
22	322	288	289
22	323	310	311
22	324	260	261
22	325	58	326
22	326	820	821
22	327	218	219
22	328	268	269
22	329	227	228
22	330	263	264
22	331	162	163
22	332	109	110
22	333	0	0
22	334	0	0
22	335	302	303
22	336	310	311
22	337	273	274
22	338	184	185
22	339	319	320
22	340	238	239
22	341	258	259
22	342	279	280
22	343	152	153
22	344	260	261
22	345	282	283
22	346	238	239
22	347	314	315
22	348	312	313
22	349	0	0
22	350	0	0
22	351	405	406
22	352	460	461
22	353	0	0
22	354	0	0
22	355	292	293
22	356	173	174
22	357	213	214
22	358	351	352
22	359	288	289
22	360	288	289
22	361	282	283
22	362	333	334
22	363	302	303
22	364	333	334
22	365	319	320
22	366	0	0
22	367	0	0
22	368	126	127
22	369	319	320
22	370	275	276
22	371	277	278
22	372	260	261
22	373	349	350
22	374	254	255
22	375	325	376
22	376	411	412
22	377	351	352
22	378	353	354
22	379	375	380
22	380	466	467
22	381	393	394
22	382	551	552
22	383	273	274
22	384	273	274
22	385	325	376
22	386	58	326
22	387	353	354
22	388	282	283
22	389	284	285
22	390	277	278
22	391	249	250
22	392	381	382
22	393	0	0
22	394	0	0
22	395	366	367
22	396	353	354
22	397	425	426
22	398	0	0
22	399	184	185
22	400	0	0
22	401	0	0
22	402	284	285
22	403	238	239
22	404	284	285
22	405	744	745
22	406	432	433
22	407	428	429
22	408	453	454
22	409	152	153
22	410	310	311
22	411	455	456
22	412	436	437
22	413	275	276
22	414	400	401
22	415	351	352
22	416	249	250
22	417	366	367
22	418	366	367
22	419	411	412
22	420	393	394
22	421	302	303
22	422	375	380
22	423	325	376
22	424	275	276
22	425	449	450
22	426	472	473
22	427	411	412
22	428	0	0
22	429	476	477
22	430	393	394
22	431	211	212
22	432	0	0
22	433	0	0
22	434	397	398
22	435	333	334
22	436	544	545
22	437	533	534
22	438	325	376
22	439	58	326
22	440	425	426
22	441	397	398
22	442	277	278
22	443	58	326
22	444	432	433
22	445	516	517
22	446	0	0
22	447	445	446
22	448	314	315
22	449	0	0
22	450	498	499
22	451	480	481
22	452	503	504
22	453	483	484
22	454	489	490
22	455	601	602
22	456	620	621
22	457	449	450
22	458	436	437
22	459	451	452
22	460	491	492
22	461	588	589
22	462	393	394
22	463	436	437
22	464	411	412
22	465	460	461
22	466	470	471
22	467	609	610
22	468	428	429
22	469	407	408
22	470	478	479
22	471	562	563
22	472	493	494
22	473	560	561
22	474	349	350
22	475	472	473
22	476	0	0
22	477	0	0
22	478	0	0
22	479	523	524
22	480	700	701
22	481	758	759
22	482	466	467
22	483	0	0
22	484	0	0
22	485	432	433
22	486	451	452
22	487	455	456
22	488	211	212
22	489	0	0
22	490	0	0
22	491	0	0
22	492	0	0
22	493	627	628
22	494	509	510
22	495	489	490
22	496	466	467
22	497	425	426
22	498	918	919
22	499	541	542
22	500	476	477
22	501	470	471
22	502	491	492
22	503	505	506
22	504	525	526
22	505	0	0
22	506	0	0
22	507	312	313
22	508	292	293
22	509	740	741
22	510	520	521
22	511	425	426
22	512	460	461
22	513	470	471
22	514	400	401
22	515	307	308
22	516	0	0
22	517	0	0
22	518	470	471
22	519	407	408
22	520	0	0
22	521	546	547
22	522	405	406
22	523	538	539
22	524	688	689
22	525	570	571
22	526	0	0
22	527	505	506
22	528	483	484
22	529	349	350
22	530	520	521
22	531	0	0
22	532	0	0
22	533	536	537
22	534	568	569
22	535	453	454
22	536	0	0
22	537	655	656
22	538	831	832
22	539	0	0
22	540	505	506
22	541	643	644
22	542	590	591
22	543	405	406
22	544	784	785
22	545	750	751
22	546	0	0
22	547	0	0
22	548	432	433
22	549	505	506
22	550	503	504
22	551	0	0
22	552	0	0
22	553	405	406
22	554	472	473
22	555	775	776
22	556	662	663
22	557	451	452
22	558	455	456
22	559	314	315
22	560	0	0
22	561	672	673
22	562	670	671
22	563	572	573
22	564	509	510
22	565	312	313
22	566	533	534
22	567	503	504
22	568	879	880
22	569	639	640
22	570	0	0
22	571	0	0
22	572	585	586
22	573	634	635
22	574	523	524
22	575	498	499
22	576	483	484
22	577	546	547
22	578	706	707
22	579	0	0
22	580	472	473
22	581	483	484
22	582	538	539
22	583	498	499
22	584	498	499
22	585	798	799
22	586	618	619
22	587	476	477
22	588	0	0
22	589	0	0
22	590	788	789
22	591	615	616
22	592	436	437
22	593	568	569
22	594	562	563
22	595	546	547
22	596	568	569
22	597	292	293
22	598	555	556
22	599	478	479
22	600	533	534
22	601	704	705
22	602	843	844
22	603	538	539
22	604	590	591
22	605	531	532
22	606	538	539
22	607	541	542
22	608	570	571
22	609	694	695
22	610	622	623
22	611	445	446
22	612	578	579
22	613	400	401
22	614	570	571
22	615	0	0
22	616	0	0
22	617	397	398
22	618	650	651
22	619	0	0
22	620	0	0
22	621	863	864
22	622	632	633
22	623	0	0
22	624	601	602
22	625	578	579
22	626	618	619
22	627	645	646
22	628	0	0
22	629	525	526
22	630	307	308
22	631	480	481
22	632	685	686
22	633	0	0
22	634	752	753
22	635	0	0
22	636	555	556
22	637	620	621
22	638	544	545
22	639	768	769
22	640	0	0
22	641	307	308
22	642	639	640
22	643	824	825
22	644	696	697
22	645	648	649
22	646	653	654
22	647	551	552
22	648	0	0
22	649	0	0
22	650	723	724
22	651	829	830
22	652	516	517
22	653	0	0
22	654	0	0
22	655	0	0
22	656	0	0
22	657	478	479
22	658	622	623
22	659	639	640
22	660	578	579
22	661	491	492
22	662	0	0
22	663	0	0
22	664	466	467
22	665	480	481
22	666	615	616
22	667	568	569
22	668	460	461
22	669	489	490
22	670	708	709
22	671	0	0
22	672	747	748
22	673	893	894
22	674	544	545
22	675	662	663
22	676	449	450
22	677	609	610
22	678	555	556
22	679	476	477
22	680	601	602
22	681	489	490
22	682	523	524
22	683	531	532
22	684	375	380
22	685	691	692
22	686	927	928
22	687	536	537
22	688	920	921
22	689	0	0
22	690	562	563
22	691	907	908
22	692	0	0
22	693	375	380
22	694	717	718
22	695	0	0
22	696	0	0
22	697	0	0
22	698	560	561
22	699	493	494
22	700	822	823
22	701	841	842
22	702	670	671
22	703	445	446
22	704	853	854
22	705	729	730
22	706	0	0
22	707	0	0
22	708	754	755
22	709	735	736
22	710	696	697
22	711	632	633
22	712	615	616
22	713	536	537
22	714	407	408
22	715	509	510
22	716	650	651
22	717	733	734
22	718	0	0
22	719	691	692
22	720	672	673
22	721	622	623
22	722	655	656
22	723	903	904
22	724	0	0
22	725	601	602
22	726	653	654
22	727	723	724
22	728	491	492
22	729	0	0
22	730	0	0
22	731	533	534
22	732	523	524
22	733	0	0
22	734	742	743
22	735	859	860
22	736	846	847
22	737	717	718
22	738	655	656
22	739	723	724
22	740	905	906
22	741	763	764
22	742	0	0
22	743	800	801
22	744	0	0
22	745	0	0
22	746	493	494
22	747	910	911
22	748	924	925
22	749	685	686
22	750	948	949
22	751	771	772
22	752	0	0
22	753	761	762
22	754	0	0
22	755	0	0
22	756	670	671
22	757	541	542
22	758	898	899
22	759	0	0
22	760	717	718
22	761	802	803
22	762	874	875
22	763	0	0
22	764	0	0
22	765	634	635
22	766	570	571
22	767	694	695
22	768	0	0
22	769	834	835
22	770	632	633
22	771	0	0
22	772	869	870
22	773	750	751
22	774	562	563
22	775	0	0
22	776	0	0
22	777	520	521
22	778	708	709
22	779	696	697
22	780	643	644
22	781	503	504
22	782	771	772
22	783	735	736
22	784	957	958
22	785	969	970
22	786	708	709
22	787	590	591
22	788	0	0
22	789	0	0
22	790	572	573
22	791	717	718
22	792	455	456
22	793	733	734
22	794	627	628
22	795	655	656
22	796	627	628
22	797	381	382
22	798	978	979
22	799	0	0
22	800	0	0
22	801	0	0
22	802	0	0
22	803	0	0
22	804	453	454
22	805	627	628
22	806	653	654
22	807	544	545
22	808	771	772
22	809	800	801
22	810	740	741
22	811	516	517
22	812	800	801
22	813	723	724
22	814	493	494
22	815	531	532
22	816	480	481
22	817	688	689
22	818	645	646
22	819	643	644
22	820	895	896
22	821	838	839
22	822	0	0
22	823	0	0
22	824	0	0
22	825	0	0
22	826	509	510
22	827	590	591
22	828	643	644
22	829	0	0
22	830	0	0
22	831	861	862
22	832	0	0
22	833	560	561
22	834	836	837
22	835	0	0
22	836	0	0
22	837	887	888
22	838	0	0
22	839	0	0
22	840	775	776
22	841	0	0
22	842	0	0
22	843	0	0
22	844	0	0
22	845	744	745
22	846	0	0
22	847	974	975
22	848	744	745
22	849	750	751
22	850	700	701
22	851	733	734
22	852	662	663
22	853	0	0
22	854	0	0
22	855	744	745
22	856	750	751
22	857	694	695
22	858	672	673
22	859	0	0
22	860	0	0
22	861	0	0
22	862	967	968
22	863	0	0
22	864	0	0
22	865	648	649
22	866	634	635
22	867	758	759
22	868	775	776
22	869	0	0
22	870	942	943
22	871	829	830
22	872	700	701
22	873	551	552
22	874	901	902
22	875	0	0
22	876	588	589
22	877	729	730
22	878	381	382
22	879	0	0
22	880	882	883
22	881	740	741
22	882	0	0
22	883	0	0
22	884	882	883
22	885	859	860
22	886	822	823
22	887	0	0
22	888	0	0
22	889	874	875
22	890	670	671
22	891	478	479
22	892	859	860
22	893	0	0
22	894	0	0
22	895	0	0
22	896	0	0
22	897	788	789
22	898	0	0
22	899	0	0
22	900	536	537
22	901	0	0
22	902	0	0
22	903	0	0
22	904	982	983
22	905	0	0
22	906	0	0
22	907	0	0
22	908	0	0
22	909	733	734
22	910	0	0
22	911	0	0
22	912	834	835
22	913	516	517
22	914	525	526
22	915	798	799
22	916	672	673
22	917	740	741
22	918	0	0
22	919	965	966
22	920	0	0
22	921	980	981
22	922	898	899
22	923	560	561
22	924	0	0
22	925	0	0
22	926	798	799
22	927	0	0
22	928	0	0
22	929	910	911
22	930	645	646
22	931	784	785
22	932	869	870
22	933	708	709
22	934	846	847
22	935	541	542
22	936	622	623
22	937	618	619
22	938	704	705
22	939	853	854
22	940	874	875
22	941	620	621
22	942	955	956
22	943	0	0
22	944	859	860
22	945	585	586
22	946	572	573
22	947	700	701
22	948	0	0
22	949	0	0
22	950	379	951
22	951	0	0
22	952	834	835
22	953	841	842
22	954	920	921
22	955	0	0
22	956	0	0
22	957	0	0
22	958	0	0
22	959	694	695
22	960	761	762
22	961	754	755
22	962	525	526
22	963	907	908
22	964	887	888
22	965	0	0
22	966	0	0
22	967	0	0
22	968	0	0
22	969	0	0
22	970	991	992
22	971	910	911
22	972	846	847
22	973	820	821
22	974	0	0
22	975	0	0
22	976	969	970
22	977	650	651
22	978	0	0
22	979	0	0
22	980	0	0
22	981	0	0
22	982	0	0
22	983	0	0
22	984	648	649
22	985	957	958
22	986	942	943
22	987	882	883
22	988	761	762
22	989	754	755
22	990	449	450
22	991	0	0
22	992	0	0
22	993	991	992
22	994	841	842
22	995	841	842
22	996	588	589
22	997	784	785
22	998	969	970
22	999	798	799
22	1000	836	837
