29	1	0	0
29	2	1	3
29	3	0	0
29	4	1	3
29	5	1	3
29	6	1	3
29	7	2	8
29	8	11	12
29	9	7	10
29	10	33	34
29	11	0	0
29	12	0	0
29	13	11	12
29	14	7	10
29	15	2	8
29	16	9	17
29	17	0	0
29	18	16	19
29	19	23	24
29	20	7	10
29	21	11	12
29	22	16	19
29	23	71	72
29	24	35	36
29	25	23	24
29	26	11	12
29	27	9	17
29	28	18	29
29	29	0	0
29	30	7	10
29	31	2	8
29	32	2	8
29	33	42	43
29	34	61	62
29	35	44	45
29	36	37	38
29	37	40	41
29	38	53	54
29	39	33	34
29	40	0	0
29	41	0	0
29	42	0	0
29	43	0	0
29	44	65	66
29	45	58	59
29	46	18	29
29	47	18	29
29	48	16	19
29	49	9	17
29	50	42	43
29	51	33	34
29	52	42	43
29	53	0	0
29	54	0	0
29	55	23	24
29	56	33	34
29	57	35	36
29	58	0	0
29	59	0	0
29	60	40	41
29	61	0	0
29	62	0	0
29	63	58	59
29	64	37	38
29	65	0	0
29	66	0	0
29	67	37	38
29	68	58	59
29	69	65	66
29	70	44	45
29	71	0	0
29	72	81	82
29	73	28	74
29	74	0	0
29	75	42	43
29	76	58	59
29	77	18	29
29	78	23	24
29	79	40	41
29	80	61	62
29	81	91	92
29	82	89	90
29	83	9	17
29	84	61	62
29	85	37	38
29	86	61	62
29	87	65	66
29	88	65	66
29	89	0	0
29	90	0	0
29	91	0	0
29	92	0	0
29	93	16	19
29	94	91	92
29	95	28	74
29	96	91	92
29	97	71	72
29	98	44	45
29	99	89	90
29	100	0	0
