25	1	0	0
25	2	1	3
25	3	0	0
25	4	1	3
25	5	2	6
25	6	13	14
25	7	5	8
25	8	10	11
25	9	2	6
25	10	33	34
25	11	46	47
25	12	2	6
25	13	0	0
25	14	0	0
25	15	1	3
25	16	2	6
25	17	7	18
25	18	19	20
25	19	24	25
25	20	43	44
25	21	19	20
25	22	13	14
25	23	19	20
25	24	255	256
25	25	27	28
25	26	1	3
25	27	0	0
25	28	0	0
25	29	19	20
25	30	7	18
25	31	17	32
25	32	60	61
25	33	0	0
25	34	0	0
25	35	7	18
25	36	17	32
25	37	17	32
25	38	31	39
25	39	40	41
25	40	69	70
25	41	58	59
25	42	5	8
25	43	49	50
25	44	54	55
25	45	17	32
25	46	0	0
25	47	0	0
25	48	5	8
25	49	0	0
25	50	0	0
25	51	33	34
25	52	33	34
25	53	49	50
25	54	0	0
25	55	0	0
25	56	27	28
25	57	31	39
25	58	62	63
25	59	158	159
25	60	101	102
25	61	71	72
25	62	201	202
25	63	79	80
25	64	27	28
25	65	10	11
25	66	60	61
25	67	62	63
25	68	40	41
25	69	106	107
25	70	76	77
25	71	176	177
25	72	151	152
25	73	62	63
25	74	7	18
25	75	62	63
25	76	110	111
25	77	83	84
25	78	13	14
25	79	81	82
25	80	542	543
25	81	0	0
25	82	0	0
25	83	97	98
25	84	131	132
25	85	40	41
25	86	43	44
25	87	43	44
25	88	46	47
25	89	81	82
25	90	71	72
25	91	69	70
25	92	43	44
25	93	54	55
25	94	38	95
25	95	194	195
25	96	49	50
25	97	0	0
25	98	0	0
25	99	79	80
25	100	24	25
25	101	112	113
25	102	389	390
25	103	97	98
25	104	27	28
25	105	101	102
25	106	123	124
25	107	160	161
25	108	81	82
25	109	71	72
25	110	209	210
25	111	154	155
25	112	184	185
25	113	133	134
25	114	33	34
25	115	79	80
25	116	110	111
25	117	13	14
25	118	106	107
25	119	46	47
25	120	79	80
25	121	49	50
25	122	69	70
25	123	125	126
25	124	198	199
25	125	0	0
25	126	0	0
25	127	31	39
25	128	46	47
25	129	83	84
25	130	97	98
25	131	0	0
25	132	0	0
25	133	0	0
25	134	0	0
25	135	40	41
25	136	31	39
25	137	112	113
25	138	5	8
25	139	76	77
25	140	83	84
25	141	10	11
25	142	101	102
25	143	112	113
25	144	123	124
25	145	81	82
25	146	123	124
25	147	10	11
25	148	106	107
25	149	131	132
25	150	110	111
25	151	245	246
25	152	181	182
25	153	38	95
25	154	0	0
25	155	0	0
25	156	151	152
25	157	97	98
25	158	354	355
25	159	213	214
25	160	188	189
25	161	166	167
25	162	160	161
25	163	60	61
25	164	158	159
25	165	83	84
25	166	0	0
25	167	0	0
25	168	166	167
25	169	123	124
25	170	58	59
25	171	166	167
25	172	101	102
25	173	133	134
25	174	38	95
25	175	24	25
25	176	305	306
25	177	222	223
25	178	112	113
25	179	166	167
25	180	58	59
25	181	0	0
25	182	0	0
25	183	125	126
25	184	0	0
25	185	0	0
25	186	71	72
25	187	151	152
25	188	0	0
25	189	0	0
25	190	106	107
25	191	58	59
25	192	38	95
25	193	76	77
25	194	422	423
25	195	236	237
25	196	24	25
25	197	158	159
25	198	0	0
25	199	0	0
25	200	194	195
25	201	242	243
25	202	203	204
25	203	0	0
25	204	0	0
25	205	201	202
25	206	158	159
25	207	60	61
25	208	181	182
25	209	0	0
25	210	0	0
25	211	198	199
25	212	181	182
25	213	391	392
25	214	252	253
25	215	203	204
25	216	76	77
25	217	194	195
25	218	69	70
25	219	151	152
25	220	203	204
25	221	209	210
25	222	0	0
25	223	0	0
25	224	209	210
25	225	213	214
25	226	154	155
25	227	54	55
25	228	133	134
25	229	94	230
25	230	232	233
25	231	213	214
25	232	352	353
25	233	291	292
25	234	176	177
25	235	176	177
25	236	239	240
25	237	336	337
25	238	201	202
25	239	247	248
25	240	952	953
25	241	232	233
25	242	0	0
25	243	0	0
25	244	222	223
25	245	0	0
25	246	0	0
25	247	287	288
25	248	450	451
25	249	133	134
25	250	110	111
25	251	188	189
25	252	0	0
25	253	0	0
25	254	176	177
25	255	0	0
25	256	0	0
25	257	131	132
25	258	229	259
25	259	261	262
25	260	198	199
25	261	0	0
25	262	273	274
25	263	255	256
25	264	258	265
25	265	324	325
25	266	209	210
25	267	229	259
25	268	247	248
25	269	258	265
25	270	201	202
25	271	213	214
25	272	239	240
25	273	289	290
25	274	367	368
25	275	242	243
25	276	236	237
25	277	154	155
25	278	154	155
25	279	236	237
25	280	242	243
25	281	181	182
25	282	94	230
25	283	188	189
25	284	261	262
25	285	273	274
25	286	252	253
25	287	602	603
25	288	322	323
25	289	537	538
25	290	339	340
25	291	332	333
25	292	299	300
25	293	232	233
25	294	94	230
25	295	242	243
25	296	198	199
25	297	160	161
25	298	184	185
25	299	360	361
25	300	314	315
25	301	194	195
25	302	222	223
25	303	54	55
25	304	222	223
25	305	0	0
25	306	0	0
25	307	125	126
25	308	264	309
25	309	474	475
25	310	203	204
25	311	247	248
25	312	239	240
25	313	252	253
25	314	341	342
25	315	329	330
25	316	289	290
25	317	287	288
25	318	184	185
25	319	160	161
25	320	299	300
25	321	273	274
25	322	0	0
25	323	0	0
25	324	364	365
25	325	454	455
25	326	322	323
25	327	245	246
25	328	229	259
25	329	0	0
25	330	494	495
25	331	258	265
25	332	419	420
25	333	362	363
25	334	131	132
25	335	305	306
25	336	643	644
25	337	373	374
25	338	229	259
25	339	358	359
25	340	511	512
25	341	523	524
25	342	566	567
25	343	232	233
25	344	188	189
25	345	252	253
25	346	247	248
25	347	287	288
25	348	299	300
25	349	261	262
25	350	322	323
25	351	287	288
25	352	371	372
25	353	554	555
25	354	427	428
25	355	0	0
25	356	255	256
25	357	184	185
25	358	387	388
25	359	376	377
25	360	379	380
25	361	865	866
25	362	444	445
25	363	383	384
25	364	595	596
25	365	525	526
25	366	324	325
25	367	614	615
25	368	0	0
25	369	305	306
25	370	324	325
25	371	0	0
25	372	879	880
25	373	417	418
25	374	406	407
25	375	352	353
25	376	860	861
25	377	0	0
25	378	358	359
25	379	470	471
25	380	439	440
25	381	379	380
25	382	367	368
25	383	574	575
25	384	509	510
25	385	94	230
25	386	239	240
25	387	408	409
25	388	401	402
25	389	720	721
25	390	460	461
25	391	0	0
25	392	0	0
25	393	336	337
25	394	329	330
25	395	373	374
25	396	379	380
25	397	383	384
25	398	308	399
25	399	580	581
25	400	236	237
25	401	429	430
25	402	410	411
25	403	329	330
25	404	308	399
25	405	379	380
25	406	466	467
25	407	432	433
25	408	736	737
25	409	414	415
25	410	0	0
25	411	0	0
25	412	373	374
25	413	324	325
25	414	0	0
25	415	0	0
25	416	373	374
25	417	532	533
25	418	570	571
25	419	584	585
25	420	490	491
25	421	305	306
25	422	539	540
25	423	871	872
25	424	314	315
25	425	389	390
25	426	410	411
25	427	0	0
25	428	0	0
25	429	0	0
25	430	0	0
25	431	264	309
25	432	0	0
25	433	0	0
25	434	429	430
25	435	245	246
25	436	429	430
25	437	358	359
25	438	422	423
25	439	704	705
25	440	0	0
25	441	410	411
25	442	245	246
25	443	422	423
25	444	787	788
25	445	706	707
25	446	410	411
25	447	273	274
25	448	289	290
25	449	264	309
25	450	530	531
25	451	744	745
25	452	332	333
25	453	258	265
25	454	478	479
25	455	0	0
25	456	367	368
25	457	419	420
25	458	332	333
25	459	406	407
25	460	0	0
25	461	0	0
25	462	339	340
25	463	367	368
25	464	450	451
25	465	362	363
25	466	0	0
25	467	0	0
25	468	358	359
25	469	362	363
25	470	505	506
25	471	507	508
25	472	264	309
25	473	329	330
25	474	572	573
25	475	534	535
25	476	417	418
25	477	427	428
25	478	0	0
25	479	842	843
25	480	474	475
25	481	261	262
25	482	460	461
25	483	352	353
25	484	432	433
25	485	371	372
25	486	432	433
25	487	389	390
25	488	291	292
25	489	414	415
25	490	654	655
25	491	0	0
25	492	376	377
25	493	299	300
25	494	598	599
25	495	730	731
25	496	439	440
25	497	383	384
25	498	364	365
25	499	314	315
25	500	417	418
25	501	383	384
25	502	336	337
25	503	401	402
25	504	341	342
25	505	0	0
25	506	0	0
25	507	0	0
25	508	0	0
25	509	959	960
25	510	817	818
25	511	519	520
25	512	852	853
25	513	322	323
25	514	509	510
25	515	314	315
25	516	371	372
25	517	354	355
25	518	414	415
25	519	733	734
25	520	563	564
25	521	308	399
25	522	444	445
25	523	0	0
25	524	0	0
25	525	669	670
25	526	610	611
25	527	432	433
25	528	364	365
25	529	466	467
25	530	0	0
25	531	0	0
25	532	0	0
25	533	0	0
25	534	608	609
25	535	0	0
25	536	362	363
25	537	0	0
25	538	621	622
25	539	726	727
25	540	633	634
25	541	470	471
25	542	0	0
25	543	0	0
25	544	376	377
25	545	539	540
25	546	289	290
25	547	507	508
25	548	534	535
25	549	401	402
25	550	339	340
25	551	530	531
25	552	444	445
25	553	429	430
25	554	587	588
25	555	577	578
25	556	454	455
25	557	490	491
25	558	542	543
25	559	439	440
25	560	454	455
25	561	519	520
25	562	460	461
25	563	0	0
25	564	0	0
25	565	450	451
25	566	682	683
25	567	661	662
25	568	542	543
25	569	505	506
25	570	0	0
25	571	0	0
25	572	0	0
25	573	0	0
25	574	771	772
25	575	0	0
25	576	391	392
25	577	740	741
25	578	768	769
25	579	341	342
25	580	828	829
25	581	765	766
25	582	530	531
25	583	454	455
25	584	605	606
25	585	717	718
25	586	336	337
25	587	761	762
25	588	0	0
25	589	554	555
25	590	470	471
25	591	125	126
25	592	525	526
25	593	570	571
25	594	414	415
25	595	804	805
25	596	0	0
25	597	419	420
25	598	0	0
25	599	0	0
25	600	542	543
25	601	401	402
25	602	0	0
25	603	0	0
25	604	530	531
25	605	833	834
25	606	0	0
25	607	339	340
25	608	638	639
25	609	648	649
25	610	0	0
25	611	650	651
25	612	417	418
25	613	595	596
25	614	640	641
25	615	628	629
25	616	255	256
25	617	537	538
25	618	507	508
25	619	572	573
25	620	364	365
25	621	624	625
25	622	0	0
25	623	387	388
25	624	814	815
25	625	0	0
25	626	534	535
25	627	563	564
25	628	0	0
25	629	797	798
25	630	532	533
25	631	532	533
25	632	460	461
25	633	970	971
25	634	0	0
25	635	450	451
25	636	577	578
25	637	595	596
25	638	780	781
25	639	0	0
25	640	0	0
25	641	673	674
25	642	614	615
25	643	802	803
25	644	0	0
25	645	602	603
25	646	376	377
25	647	602	603
25	648	0	0
25	649	806	807
25	650	0	0
25	651	908	909
25	652	470	471
25	653	439	440
25	654	700	701
25	655	656	657
25	656	0	0
25	657	0	0
25	658	291	292
25	659	352	353
25	660	643	644
25	661	0	0
25	662	0	0
25	663	566	567
25	664	354	355
25	665	643	644
25	666	523	524
25	667	566	567
25	668	534	535
25	669	671	672
25	670	947	948
25	671	792	793
25	672	0	0
25	673	821	822
25	674	680	681
25	675	554	555
25	676	661	662
25	677	650	651
25	678	427	428
25	679	650	651
25	680	784	785
25	681	746	747
25	682	0	0
25	683	0	0
25	684	577	578
25	685	682	683
25	686	640	641
25	687	474	475
25	688	507	508
25	689	478	479
25	690	387	388
25	691	398	692
25	692	0	0
25	693	371	372
25	694	673	674
25	695	478	479
25	696	341	342
25	697	554	555
25	698	389	390
25	699	595	596
25	700	0	0
25	701	0	0
25	702	650	651
25	703	587	588
25	704	0	0
25	705	0	0
25	706	922	923
25	707	811	812
25	708	682	683
25	709	422	423
25	710	638	639
25	711	661	662
25	712	308	399
25	713	598	599
25	714	682	683
25	715	505	506
25	716	621	622
25	717	957	958
25	718	750	751
25	719	360	361
25	720	0	0
25	721	0	0
25	722	661	662
25	723	691	724
25	724	911	912
25	725	621	622
25	726	0	0
25	727	738	739
25	728	539	540
25	729	570	571
25	730	0	0
25	731	0	0
25	732	466	467
25	733	844	845
25	734	980	981
25	735	398	692
25	736	0	0
25	737	0	0
25	738	0	0
25	739	819	820
25	740	875	876
25	741	0	0
25	742	673	674
25	743	509	510
25	744	0	0
25	745	0	0
25	746	0	0
25	747	0	0
25	748	523	524
25	749	519	520
25	750	0	0
25	751	0	0
25	752	633	634
25	753	490	491
25	754	648	649
25	755	673	674
25	756	474	475
25	757	577	578
25	758	291	292
25	759	332	333
25	760	726	727
25	761	0	0
25	762	863	864
25	763	733	734
25	764	669	670
25	765	885	886
25	766	0	0
25	767	572	573
25	768	999	1000
25	769	0	0
25	770	398	692
25	771	0	0
25	772	0	0
25	773	746	747
25	774	602	603
25	775	738	739
25	776	574	575
25	777	354	355
25	778	574	575
25	779	532	533
25	780	0	0
25	781	0	0
25	782	419	420
25	783	706	707
25	784	0	0
25	785	0	0
25	786	738	739
25	787	0	0
25	788	0	0
25	789	511	512
25	790	406	407
25	791	736	737
25	792	0	0
25	793	924	925
25	794	784	785
25	795	787	788
25	796	494	495
25	797	0	0
25	798	0	0
25	799	784	785
25	800	584	585
25	801	700	701
25	802	929	930
25	803	0	0
25	804	0	0
25	805	893	894
25	806	0	0
25	807	0	0
25	808	605	606
25	809	736	737
25	810	768	769
25	811	0	0
25	812	0	0
25	813	656	657
25	814	997	998
25	815	869	870
25	816	490	491
25	817	0	0
25	818	0	0
25	819	0	0
25	820	0	0
25	821	0	0
25	822	898	899
25	823	738	739
25	824	605	606
25	825	723	826
25	826	988	989
25	827	761	762
25	828	0	0
25	829	914	915
25	830	750	751
25	831	730	731
25	832	624	625
25	833	0	0
25	834	0	0
25	835	643	644
25	836	574	575
25	837	669	670
25	838	814	815
25	839	806	807
25	840	723	826
25	841	563	564
25	842	0	0
25	843	0	0
25	844	0	0
25	845	0	0
25	846	780	781
25	847	819	820
25	848	814	815
25	849	654	655
25	850	804	805
25	851	700	701
25	852	0	0
25	853	919	920
25	854	804	805
25	855	580	581
25	856	570	571
25	857	391	392
25	858	478	479
25	859	654	655
25	860	0	0
25	861	901	902
25	862	797	798
25	863	0	0
25	864	0	0
25	865	0	0
25	866	0	0
25	867	761	762
25	868	494	495
25	869	0	0
25	870	0	0
25	871	0	0
25	872	993	994
25	873	817	818
25	874	444	445
25	875	962	963
25	876	0	0
25	877	844	845
25	878	505	506
25	879	0	0
25	880	0	0
25	881	638	639
25	882	537	538
25	883	821	822
25	884	398	692
25	885	931	932
25	886	0	0
25	887	863	864
25	888	746	747
25	889	669	670
25	890	819	820
25	891	466	467
25	892	842	843
25	893	895	896
25	894	0	0
25	895	949	950
25	896	972	973
25	897	706	707
25	898	0	0
25	899	0	0
25	900	563	564
25	901	0	0
25	902	0	0
25	903	852	853
25	904	654	655
25	905	511	512
25	906	871	872
25	907	610	611
25	908	0	0
25	909	0	0
25	910	802	803
25	911	0	0
25	912	0	0
25	913	817	818
25	914	0	0
25	915	0	0
25	916	580	581
25	917	911	912
25	918	587	588
25	919	0	0
25	920	0	0
25	921	898	899
25	922	0	0
25	923	0	0
25	924	0	0
25	925	986	987
25	926	761	762
25	927	814	815
25	928	869	870
25	929	0	0
25	930	0	0
25	931	0	0
25	932	0	0
25	933	704	705
25	934	863	864
25	935	624	625
25	936	885	886
25	937	720	721
25	938	566	567
25	939	730	731
25	940	869	870
25	941	640	641
25	942	730	731
25	943	931	932
25	944	922	923
25	945	908	909
25	946	922	923
25	947	0	0
25	948	0	0
25	949	0	0
25	950	0	0
25	951	875	876
25	952	0	0
25	953	0	0
25	954	833	834
25	955	860	861
25	956	387	388
25	957	0	0
25	958	0	0
25	959	0	0
25	960	0	0
25	961	929	930
25	962	0	0
25	963	0	0
25	964	726	727
25	965	922	923
25	966	787	788
25	967	621	622
25	968	628	629
25	969	817	818
25	970	0	0
25	971	983	984
25	972	0	0
25	973	0	0
25	974	633	634
25	975	784	785
25	976	787	788
25	977	919	920
25	978	792	793
25	979	962	963
25	980	0	0
25	981	0	0
25	982	893	894
25	983	0	0
25	984	0	0
25	985	598	599
25	986	0	0
25	987	0	0
25	988	0	0
25	989	0	0
25	990	842	843
25	991	833	834
25	992	733	734
25	993	0	0
25	994	0	0
25	995	587	588
25	996	957	958
25	997	0	0
25	998	0	0
25	999	0	0
25	1000	0	0
