30	1	0	0
30	2	1	3
30	3	0	0
30	4	1	3
30	5	1	3
30	6	2	7
30	7	9	10
30	8	1	3
30	9	0	0
30	10	0	0
30	11	6	12
30	12	14	15
30	13	9	10
30	14	16	17
30	15	28	29
30	16	0	0
30	17	0	0
30	18	6	12
30	19	2	7
30	20	11	21
30	21	103	104
30	22	6	12
30	23	6	12
30	24	2	7
30	25	20	26
30	26	38	39
30	27	16	17
30	28	0	0
30	29	0	0
30	30	9	10
30	31	11	21
30	32	25	33
30	33	51	52
30	34	11	21
30	35	14	15
30	36	9	10
30	37	20	26
30	38	40	41
30	39	95	96
30	40	45	46
30	41	72	73
30	42	38	39
30	43	38	39
30	44	2	7
30	45	55	56
30	46	110	111
30	47	14	15
30	48	16	17
30	49	38	39
30	50	45	46
30	51	126	127
30	52	80	81
30	53	16	17
30	54	14	15
30	55	0	0
30	56	0	0
30	57	11	21
30	58	32	59
30	59	108	109
30	60	28	29
30	61	28	29
30	62	51	52
30	63	45	46
30	64	28	29
30	65	51	52
30	66	58	67
30	67	78	79
30	68	51	52
30	69	45	46
30	70	58	67
30	71	32	59
30	72	84	85
30	73	75	76
30	74	55	56
30	75	0	0
30	76	0	0
30	77	20	26
30	78	194	195
30	79	145	146
30	80	91	92
30	81	226	227
30	82	75	76
30	83	32	59
30	84	0	0
30	85	0	0
30	86	72	73
30	87	20	26
30	88	58	67
30	89	75	76
30	90	58	67
30	91	114	115
30	92	101	102
30	93	72	73
30	94	80	81
30	95	204	205
30	96	120	121
30	97	95	96
30	98	84	85
30	99	72	73
30	100	40	41
30	101	238	239
30	102	131	132
30	103	245	246
30	104	156	157
30	105	25	33
30	106	25	33
30	107	75	76
30	108	112	113
30	109	160	161
30	110	0	0
30	111	0	0
30	112	0	0
30	113	135	136
30	114	207	208
30	115	137	138
30	116	84	85
30	117	110	111
30	118	103	104
30	119	108	109
30	120	129	130
30	121	0	0
30	122	80	81
30	123	95	96
30	124	108	109
30	125	101	102
30	126	0	0
30	127	154	155
30	128	91	92
30	129	0	0
30	130	0	0
30	131	0	0
30	132	0	0
30	133	25	33
30	134	78	79
30	135	256	257
30	136	177	178
30	137	0	0
30	138	0	0
30	139	32	59
30	140	120	121
30	141	135	136
30	142	131	132
30	143	112	113
30	144	91	92
30	145	149	150
30	146	199	200
30	147	78	79
30	148	108	109
30	149	167	168
30	150	0	0
30	151	101	102
30	152	91	92
30	153	145	146
30	154	174	175
30	155	196	197
30	156	158	159
30	157	185	186
30	158	0	0
30	159	0	0
30	160	270	271
30	161	170	171
30	162	145	146
30	163	158	159
30	164	78	79
30	165	112	113
30	166	40	41
30	167	218	219
30	168	0	0
30	169	110	111
30	170	192	193
30	171	292	293
30	172	55	56
30	173	158	159
30	174	236	237
30	175	214	215
30	176	126	127
30	177	190	191
30	178	0	0
30	179	135	136
30	180	80	81
30	181	177	178
30	182	110	111
30	183	103	104
30	184	120	121
30	185	0	0
30	186	0	0
30	187	156	157
30	188	170	171
30	189	135	136
30	190	216	217
30	191	248	249
30	192	0	0
30	193	0	0
30	194	0	0
30	195	0	0
30	196	0	0
30	197	0	0
30	198	149	150
30	199	0	0
30	200	0	0
30	201	192	193
30	202	158	159
30	203	190	191
30	204	0	0
30	205	0	0
30	206	131	132
30	207	0	0
30	208	0	0
30	209	199	200
30	210	40	41
30	211	101	102
30	212	131	132
30	213	190	191
30	214	0	0
30	215	0	0
30	216	0	0
30	217	0	0
30	218	0	0
30	219	221	222
30	220	199	200
30	221	296	297
30	222	274	275
30	223	126	127
30	224	129	130
30	225	218	219
30	226	0	0
30	227	0	0
30	228	170	171
30	229	196	197
30	230	154	155
30	231	167	168
30	232	84	85
30	233	114	115
30	234	194	195
30	235	204	205
30	236	0	0
30	237	0	0
30	238	0	0
30	239	0	0
30	240	149	150
30	241	129	130
30	242	174	175
30	243	185	186
30	244	154	155
30	245	0	0
30	246	0	0
30	247	114	115
30	248	0	0
30	249	0	0
30	250	216	217
30	251	190	191
30	252	145	146
30	253	221	222
30	254	185	186
30	255	207	208
30	256	0	0
30	257	290	291
30	258	216	217
30	259	226	227
30	260	221	222
30	261	238	239
30	262	160	161
30	263	245	246
30	264	204	205
30	265	194	195
30	266	170	171
30	267	236	237
30	268	192	193
30	269	55	56
30	270	272	273
30	271	0	0
30	272	287	288
30	273	283	284
30	274	0	0
30	275	0	0
30	276	274	275
30	277	238	239
30	278	221	222
30	279	214	215
30	280	204	205
30	281	236	237
30	282	112	113
30	283	0	0
30	284	0	0
30	285	95	96
30	286	218	219
30	287	0	0
30	288	0	0
30	289	272	273
30	290	0	0
30	291	0	0
30	292	0	0
30	293	0	0
30	294	185	186
30	295	154	155
30	296	0	0
30	297	0	0
30	298	177	178
30	299	226	227
30	300	0	0
