6	1	0	0
6	2	1	3
6	3	0	0
6	4	1	3
6	5	1	3
6	6	1	3
6	7	2	8
6	8	46	47
6	9	2	8
6	10	2	8
6	11	7	12
6	12	39	40
6	13	2	8
6	14	11	15
6	15	25	26
6	16	11	15
6	17	7	12
6	18	14	19
6	19	23	24
6	20	7	12
6	21	7	12
6	22	11	15
6	23	0	0
6	24	30	31
6	25	53	54
6	26	27	28
6	27	77	78
6	28	62	63
6	29	14	19
6	30	32	33
6	31	35	36
6	32	72	73
6	33	64	65
6	34	32	33
6	35	60	61
6	36	0	0
6	37	32	33
6	38	14	19
6	39	41	42
6	40	0	0
6	41	0	0
6	42	0	0
6	43	25	26
6	44	41	42
6	45	23	24
6	46	0	0
6	47	0	0
6	48	14	19
6	49	23	24
6	50	39	40
6	51	27	28
6	52	27	28
6	53	70	71
6	54	0	0
6	55	53	54
6	56	53	54
6	57	23	24
6	58	41	42
6	59	46	47
6	60	0	0
6	61	0	0
6	62	0	0
6	63	0	0
6	64	0	0
6	65	0	0
6	66	35	36
6	67	64	65
6	68	46	47
6	69	41	42
6	70	0	0
6	71	0	0
6	72	0	0
6	73	0	0
6	74	72	73
6	75	70	71
6	76	25	26
6	77	0	0
6	78	0	0
6	79	18	80
6	80	87	88
6	81	35	36
6	82	30	31
6	83	70	71
6	84	72	73
6	85	53	54
6	86	64	65
6	87	0	0
6	88	0	0
6	89	64	65
6	90	77	78
6	91	18	80
6	92	70	71
6	93	32	33
6	94	79	95
6	95	0	0
6	96	62	63
6	97	30	31
6	98	39	40
6	99	72	73
6	100	46	47
