32	1	0	0
32	2	1	3
32	3	0	0
32	4	1	3
32	5	1	3
32	6	1	3
32	7	2	8
32	8	10	11
32	9	2	8
32	10	0	0
32	11	0	0
32	12	10	11
32	13	2	8
32	14	2	8
32	15	10	11
32	16	7	17
32	17	29	30
32	18	10	11
32	19	16	20
32	20	22	23
32	21	7	17
32	22	64	65
32	23	36	37
32	24	16	20
32	25	7	17
32	26	22	23
32	27	19	28
32	28	52	53
32	29	58	59
32	30	97	98
32	31	16	20
32	32	22	23
32	33	27	34
32	34	80	81
32	35	7	17
32	36	43	44
32	37	0	0
32	38	27	34
32	39	29	30
32	40	36	37
32	41	33	42
32	42	84	85
32	43	0	0
32	44	0	0
32	45	19	28
32	46	36	37
32	47	19	28
32	48	29	30
32	49	27	34
32	50	19	28
32	51	29	30
32	52	127	128
32	53	68	69
32	54	52	53
32	55	36	37
32	56	52	53
32	57	16	20
32	58	0	0
32	59	0	0
32	60	58	59
32	61	22	23
32	62	52	53
32	63	27	34
32	64	72	73
32	65	90	91
32	66	64	65
32	67	64	65
32	68	131	132
32	69	74	75
32	70	58	59
32	71	58	59
32	72	0	0
32	73	0	0
32	74	117	118
32	75	154	155
32	76	64	65
32	77	33	42
32	78	43	44
32	79	33	42
32	80	110	111
32	81	168	169
32	82	41	83
32	83	198	199
32	84	86	87
32	85	170	171
32	86	0	0
32	87	94	95
32	88	68	69
32	89	80	81
32	90	0	0
32	91	0	0
32	92	84	85
32	93	80	81
32	94	103	104
32	95	254	255
32	96	80	81
32	97	0	0
32	98	0	0
32	99	90	91
32	100	82	101
32	101	138	139
32	102	33	42
32	103	207	208
32	104	106	107
32	105	41	83
32	106	123	124
32	107	108	109
32	108	0	0
32	109	0	0
32	110	142	143
32	111	181	182
32	112	43	44
32	113	94	95
32	114	41	83
32	115	103	104
32	116	90	91
32	117	0	0
32	118	0	0
32	119	43	44
32	120	103	104
32	121	100	122
32	122	185	186
32	123	0	0
32	124	0	0
32	125	86	87
32	126	117	118
32	127	0	0
32	128	0	0
32	129	127	128
32	130	82	101
32	131	164	165
32	132	211	212
32	133	86	87
32	134	41	83
32	135	110	111
32	136	90	91
32	137	117	118
32	138	150	151
32	139	179	180
32	140	94	95
32	141	100	122
32	142	196	197
32	143	183	184
32	144	142	143
32	145	108	109
32	146	103	104
32	147	100	122
32	148	131	132
32	149	94	95
32	150	166	167
32	151	231	232
32	152	74	75
32	153	68	69
32	154	0	0
32	155	0	0
32	156	127	128
32	157	100	122
32	158	82	101
32	159	97	98
32	160	82	101
32	161	86	87
32	162	108	109
32	163	110	111
32	164	0	0
32	165	0	0
32	166	0	0
32	167	238	239
32	168	286	287
32	169	234	235
32	170	272	273
32	171	0	0
32	172	106	107
32	173	166	167
32	174	142	143
32	175	106	107
32	176	127	128
32	177	142	143
32	178	97	98
32	179	242	243
32	180	0	0
32	181	257	258
32	182	0	0
32	183	0	0
32	184	218	219
32	185	189	190
32	186	0	0
32	187	181	182
32	188	97	98
32	189	248	249
32	190	194	195
32	191	170	171
32	192	131	132
32	193	168	169
32	194	278	279
32	195	267	268
32	196	226	227
32	197	244	245
32	198	0	0
32	199	200	201
32	200	0	0
32	201	0	0
32	202	196	197
32	203	121	204
32	204	220	221
32	205	74	75
32	206	123	124
32	207	261	262
32	208	0	0
32	209	194	195
32	210	68	69
32	211	0	0
32	212	0	0
32	213	200	201
32	214	168	169
32	215	198	199
32	216	72	73
32	217	211	212
32	218	0	0
32	219	0	0
32	220	293	294
32	221	0	0
32	222	164	165
32	223	211	212
32	224	117	118
32	225	168	169
32	226	0	0
32	227	0	0
32	228	194	195
32	229	207	208
32	230	200	201
32	231	0	0
32	232	298	299
32	233	123	124
32	234	240	241
32	235	0	0
32	236	189	190
32	237	74	75
32	238	0	0
32	239	0	0
32	240	0	0
32	241	0	0
32	242	0	0
32	243	0	0
32	244	0	0
32	245	0	0
32	246	164	165
32	247	231	232
32	248	0	0
32	249	274	275
32	250	211	212
32	251	170	171
32	252	110	111
32	253	234	235
32	254	0	0
32	255	0	0
32	256	150	151
32	257	0	0
32	258	0	0
32	259	218	219
32	260	108	109
32	261	0	0
32	262	0	0
32	263	203	264
32	264	289	290
32	265	138	139
32	266	164	165
32	267	0	0
32	268	0	0
32	269	154	155
32	270	84	85
32	271	196	197
32	272	0	0
32	273	283	284
32	274	0	0
32	275	0	0
32	276	138	139
32	277	123	124
32	278	0	0
32	279	0	0
32	280	166	167
32	281	166	167
32	282	170	171
32	283	0	0
32	284	0	0
32	285	183	184
32	286	0	0
32	287	0	0
32	288	286	287
32	289	0	0
32	290	0	0
32	291	261	262
32	292	183	184
32	293	0	0
32	294	0	0
32	295	106	107
32	296	248	249
32	297	283	284
32	298	0	0
32	299	0	0
32	300	181	182
