33	1	0	0
33	2	1	3
33	3	0	0
33	4	1	3
33	5	2	6
33	6	44	45
33	7	1	3
33	8	2	6
33	9	1	3
33	10	2	6
33	11	5	12
33	12	23	24
33	13	11	14
33	14	25	26
33	15	2	6
33	16	11	14
33	17	11	14
33	18	11	14
33	19	13	20
33	20	34	35
33	21	19	22
33	22	199	200
33	23	68	69
33	24	27	28
33	25	47	48
33	26	32	33
33	27	0	0
33	28	0	0
33	29	27	28
33	30	21	31
33	31	50	51
33	32	40	41
33	33	194	195
33	34	80	81
33	35	83	84
33	36	32	33
33	37	5	12
33	38	34	35
33	39	19	22
33	40	0	0
33	41	0	0
33	42	32	33
33	43	34	35
33	44	0	0
33	45	0	0
33	46	5	12
33	47	117	118
33	48	76	77
33	49	44	45
33	50	62	63
33	51	151	152
33	52	5	12
33	53	25	26
33	54	23	24
33	55	23	24
33	56	32	33
33	57	27	28
33	58	50	51
33	59	13	20
33	60	30	61
33	61	230	231
33	62	66	67
33	63	70	71
33	64	27	28
33	65	44	45
33	66	92	93
33	67	123	124
33	68	0	0
33	69	0	0
33	70	127	128
33	71	174	175
33	72	66	67
33	73	21	31
33	74	50	51
33	75	44	45
33	76	0	0
33	77	0	0
33	78	62	63
33	79	19	22
33	80	85	86
33	81	293	294
33	82	66	67
33	83	94	95
33	84	119	120
33	85	275	276
33	86	90	91
33	87	47	48
33	88	50	51
33	89	85	86
33	90	0	0
33	91	0	0
33	92	357	358
33	93	490	491
33	94	167	168
33	95	129	130
33	96	62	63
33	97	85	86
33	98	94	95
33	99	30	61
33	100	68	69
33	101	83	84
33	102	60	103
33	103	155	156
33	104	30	61
33	105	102	106
33	106	326	327
33	107	85	86
33	108	30	61
33	109	25	26
33	110	21	31
33	111	94	95
33	112	90	91
33	113	94	95
33	114	13	20
33	115	90	91
33	116	76	77
33	117	0	0
33	118	0	0
33	119	135	136
33	120	448	449
33	121	47	48
33	122	47	48
33	123	160	161
33	124	298	299
33	125	62	63
33	126	21	31
33	127	147	148
33	128	343	344
33	129	0	0
33	130	0	0
33	131	40	41
33	132	70	71
33	133	66	67
33	134	119	120
33	135	0	0
33	136	0	0
33	137	19	22
33	138	70	71
33	139	68	69
33	140	13	20
33	141	105	142
33	142	225	226
33	143	105	142
33	144	23	24
33	145	129	130
33	146	83	84
33	147	172	173
33	148	186	187
33	149	123	124
33	150	60	103
33	151	304	305
33	152	182	183
33	153	129	130
33	154	105	142
33	155	263	264
33	156	202	203
33	157	127	128
33	158	102	106
33	159	90	91
33	160	205	206
33	161	164	165
33	162	102	106
33	163	105	142
33	164	0	0
33	165	0	0
33	166	117	118
33	167	0	0
33	168	0	0
33	169	147	148
33	170	80	81
33	171	155	156
33	172	0	0
33	173	0	0
33	174	248	249
33	175	176	177
33	176	218	219
33	177	454	455
33	178	40	41
33	179	80	81
33	180	151	152
33	181	102	106
33	182	302	303
33	183	221	222
33	184	117	118
33	185	119	120
33	186	0	0
33	187	0	0
33	188	117	118
33	189	176	177
33	190	129	130
33	191	70	71
33	192	60	103
33	193	25	26
33	194	0	0
33	195	0	0
33	196	119	120
33	197	151	152
33	198	83	84
33	199	252	253
33	200	271	272
33	201	135	136
33	202	239	240
33	203	244	245
33	204	135	136
33	205	0	0
33	206	0	0
33	207	176	177
33	208	174	175
33	209	147	148
33	210	34	35
33	211	194	195
33	212	155	156
33	213	160	161
33	214	147	148
33	215	167	168
33	216	155	156
33	217	174	175
33	218	0	0
33	219	0	0
33	220	160	161
33	221	371	372
33	222	228	229
33	223	151	152
33	224	76	77
33	225	242	243
33	226	237	238
33	227	167	168
33	228	295	296
33	229	0	0
33	230	427	428
33	231	0	0
33	232	199	200
33	233	228	229
33	234	174	175
33	235	199	200
33	236	92	93
33	237	290	291
33	238	273	274
33	239	258	259
33	240	0	0
33	241	228	229
33	242	0	0
33	243	254	255
33	244	334	335
33	245	422	423
33	246	164	165
33	247	76	77
33	248	347	348
33	249	354	355
33	250	221	222
33	251	60	103
33	252	260	261
33	253	0	0
33	254	406	407
33	255	330	331
33	256	252	253
33	257	186	187
33	258	0	0
33	259	410	411
33	260	322	323
33	261	310	311
33	262	244	245
33	263	0	0
33	264	386	387
33	265	176	177
33	266	239	240
33	267	239	240
33	268	199	200
33	269	230	231
33	270	68	69
33	271	441	442
33	272	286	287
33	273	436	437
33	274	350	351
33	275	0	0
33	276	0	0
33	277	40	41
33	278	237	238
33	279	186	187
33	280	135	136
33	281	202	203
33	282	254	255
33	283	263	264
33	284	225	226
33	285	271	272
33	286	307	308
33	287	339	340
33	288	286	287
33	289	254	255
33	290	456	457
33	291	324	325
33	292	80	81
33	293	0	0
33	294	314	315
33	295	0	0
33	296	0	0
33	297	194	195
33	298	0	0
33	299	328	329
33	300	252	253
33	301	172	173
33	302	468	469
33	303	0	0
33	304	379	380
33	305	0	0
33	306	127	128
33	307	0	0
33	308	0	0
33	309	275	276
33	310	391	392
33	311	434	435
33	312	298	299
33	313	205	206
33	314	0	0
33	315	0	0
33	316	172	173
33	317	237	238
33	318	160	161
33	319	310	311
33	320	228	229
33	321	275	276
33	322	352	353
33	323	466	467
33	324	424	425
33	325	0	0
33	326	360	361
33	327	0	0
33	328	0	0
33	329	0	0
33	330	332	333
33	331	0	0
33	332	419	420
33	333	345	346
33	334	368	369
33	335	439	440
33	336	141	337
33	337	0	0
33	338	295	296
33	339	0	0
33	340	0	0
33	341	332	333
33	342	92	93
33	343	0	0
33	344	498	499
33	345	0	0
33	346	0	0
33	347	0	0
33	348	0	0
33	349	324	325
33	350	413	414
33	351	0	0
33	352	0	0
33	353	0	0
33	354	0	0
33	355	0	0
33	356	202	203
33	357	446	447
33	358	364	365
33	359	298	299
33	360	493	494
33	361	0	0
33	362	350	351
33	363	141	337
33	364	0	0
33	365	0	0
33	366	302	303
33	367	258	259
33	368	0	0
33	369	0	0
33	370	92	93
33	371	402	403
33	372	0	0
33	373	127	128
33	374	304	305
33	375	339	340
33	376	221	222
33	377	371	372
33	378	186	187
33	379	480	481
33	380	0	0
33	381	172	173
33	382	354	355
33	383	298	299
33	384	368	369
33	385	202	203
33	386	0	0
33	387	459	460
33	388	239	240
33	389	237	238
33	390	324	325
33	391	0	0
33	392	0	0
33	393	263	264
33	394	379	380
33	395	275	276
33	396	258	259
33	397	360	361
33	398	164	165
33	399	260	261
33	400	205	206
33	401	345	346
33	402	0	0
33	403	0	0
33	404	357	358
33	405	379	380
33	406	462	463
33	407	0	0
33	408	286	287
33	409	271	272
33	410	0	0
33	411	0	0
33	412	218	219
33	413	0	0
33	414	417	418
33	415	314	315
33	416	258	259
33	417	0	0
33	418	432	433
33	419	0	0
33	420	0	0
33	421	248	249
33	422	0	0
33	423	0	0
33	424	0	0
33	425	477	478
33	426	413	414
33	427	0	0
33	428	0	0
33	429	347	348
33	430	164	165
33	431	391	392
33	432	0	0
33	433	0	0
33	434	0	0
33	435	0	0
33	436	495	496
33	437	0	0
33	438	273	274
33	439	0	0
33	440	0	0
33	441	0	0
33	442	0	0
33	443	304	305
33	444	286	287
33	445	371	372
33	446	0	0
33	447	0	0
33	448	0	0
33	449	0	0
33	450	324	325
33	451	302	303
33	452	354	355
33	453	417	418
33	454	0	0
33	455	0	0
33	456	0	0
33	457	0	0
33	458	391	392
33	459	0	0
33	460	0	0
33	461	446	447
33	462	0	0
33	463	0	0
33	464	254	255
33	465	328	329
33	466	0	0
33	467	0	0
33	468	0	0
33	469	0	0
33	470	468	469
33	471	252	253
33	472	459	460
33	473	379	380
33	474	386	387
33	475	248	249
33	476	406	407
33	477	0	0
33	478	0	0
33	479	244	245
33	480	0	0
33	481	0	0
33	482	477	478
33	483	441	442
33	484	339	340
33	485	354	355
33	486	123	124
33	487	295	296
33	488	314	315
33	489	273	274
33	490	0	0
33	491	0	0
33	492	167	168
33	493	0	0
33	494	0	0
33	495	0	0
33	496	0	0
33	497	225	226
33	498	0	0
33	499	0	0
33	500	123	124
