43	1	0	0
43	2	1	3
43	3	0	0
43	4	2	5
43	5	8	9
43	6	4	7
43	7	19	20
43	8	0	0
43	9	0	0
43	10	4	7
43	11	8	9
43	12	6	13
43	13	0	0
43	14	2	5
43	15	2	5
43	16	1	3
43	17	4	7
43	18	6	13
43	19	26	27
43	20	38	39
43	21	12	22
43	22	23	24
43	23	0	0
43	24	41	42
43	25	4	7
43	26	0	0
43	27	0	0
43	28	26	27
43	29	26	27
43	30	12	22
43	31	6	13
43	32	8	9
43	33	26	27
43	34	1	3
43	35	19	20
43	36	2	5
43	37	1	3
43	38	0	0
43	39	0	0
43	40	12	22
43	41	47	48
43	42	0	0
43	43	8	9
43	44	6	13
43	45	38	39
43	46	41	42
43	47	0	0
43	48	0	0
43	49	47	48
43	50	0	0
