8	1	0	0
8	2	1	3
8	3	0	0
8	4	1	3
8	5	2	6
8	6	55	56
8	7	5	8
8	8	45	46
8	9	7	10
8	10	18	19
8	11	2	6
8	12	7	10
8	13	9	14
8	14	20	21
8	15	7	10
8	16	7	10
8	17	5	8
8	18	191	192
8	19	30	31
8	20	23	24
8	21	128	129
8	22	9	14
8	23	50	51
8	24	32	33
8	25	13	26
8	26	27	28
8	27	0	0
8	28	43	44
8	29	9	14
8	30	122	123
8	31	166	167
8	32	35	36
8	33	135	136
8	34	30	31
8	35	0	0
8	36	0	0
8	37	35	36
8	38	23	24
8	39	2	6
8	40	5	8
8	41	30	31
8	42	23	24
8	43	61	62
8	44	79	80
8	45	118	119
8	46	91	92
8	47	45	46
8	48	45	46
8	49	43	44
8	50	71	72
8	51	53	54
8	52	50	51
8	53	0	0
8	54	0	0
8	55	0	0
8	56	0	0
8	57	50	51
8	58	50	51
8	59	20	21
8	60	1	3
8	61	105	106
8	62	147	148
8	63	2	6
8	64	53	54
8	65	13	26
8	66	23	24
8	67	61	62
8	68	1	3
8	69	20	21
8	70	35	36
8	71	0	0
8	72	0	0
8	73	61	62
8	74	18	19
8	75	43	44
8	76	53	54
8	77	5	8
8	78	53	54
8	79	82	83
8	80	126	127
8	81	61	62
8	82	107	108
8	83	111	112
8	84	18	19
8	85	13	26
8	86	79	80
8	87	43	44
8	88	55	56
8	89	32	33
8	90	27	28
8	91	0	0
8	92	0	0
8	93	30	31
8	94	18	19
8	95	32	33
8	96	32	33
8	97	71	72
8	98	91	92
8	99	71	72
8	100	35	36
8	101	20	21
8	102	13	26
8	103	9	14
8	104	45	46
8	105	124	125
8	106	142	143
8	107	0	0
8	108	0	0
8	109	105	106
8	110	79	80
8	111	0	0
8	112	0	0
8	113	27	28
8	114	91	92
8	115	82	83
8	116	105	106
8	117	82	83
8	118	0	0
8	119	0	0
8	120	105	106
8	121	55	56
8	122	0	0
8	123	0	0
8	124	0	0
8	125	0	0
8	126	179	180
8	127	133	134
8	128	140	141
8	129	169	170
8	130	27	28
8	131	71	72
8	132	126	127
8	133	0	0
8	134	0	0
8	135	0	0
8	136	0	0
8	137	107	108
8	138	135	136
8	139	82	83
8	140	162	163
8	141	158	159
8	142	0	0
8	143	0	0
8	144	91	92
8	145	122	123
8	146	107	108
8	147	0	0
8	148	175	176
8	149	124	125
8	150	128	129
8	151	128	129
8	152	107	108
8	153	135	136
8	154	126	127
8	155	124	125
8	156	122	123
8	157	133	134
8	158	0	0
8	159	0	0
8	160	140	141
8	161	140	141
8	162	0	0
8	163	0	0
8	164	140	141
8	165	133	134
8	166	0	0
8	167	0	0
8	168	166	167
8	169	182	183
8	170	0	0
8	171	128	129
8	172	55	56
8	173	126	127
8	174	124	125
8	175	0	0
8	176	0	0
8	177	169	170
8	178	142	143
8	179	0	0
8	180	0	0
8	181	79	80
8	182	0	0
8	183	0	0
8	184	158	159
8	185	122	123
8	186	142	143
8	187	111	112
8	188	118	119
8	189	182	183
8	190	142	143
8	191	0	0
8	192	0	0
8	193	175	176
8	194	175	176
8	195	179	180
8	196	147	148
8	197	118	119
8	198	135	136
8	199	147	148
8	200	118	119
