13	1	0	0
13	2	1	3
13	3	0	0
13	4	1	3
13	5	1	3
13	6	1	3
13	7	2	8
13	8	23	24
13	9	2	8
13	10	7	11
13	11	15	16
13	12	2	8
13	13	10	14
13	14	30	31
13	15	41	42
13	16	19	20
13	17	2	8
13	18	7	11
13	19	0	0
13	20	0	0
13	21	19	20
13	22	19	20
13	23	0	0
13	24	0	0
13	25	15	16
13	26	13	27
13	27	0	0
13	28	13	27
13	29	15	16
13	30	0	0
13	31	0	0
13	32	30	31
13	33	15	16
13	34	26	35
13	35	0	0
13	36	34	37
13	37	0	0
13	38	26	35
13	39	23	24
13	40	23	24
13	41	0	0
13	42	0	0
13	43	23	24
13	44	19	20
13	45	13	27
13	46	10	14
13	47	26	35
13	48	30	31
13	49	41	42
13	50	0	0
