5	1	0	0
5	2	1	3
5	3	0	0
5	4	1	3
5	5	1	3
5	6	1	3
5	7	2	8
5	8	9	10
5	9	0	0
5	10	0	0
5	11	9	10
5	12	2	8
5	13	9	10
5	14	2	8
5	15	9	10
5	16	7	17
5	17	31	32
5	18	7	17
5	19	2	8
5	20	16	21
5	21	26	27
5	22	20	23
5	23	41	42
5	24	16	21
5	25	16	21
5	26	47	48
5	27	313	314
5	28	20	23
5	29	20	23
5	30	7	17
5	31	0	0
5	32	33	34
5	33	0	0
5	34	0	0
5	35	16	21
5	36	33	34
5	37	22	38
5	38	39	40
5	39	65	66
5	40	60	61
5	41	219	220
5	42	85	86
5	43	20	23
5	44	31	32
5	45	41	42
5	46	41	42
5	47	142	143
5	48	53	54
5	49	37	50
5	50	83	84
5	51	31	32
5	52	39	40
5	53	0	0
5	54	0	0
5	55	33	34
5	56	53	54
5	57	22	38
5	58	37	50
5	59	22	38
5	60	206	207
5	61	63	64
5	62	26	27
5	63	144	145
5	64	78	79
5	65	146	147
5	66	73	74
5	67	31	32
5	68	65	66
5	69	39	40
5	70	39	40
5	71	41	42
5	72	7	17
5	73	120	121
5	74	153	154
5	75	60	61
5	76	22	38
5	77	26	27
5	78	104	105
5	79	80	81
5	80	0	0
5	81	0	0
5	82	73	74
5	83	461	462
5	84	114	115
5	85	102	103
5	86	123	124
5	87	33	34
5	88	63	64
5	89	53	54
5	90	49	91
5	91	107	108
5	92	90	93
5	93	111	112
5	94	90	93
5	95	92	96
5	96	127	128
5	97	73	74
5	98	53	54
5	99	83	84
5	100	49	91
5	101	37	50
5	102	203	204
5	103	117	118
5	104	0	0
5	105	0	0
5	106	80	81
5	107	237	238
5	108	239	240
5	109	104	105
5	110	26	27
5	111	436	437
5	112	180	181
5	113	60	61
5	114	194	195
5	115	129	130
5	116	85	86
5	117	0	0
5	118	0	0
5	119	65	66
5	120	140	141
5	121	252	253
5	122	90	93
5	123	168	169
5	124	137	138
5	125	73	74
5	126	107	108
5	127	478	479
5	128	188	189
5	129	209	210
5	130	254	255
5	131	85	86
5	132	111	112
5	133	37	50
5	134	63	64
5	135	127	128
5	136	120	121
5	137	0	0
5	138	0	0
5	139	111	112
5	140	0	0
5	141	0	0
5	142	0	0
5	143	0	0
5	144	149	150
5	145	158	159
5	146	230	231
5	147	260	261
5	148	85	86
5	149	0	0
5	150	0	0
5	151	104	105
5	152	107	108
5	153	161	162
5	154	241	242
5	155	78	79
5	156	123	124
5	157	65	66
5	158	0	0
5	159	0	0
5	160	49	91
5	161	0	0
5	162	0	0
5	163	83	84
5	164	102	103
5	165	60	61
5	166	146	147
5	167	111	112
5	168	0	0
5	169	0	0
5	170	149	150
5	171	161	162
5	172	63	64
5	173	153	154
5	174	83	84
5	175	80	81
5	176	127	128
5	177	168	169
5	178	117	118
5	179	146	147
5	180	184	185
5	181	0	0
5	182	47	48
5	183	117	118
5	184	191	192
5	185	338	339
5	186	95	187
5	187	217	218
5	188	232	233
5	189	228	229
5	190	142	143
5	191	408	409
5	192	201	202
5	193	191	192
5	194	246	247
5	195	0	0
5	196	180	181
5	197	191	192
5	198	153	154
5	199	104	105
5	200	117	118
5	201	280	281
5	202	0	0
5	203	0	0
5	204	0	0
5	205	49	91
5	206	0	0
5	207	235	236
5	208	184	185
5	209	0	0
5	210	297	298
5	211	188	189
5	212	120	121
5	213	129	130
5	214	140	141
5	215	142	143
5	216	188	189
5	217	405	406
5	218	394	395
5	219	221	222
5	220	249	250
5	221	0	0
5	222	0	0
5	223	114	115
5	224	129	130
5	225	146	147
5	226	184	185
5	227	140	141
5	228	438	439
5	229	0	0
5	230	378	379
5	231	445	446
5	232	299	300
5	233	0	0
5	234	107	108
5	235	429	430
5	236	324	325
5	237	487	488
5	238	294	295
5	239	256	257
5	240	317	318
5	241	0	0
5	242	0	0
5	243	153	154
5	244	149	150
5	245	78	79
5	246	284	285
5	247	311	312
5	248	188	189
5	249	348	349
5	250	0	0
5	251	246	247
5	252	0	0
5	253	0	0
5	254	342	343
5	255	417	418
5	256	258	259
5	257	368	369
5	258	273	274
5	259	0	0
5	260	0	0
5	261	282	283
5	262	230	231
5	263	142	143
5	264	249	250
5	265	114	115
5	266	201	202
5	267	239	240
5	268	144	145
5	269	120	121
5	270	129	130
5	271	47	48
5	272	206	207
5	273	276	277
5	274	0	0
5	275	144	145
5	276	0	0
5	277	391	392
5	278	241	242
5	279	140	141
5	280	0	0
5	281	335	336
5	282	0	0
5	283	0	0
5	284	309	310
5	285	350	351
5	286	230	231
5	287	237	238
5	288	184	185
5	289	276	277
5	290	237	238
5	291	80	81
5	292	249	250
5	293	158	159
5	294	332	333
5	295	496	497
5	296	256	257
5	297	440	441
5	298	0	0
5	299	0	0
5	300	356	357
5	301	273	274
5	302	235	236
5	303	252	253
5	304	294	295
5	305	217	218
5	306	280	281
5	307	123	124
5	308	90	93
5	309	0	0
5	310	0	0
5	311	326	327
5	312	362	363
5	313	457	458
5	314	0	0
5	315	127	128
5	316	299	300
5	317	360	361
5	318	419	420
5	319	180	181
5	320	276	277
5	321	237	238
5	322	309	310
5	323	258	259
5	324	0	0
5	325	0	0
5	326	0	0
5	327	0	0
5	328	206	207
5	329	235	236
5	330	258	259
5	331	252	253
5	332	0	0
5	333	384	385
5	334	324	325
5	335	389	390
5	336	340	341
5	337	217	218
5	338	465	466
5	339	454	455
5	340	0	0
5	341	0	0
5	342	452	453
5	343	352	353
5	344	217	218
5	345	221	222
5	346	209	210
5	347	340	341
5	348	0	0
5	349	0	0
5	350	0	0
5	351	0	0
5	352	0	0
5	353	0	0
5	354	92	96
5	355	284	285
5	356	0	0
5	357	0	0
5	358	280	281
5	359	219	220
5	360	399	400
5	361	0	0
5	362	0	0
5	363	0	0
5	364	299	300
5	365	276	277
5	366	78	79
5	367	246	247
5	368	422	423
5	369	443	444
5	370	260	261
5	371	348	349
5	372	260	261
5	373	239	240
5	374	342	343
5	375	338	339
5	376	326	327
5	377	352	353
5	378	0	0
5	379	0	0
5	380	144	145
5	381	201	202
5	382	203	204
5	383	309	310
5	384	467	468
5	385	492	493
5	386	362	363
5	387	297	298
5	388	194	195
5	389	0	0
5	390	0	0
5	391	0	0
5	392	0	0
5	393	137	138
5	394	0	0
5	395	414	415
5	396	324	325
5	397	201	202
5	398	294	295
5	399	485	486
5	400	411	412
5	401	284	285
5	402	149	150
5	403	313	314
5	404	161	162
5	405	476	477
5	406	0	0
5	407	284	285
5	408	431	432
5	409	0	0
5	410	332	333
5	411	0	0
5	412	0	0
5	413	230	231
5	414	426	427
5	415	450	451
5	416	389	390
5	417	0	0
5	418	0	0
5	419	0	0
5	420	0	0
5	421	362	363
5	422	0	0
5	423	0	0
5	424	161	162
5	425	399	400
5	426	0	0
5	427	0	0
5	428	194	195
5	429	0	0
5	430	0	0
5	431	0	0
5	432	0	0
5	433	431	432
5	434	191	192
5	435	340	341
5	436	0	0
5	437	489	490
5	438	0	0
5	439	483	484
5	440	0	0
5	441	0	0
5	442	342	343
5	443	0	0
5	444	0	0
5	445	0	0
5	446	0	0
5	447	394	395
5	448	405	406
5	449	258	259
5	450	0	0
5	451	0	0
5	452	0	0
5	453	0	0
5	454	0	0
5	455	0	0
5	456	313	314
5	457	0	0
5	458	0	0
5	459	180	181
5	460	360	361
5	461	0	0
5	462	0	0
5	463	254	255
5	464	280	281
5	465	0	0
5	466	0	0
5	467	0	0
5	468	0	0
5	469	417	418
5	470	324	325
5	471	438	439
5	472	332	333
5	473	378	379
5	474	206	207
5	475	326	327
5	476	0	0
5	477	0	0
5	478	0	0
5	479	0	0
5	480	452	453
5	481	114	115
5	482	252	253
5	483	0	0
5	484	0	0
5	485	0	0
5	486	0	0
5	487	0	0
5	488	0	0
5	489	0	0
5	490	0	0
5	491	452	453
5	492	0	0
5	493	0	0
5	494	405	406
5	495	221	222
5	496	0	0
5	497	0	0
5	498	454	455
5	499	186	500
5	500	0	0
