46	1	0	0
46	2	1	3
46	3	0	0
46	4	2	5
46	5	8	9
46	6	2	5
46	7	1	3
46	8	0	0
46	9	0	0
46	10	8	9
46	11	8	9
46	12	1	3
46	13	1	3
46	14	2	5
46	15	8	9
46	16	2	5
46	17	4	18
46	18	20	21
46	19	4	18
46	20	23	24
46	21	30	31
46	22	20	21
46	23	0	0
46	24	0	0
46	25	4	18
46	26	20	21
46	27	20	21
46	28	17	29
46	29	100	101
46	30	0	0
46	31	0	0
46	32	30	31
46	33	30	31
46	34	23	24
46	35	30	31
46	36	28	37
46	37	41	42
46	38	28	37
46	39	17	29
46	40	17	29
46	41	62	63
46	42	95	96
46	43	36	44
46	44	58	59
46	45	23	24
46	46	36	44
46	47	43	48
46	48	89	90
46	49	28	37
46	50	4	18
46	51	23	24
46	52	36	44
46	53	41	42
46	54	43	48
46	55	36	44
46	56	28	37
46	57	17	29
46	58	80	81
46	59	64	65
46	60	41	42
46	61	58	59
46	62	0	0
46	63	66	67
46	64	69	70
46	65	144	145
46	66	210	211
46	67	93	94
46	68	43	48
46	69	0	0
46	70	77	78
46	71	66	67
46	72	58	59
46	73	62	63
46	74	58	59
46	75	47	76
46	76	83	84
46	77	112	113
46	78	87	88
46	79	66	67
46	80	181	182
46	81	223	224
46	82	66	67
46	83	140	141
46	84	104	105
46	85	43	48
46	86	41	42
46	87	0	0
46	88	0	0
46	89	121	122
46	90	172	173
46	91	62	63
46	92	87	88
46	93	0	0
46	94	0	0
46	95	123	124
46	96	109	110
46	97	47	76
46	98	87	88
46	99	95	96
46	100	0	0
46	101	106	107
46	102	100	101
46	103	100	101
46	104	208	209
46	105	114	115
46	106	119	120
46	107	0	0
46	108	104	105
46	109	0	0
46	110	137	138
46	111	80	81
46	112	0	0
46	113	0	0
46	114	148	149
46	115	191	192
46	116	77	78
46	117	83	84
46	118	87	88
46	119	0	0
46	120	0	0
46	121	174	175
46	122	132	133
46	123	125	126
46	124	130	131
46	125	0	0
46	126	0	0
46	127	100	101
46	128	95	96
46	129	121	122
46	130	0	0
46	131	0	0
46	132	134	135
46	133	235	236
46	134	185	186
46	135	0	0
46	136	125	126
46	137	0	0
46	138	0	0
46	139	114	115
46	140	196	197
46	141	155	156
46	142	69	70
46	143	137	138
46	144	238	239
46	145	169	170
46	146	47	76
46	147	93	94
46	148	179	180
46	149	0	0
46	150	47	76
46	151	137	138
46	152	125	126
46	153	89	90
46	154	148	149
46	155	160	161
46	156	0	0
46	157	123	124
46	158	62	63
46	159	114	115
46	160	0	0
46	161	279	280
46	162	109	110
46	163	93	94
46	164	95	96
46	165	75	166
46	166	0	0
46	167	140	141
46	168	64	65
46	169	220	221
46	170	245	246
46	171	83	84
46	172	262	263
46	173	267	268
46	174	233	234
46	175	249	250
46	176	69	70
46	177	77	78
46	178	64	65
46	179	0	0
46	180	274	275
46	181	292	293
46	182	227	228
46	183	160	161
46	184	69	70
46	185	0	0
46	186	189	190
46	187	169	170
46	188	106	107
46	189	0	0
46	190	0	0
46	191	216	217
46	192	212	213
46	193	189	190
46	194	191	192
46	195	121	122
46	196	0	0
46	197	0	0
46	198	93	94
46	199	125	126
46	200	132	133
46	201	189	190
46	202	181	182
46	203	189	190
46	204	132	133
46	205	132	133
46	206	185	186
46	207	83	84
46	208	0	0
46	209	252	253
46	210	0	0
46	211	0	0
46	212	240	241
46	213	0	0
46	214	137	138
46	215	191	192
46	216	0	0
46	217	0	0
46	218	114	115
46	219	77	78
46	220	0	0
46	221	0	0
46	222	216	217
46	223	0	0
46	224	0	0
46	225	169	170
46	226	181	182
46	227	0	0
46	228	277	278
46	229	130	131
46	230	160	161
46	231	191	192
46	232	208	209
46	233	0	0
46	234	0	0
46	235	298	299
46	236	259	260
46	237	130	131
46	238	0	0
46	239	0	0
46	240	264	265
46	241	254	255
46	242	123	124
46	243	106	107
46	244	235	236
46	245	0	0
46	246	0	0
46	247	109	110
46	248	144	145
46	249	0	0
46	250	0	0
46	251	174	175
46	252	0	0
46	253	0	0
46	254	0	0
46	255	0	0
46	256	134	135
46	257	212	213
46	258	238	239
46	259	0	0
46	260	0	0
46	261	179	180
46	262	0	0
46	263	0	0
46	264	0	0
46	265	0	0
46	266	208	209
46	267	0	0
46	268	0	0
46	269	208	209
46	270	64	65
46	271	172	173
46	272	240	241
46	273	123	124
46	274	0	0
46	275	0	0
46	276	104	105
46	277	0	0
46	278	0	0
46	279	0	0
46	280	282	283
46	281	223	224
46	282	288	289
46	283	0	0
46	284	80	81
46	285	174	175
46	286	249	250
46	287	196	197
46	288	0	0
46	289	0	0
46	290	181	182
46	291	235	236
46	292	0	0
46	293	0	0
46	294	277	278
46	295	264	265
46	296	155	156
46	297	227	228
46	298	0	0
46	299	0	0
46	300	104	105
