29	1	0	0
29	2	1	3
29	3	0	0
29	4	1	3
29	5	1	3
29	6	1	3
29	7	2	8
29	8	10	11
29	9	2	8
29	10	0	0
29	11	0	0
29	12	2	8
29	13	7	14
29	14	27	28
29	15	2	8
29	16	7	14
29	17	10	11
29	18	7	14
29	19	10	11
29	20	7	14
29	21	10	11
29	22	13	23
29	23	42	43
29	24	13	23
29	25	13	23
29	26	13	23
29	27	40	41
29	28	51	52
29	29	22	30
29	30	62	63
29	31	27	28
29	32	29	33
29	33	72	73
29	34	32	35
29	35	48	49
29	36	29	33
29	37	22	30
29	38	22	30
29	39	22	30
29	40	0	0
29	41	0	0
29	42	45	46
29	43	84	85
29	44	32	35
29	45	216	217
29	46	152	153
29	47	32	35
29	48	56	57
29	49	53	54
29	50	29	33
29	51	0	0
29	52	0	0
29	53	82	83
29	54	58	59
29	55	27	28
29	56	251	252
29	57	100	101
29	58	65	66
29	59	162	163
29	60	58	59
29	61	45	46
29	62	261	262
29	63	78	79
29	64	58	59
29	65	0	0
29	66	173	174
29	67	27	28
29	68	53	54
29	69	48	49
29	70	56	57
29	71	48	49
29	72	87	88
29	73	129	130
29	74	51	52
29	75	62	63
29	76	48	49
29	77	72	73
29	78	138	139
29	79	171	172
29	80	45	46
29	81	78	79
29	82	90	91
29	83	102	103
29	84	184	185
29	85	241	242
29	86	40	41
29	87	96	97
29	88	167	168
29	89	78	79
29	90	188	189
29	91	93	94
29	92	45	46
29	93	178	179
29	94	98	99
29	95	65	66
29	96	131	132
29	97	118	119
29	98	0	0
29	99	0	0
29	100	0	0
29	101	233	234
29	102	203	204
29	103	126	127
29	104	51	52
29	105	34	106
29	106	218	219
29	107	65	66
29	108	102	103
29	109	58	59
29	110	56	57
29	111	87	88
29	112	42	43
29	113	82	83
29	114	102	103
29	115	87	88
29	116	65	66
29	117	96	97
29	118	0	0
29	119	122	123
29	120	62	63
29	121	102	103
29	122	0	0
29	123	0	0
29	124	118	119
29	125	100	101
29	126	200	201
29	127	141	142
29	128	29	33
29	129	175	176
29	130	148	149
29	131	0	0
29	132	0	0
29	133	84	85
29	134	126	127
29	135	42	43
29	136	96	97
29	137	56	57
29	138	186	187
29	139	144	145
29	140	122	123
29	141	0	0
29	142	0	0
29	143	51	52
29	144	0	0
29	145	0	0
29	146	62	63
29	147	141	142
29	148	0	0
29	149	208	209
29	150	100	101
29	151	84	85
29	152	0	0
29	153	0	0
29	154	82	83
29	155	118	119
29	156	82	83
29	157	118	119
29	158	96	97
29	159	98	99
29	160	34	106
29	161	144	145
29	162	0	0
29	163	288	289
29	164	100	101
29	165	141	142
29	166	87	88
29	167	180	181
29	168	249	250
29	169	138	139
29	170	148	149
29	171	246	247
29	172	220	221
29	173	0	0
29	174	190	191
29	175	290	291
29	176	257	258
29	177	131	132
29	178	0	0
29	179	0	0
29	180	268	269
29	181	0	0
29	182	175	176
29	183	129	130
29	184	0	0
29	185	0	0
29	186	0	0
29	187	0	0
29	188	243	244
29	189	0	0
29	190	0	0
29	191	0	0
29	192	167	168
29	193	122	123
29	194	122	123
29	195	167	168
29	196	178	179
29	197	93	94
29	198	32	35
29	199	78	79
29	200	0	0
29	201	0	0
29	202	144	145
29	203	231	232
29	204	226	227
29	205	53	54
29	206	203	204
29	207	188	189
29	208	0	0
29	209	279	280
29	210	126	127
29	211	93	94
29	212	72	73
29	213	42	43
29	214	34	106
29	215	144	145
29	216	0	0
29	217	0	0
29	218	0	0
29	219	0	0
29	220	0	0
29	221	0	0
29	222	98	99
29	223	131	132
29	224	200	201
29	225	216	217
29	226	0	0
29	227	0	0
29	228	131	132
29	229	105	230
29	230	0	0
29	231	0	0
29	232	0	0
29	233	297	298
29	234	263	264
29	235	84	85
29	236	126	127
29	237	218	219
29	238	90	91
29	239	226	227
29	240	34	106
29	241	0	0
29	242	0	0
29	243	0	0
29	244	0	0
29	245	40	41
29	246	0	0
29	247	0	0
29	248	162	163
29	249	0	0
29	250	0	0
29	251	0	0
29	252	0	0
29	253	141	142
29	254	246	247
29	255	129	130
29	256	105	230
29	257	0	0
29	258	0	0
29	259	251	252
29	260	167	168
29	261	0	0
29	262	270	271
29	263	0	0
29	264	0	0
29	265	218	219
29	266	226	227
29	267	72	73
29	268	0	0
29	269	0	0
29	270	295	296
29	271	0	0
29	272	200	201
29	273	188	189
29	274	216	217
29	275	251	252
29	276	226	227
29	277	180	181
29	278	98	99
29	279	0	0
29	280	0	0
29	281	220	221
29	282	138	139
29	283	251	252
29	284	171	172
29	285	148	149
29	286	200	201
29	287	53	54
29	288	0	0
29	289	0	0
29	290	0	0
29	291	0	0
29	292	257	258
29	293	216	217
29	294	162	163
29	295	0	0
29	296	0	0
29	297	0	0
29	298	0	0
29	299	171	172
29	300	243	244
