11	1	0	0
11	2	1	3
11	3	0	0
11	4	2	5
11	5	6	7
11	6	0	0
11	7	0	0
11	8	1	3
11	9	1	3
11	10	1	3
11	11	2	5
11	12	2	5
11	13	2	5
11	14	6	7
11	15	6	7
11	16	4	17
11	17	170	171
11	18	6	7
11	19	16	20
11	20	27	28
11	21	19	22
11	22	23	24
11	23	60	61
11	24	40	41
11	25	19	22
11	26	4	17
11	27	213	214
11	28	30	31
11	29	27	28
11	30	34	35
11	31	79	80
11	32	4	17
11	33	23	24
11	34	0	0
11	35	0	0
11	36	34	35
11	37	30	31
11	38	21	39
11	39	161	162
11	40	51	52
11	41	122	123
11	42	40	41
11	43	38	44
11	44	49	50
11	45	27	28
11	46	4	17
11	47	19	22
11	48	23	24
11	49	73	74
11	50	65	66
11	51	54	55
11	52	81	82
11	53	19	22
11	54	0	0
11	55	0	0
11	56	49	50
11	57	54	55
11	58	54	55
11	59	51	52
11	60	67	68
11	61	86	87
11	62	60	61
11	63	27	28
11	64	38	44
11	65	141	142
11	66	93	94
11	67	71	72
11	68	83	84
11	69	30	31
11	70	40	41
11	71	0	0
11	72	0	0
11	73	96	97
11	74	98	99
11	75	38	44
11	76	34	35
11	77	23	24
11	78	67	68
11	79	0	0
11	80	0	0
11	81	0	0
11	82	0	0
11	83	0	0
11	84	0	0
11	85	54	55
11	86	301	302
11	87	116	117
11	88	34	35
11	89	67	68
11	90	40	41
11	91	83	84
11	92	67	68
11	93	114	115
11	94	154	155
11	95	21	39
11	96	120	121
11	97	284	285
11	98	118	119
11	99	125	126
11	100	16	20
11	101	93	94
11	102	79	80
11	103	30	31
11	104	16	20
11	105	65	66
11	106	96	97
11	107	49	50
11	108	16	20
11	109	93	94
11	110	79	80
11	111	96	97
11	112	98	99
11	113	49	50
11	114	130	131
11	115	209	210
11	116	0	0
11	117	0	0
11	118	127	128
11	119	163	164
11	120	219	220
11	121	181	182
11	122	336	337
11	123	194	195
11	124	38	44
11	125	303	304
11	126	147	148
11	127	132	133
11	128	269	270
11	129	83	84
11	130	136	137
11	131	207	208
11	132	0	0
11	133	0	0
11	134	51	52
11	135	21	39
11	136	0	0
11	137	0	0
11	138	96	97
11	139	65	66
11	140	86	87
11	141	157	158
11	142	176	177
11	143	65	66
11	144	130	131
11	145	130	131
11	146	98	99
11	147	271	272
11	148	204	205
11	149	132	133
11	150	21	39
11	151	132	133
11	152	71	72
11	153	86	87
11	154	382	383
11	155	312	313
11	156	116	117
11	157	240	241
11	158	360	361
11	159	157	158
11	160	157	158
11	161	277	278
11	162	236	237
11	163	247	248
11	164	378	379
11	165	127	128
11	166	130	131
11	167	93	94
11	168	98	99
11	169	120	121
11	170	334	335
11	171	322	323
11	172	51	52
11	173	43	174
11	174	187	188
11	175	114	115
11	176	314	315
11	177	243	244
11	178	79	80
11	179	43	174
11	180	83	84
11	181	226	227
11	182	199	200
11	183	60	61
11	184	116	117
11	185	71	72
11	186	176	177
11	187	328	329
11	188	357	358
11	189	81	82
11	190	127	128
11	191	147	148
11	192	187	188
11	193	43	174
11	194	0	0
11	195	0	0
11	196	136	137
11	197	127	128
11	198	118	119
11	199	0	0
11	200	0	0
11	201	71	72
11	202	154	155
11	203	170	171
11	204	0	0
11	205	0	0
11	206	157	158
11	207	0	0
11	208	0	0
11	209	294	295
11	210	364	365
11	211	199	200
11	212	141	142
11	213	258	259
11	214	0	0
11	215	116	117
11	216	118	119
11	217	163	164
11	218	181	182
11	219	291	292
11	220	0	0
11	221	132	133
11	222	199	200
11	223	194	195
11	224	163	164
11	225	199	200
11	226	0	0
11	227	0	0
11	228	176	177
11	229	86	87
11	230	181	182
11	231	136	137
11	232	114	115
11	233	170	171
11	234	204	205
11	235	81	82
11	236	297	298
11	237	0	0
11	238	161	162
11	239	163	164
11	240	409	410
11	241	343	344
11	242	114	115
11	243	256	257
11	244	338	339
11	245	207	208
11	246	207	208
11	247	0	0
11	248	0	0
11	249	161	162
11	250	226	227
11	251	209	210
11	252	236	237
11	253	236	237
11	254	176	177
11	255	181	182
11	256	0	0
11	257	0	0
11	258	0	0
11	259	0	0
11	260	141	142
11	261	209	210
11	262	187	188
11	263	170	171
11	264	120	121
11	265	154	155
11	266	125	126
11	267	256	257
11	268	258	259
11	269	0	0
11	270	0	0
11	271	0	0
11	272	0	0
11	273	243	244
11	274	236	237
11	275	269	270
11	276	60	61
11	277	353	354
11	278	489	490
11	279	243	244
11	280	219	220
11	281	187	188
11	282	269	270
11	283	73	74
11	284	351	352
11	285	330	331
11	286	154	155
11	287	219	220
11	288	258	259
11	289	219	220
11	290	269	270
11	291	0	0
11	292	0	0
11	293	120	121
11	294	0	0
11	295	0	0
11	296	271	272
11	297	0	0
11	298	431	432
11	299	247	248
11	300	297	298
11	301	0	0
11	302	0	0
11	303	449	450
11	304	326	327
11	305	141	142
11	306	147	148
11	307	240	241
11	308	161	162
11	309	122	123
11	310	122	123
11	311	43	174
11	312	0	0
11	313	496	497
11	314	375	376
11	315	0	0
11	316	147	148
11	317	194	195
11	318	301	302
11	319	207	208
11	320	173	321
11	321	446	447
11	322	0	0
11	323	0	0
11	324	125	126
11	325	291	292
11	326	0	0
11	327	0	0
11	328	461	462
11	329	396	397
11	330	0	0
11	331	439	440
11	332	322	323
11	333	240	241
11	334	0	0
11	335	0	0
11	336	0	0
11	337	0	0
11	338	0	0
11	339	0	0
11	340	328	329
11	341	204	205
11	342	256	257
11	343	0	0
11	344	0	0
11	345	258	259
11	346	314	315
11	347	294	295
11	348	243	244
11	349	136	137
11	350	314	315
11	351	0	0
11	352	0	0
11	353	402	403
11	354	369	370
11	355	247	248
11	356	334	335
11	357	413	414
11	358	429	430
11	359	125	126
11	360	0	0
11	361	0	0
11	362	326	327
11	363	118	119
11	364	0	0
11	365	0	0
11	366	277	278
11	367	364	365
11	368	301	302
11	369	0	0
11	370	0	0
11	371	303	304
11	372	320	373
11	373	466	467
11	374	271	272
11	375	0	0
11	376	0	0
11	377	204	205
11	378	0	0
11	379	0	0
11	380	209	210
11	381	328	329
11	382	475	476
11	383	0	0
11	384	226	227
11	385	291	292
11	386	240	241
11	387	312	313
11	388	328	329
11	389	73	74
11	390	294	295
11	391	320	373
11	392	312	313
11	393	353	354
11	394	338	339
11	395	271	272
11	396	0	0
11	397	418	419
11	398	314	315
11	399	378	379
11	400	396	397
11	401	277	278
11	402	491	492
11	403	0	0
11	404	336	337
11	405	369	370
11	406	226	227
11	407	81	82
11	408	357	358
11	409	0	0
11	410	0	0
11	411	297	298
11	412	277	278
11	413	0	0
11	414	0	0
11	415	291	292
11	416	409	410
11	417	364	365
11	418	499	500
11	419	464	465
11	420	369	370
11	421	301	302
11	422	343	344
11	423	413	414
11	424	330	331
11	425	338	339
11	426	256	257
11	427	338	339
11	428	413	414
11	429	0	0
11	430	486	487
11	431	0	0
11	432	0	0
11	433	402	403
11	434	382	383
11	435	413	414
11	436	396	397
11	437	429	430
11	438	382	383
11	439	0	0
11	440	0	0
11	441	375	376
11	442	297	298
11	443	336	337
11	444	343	344
11	445	330	331
11	446	0	0
11	447	453	454
11	448	213	214
11	449	0	0
11	450	0	0
11	451	353	354
11	452	439	440
11	453	470	471
11	454	468	469
11	455	446	447
11	456	357	358
11	457	326	327
11	458	351	352
11	459	247	248
11	460	320	373
11	461	0	0
11	462	493	494
11	463	326	327
11	464	483	484
11	465	0	0
11	466	0	0
11	467	0	0
11	468	0	0
11	469	0	0
11	470	0	0
11	471	0	0
11	472	73	74
11	473	429	430
11	474	320	373
11	475	0	0
11	476	0	0
11	477	446	447
11	478	439	440
11	479	312	313
11	480	431	432
11	481	466	467
11	482	357	358
11	483	0	0
11	484	0	0
11	485	461	462
11	486	0	0
11	487	0	0
11	488	486	487
11	489	0	0
11	490	0	0
11	491	0	0
11	492	0	0
11	493	0	0
11	494	0	0
11	495	322	323
11	496	0	0
11	497	0	0
11	498	431	432
11	499	0	0
11	500	0	0
