23	1	0	0
23	2	1	3
23	3	0	0
23	4	1	3
23	5	2	6
23	6	8	9
23	7	1	3
23	8	0	0
23	9	0	0
23	10	2	6
23	11	1	3
23	12	5	13
23	13	20	21
23	14	2	6
23	15	5	13
23	16	12	17
23	17	22	23
23	18	8	9
23	19	8	9
23	20	62	63
23	21	40	41
23	22	45	46
23	23	31	32
23	24	5	13
23	25	20	21
23	26	8	9
23	27	5	13
23	28	22	23
23	29	2	6
23	30	12	17
23	31	37	38
23	32	33	34
23	33	0	0
23	34	0	0
23	35	33	34
23	36	22	23
23	37	0	0
23	38	0	0
23	39	20	21
23	40	0	0
23	41	0	0
23	42	40	41
23	43	20	21
23	44	22	23
23	45	100	101
23	46	0	0
23	47	33	34
23	48	45	46
23	49	16	50
23	50	77	78
23	51	40	41
23	52	37	38
23	53	31	32
23	54	31	32
23	55	37	38
23	56	33	34
23	57	37	38
23	58	45	46
23	59	45	46
23	60	31	32
23	61	12	17
23	62	0	0
23	63	0	0
23	64	12	17
23	65	62	63
23	66	49	67
23	67	81	82
23	68	62	63
23	69	49	67
23	70	40	41
23	71	62	63
23	72	49	67
23	73	49	67
23	74	16	50
23	75	66	76
23	76	86	87
23	77	111	112
23	78	79	80
23	79	84	85
23	80	167	168
23	81	213	214
23	82	90	91
23	83	66	76
23	84	116	117
23	85	162	163
23	86	154	155
23	87	96	97
23	88	86	87
23	89	84	85
23	90	104	105
23	91	119	120
23	92	90	91
23	93	66	76
23	94	90	91
23	95	90	91
23	96	170	171
23	97	109	110
23	98	16	50
23	99	77	78
23	100	0	0
23	101	0	0
23	102	86	87
23	103	100	101
23	104	177	178
23	105	159	160
23	106	81	82
23	107	79	80
23	108	96	97
23	109	0	0
23	110	128	129
23	111	113	114
23	112	237	238
23	113	124	125
23	114	271	272
23	115	109	110
23	116	0	0
23	117	0	0
23	118	77	78
23	119	140	141
23	120	144	145
23	121	77	78
23	122	79	80
23	123	113	114
23	124	0	0
23	125	0	0
23	126	16	50
23	127	84	85
23	128	148	149
23	129	137	138
23	130	75	131
23	131	185	186
23	132	66	76
23	133	79	80
23	134	128	129
23	135	128	129
23	136	84	85
23	137	277	278
23	138	174	175
23	139	116	117
23	140	234	235
23	141	142	143
23	142	0	0
23	143	0	0
23	144	298	299
23	145	242	243
23	146	104	105
23	147	128	129
23	148	156	157
23	149	217	218
23	150	140	141
23	151	75	131
23	152	116	117
23	153	144	145
23	154	196	197
23	155	192	193
23	156	0	0
23	157	0	0
23	158	154	155
23	159	165	166
23	160	203	204
23	161	148	149
23	162	0	0
23	163	0	0
23	164	100	101
23	165	0	0
23	166	0	0
23	167	0	0
23	168	219	220
23	169	142	143
23	170	0	0
23	171	198	199
23	172	167	168
23	173	148	149
23	174	0	0
23	175	0	0
23	176	159	160
23	177	188	189
23	178	0	0
23	179	165	166
23	180	142	143
23	181	96	97
23	182	100	101
23	183	137	138
23	184	162	163
23	185	0	0
23	186	286	287
23	187	174	175
23	188	0	0
23	189	0	0
23	190	119	120
23	191	140	141
23	192	247	248
23	193	240	241
23	194	137	138
23	195	144	145
23	196	0	0
23	197	0	0
23	198	0	0
23	199	231	232
23	200	170	171
23	201	198	199
23	202	198	199
23	203	0	0
23	204	0	0
23	205	156	157
23	206	86	87
23	207	203	204
23	208	198	199
23	209	119	120
23	210	170	171
23	211	142	143
23	212	156	157
23	213	261	262
23	214	279	280
23	215	124	125
23	216	156	157
23	217	0	0
23	218	0	0
23	219	0	0
23	220	0	0
23	221	148	149
23	222	137	138
23	223	109	110
23	224	188	189
23	225	165	166
23	226	219	220
23	227	130	228
23	228	290	291
23	229	162	163
23	230	144	145
23	231	0	0
23	232	245	246
23	233	192	193
23	234	0	0
23	235	0	0
23	236	188	189
23	237	0	0
23	238	0	0
23	239	188	189
23	240	0	0
23	241	258	259
23	242	0	0
23	243	0	0
23	244	75	131
23	245	0	0
23	246	0	0
23	247	0	0
23	248	296	297
23	249	203	204
23	250	245	246
23	251	242	243
23	252	111	112
23	253	104	105
23	254	192	193
23	255	240	241
23	256	130	228
23	257	231	232
23	258	0	0
23	259	0	0
23	260	116	117
23	261	0	0
23	262	282	283
23	263	159	160
23	264	167	168
23	265	109	110
23	266	154	155
23	267	159	160
23	268	261	262
23	269	170	171
23	270	231	232
23	271	0	0
23	272	0	0
23	273	81	82
23	274	261	262
23	275	154	155
23	276	234	235
23	277	0	0
23	278	0	0
23	279	0	0
23	280	0	0
23	281	231	232
23	282	0	0
23	283	0	0
23	284	174	175
23	285	165	166
23	286	0	0
23	287	0	0
23	288	119	120
23	289	242	243
23	290	0	0
23	291	0	0
23	292	282	283
23	293	174	175
23	294	217	218
23	295	203	204
23	296	0	0
23	297	0	0
23	298	0	0
23	299	0	0
23	300	124	125
