26	1	0	0
26	2	1	3
26	3	0	0
26	4	1	3
26	5	2	6
26	6	7	8
26	7	0	0
26	8	0	0
26	9	2	6
26	10	2	6
26	11	2	6
26	12	1	3
26	13	5	14
26	14	38	39
26	15	5	14
26	16	7	8
26	17	1	3
26	18	7	8
26	19	5	14
26	20	5	14
26	21	13	22
26	22	36	37
26	23	13	22
26	24	7	8
26	25	21	26
26	26	48	49
26	27	13	22
26	28	21	26
26	29	25	30
26	30	86	87
26	31	25	30
26	32	21	26
26	33	25	30
26	34	13	22
26	35	25	30
26	36	53	54
26	37	46	47
26	38	40	41
26	39	51	52
26	40	0	0
26	41	0	0
26	42	36	37
26	43	21	26
26	44	36	37
26	45	40	41
26	46	72	73
26	47	176	177
26	48	64	65
26	49	70	71
26	50	36	37
26	51	0	0
26	52	0	0
26	53	115	116
26	54	89	90
26	55	53	54
26	56	40	41
26	57	46	47
26	58	40	41
26	59	38	39
26	60	38	39
26	61	51	52
26	62	38	39
26	63	51	52
26	64	159	160
26	65	367	368
26	66	48	49
26	67	53	54
26	68	64	65
26	69	51	52
26	70	78	79
26	71	128	129
26	72	0	0
26	73	0	0
26	74	29	75
26	75	98	99
26	76	72	73
26	77	48	49
26	78	95	96
26	79	82	83
26	80	70	71
26	81	64	65
26	82	0	0
26	83	0	0
26	84	70	71
26	85	48	49
26	86	105	106
26	87	110	111
26	88	78	79
26	89	0	0
26	90	0	0
26	91	64	65
26	92	53	54
26	93	89	90
26	94	89	90
26	95	0	0
26	96	0	0
26	97	78	79
26	98	169	170
26	99	149	150
26	100	86	87
26	101	74	102
26	102	123	124
26	103	78	79
26	104	95	96
26	105	125	126
26	106	147	148
26	107	74	102
26	108	86	87
26	109	105	106
26	110	134	135
26	111	112	113
26	112	317	318
26	113	151	152
26	114	110	111
26	115	0	0
26	116	0	0
26	117	112	113
26	118	74	102
26	119	46	47
26	120	115	116
26	121	105	106
26	122	95	96
26	123	256	257
26	124	184	185
26	125	221	222
26	126	167	168
26	127	98	99
26	128	138	139
26	129	162	163
26	130	89	90
26	131	29	75
26	132	125	126
26	133	95	96
26	134	279	280
26	135	140	141
26	136	110	111
26	137	115	116
26	138	0	0
26	139	0	0
26	140	303	304
26	141	275	276
26	142	115	116
26	143	72	73
26	144	70	71
26	145	98	99
26	146	112	113
26	147	234	235
26	148	164	165
26	149	153	154
26	150	399	400
26	151	259	260
26	152	386	387
26	153	431	432
26	154	282	283
26	155	147	148
26	156	151	152
26	157	101	158
26	158	195	196
26	159	271	272
26	160	181	182
26	161	149	150
26	162	0	0
26	163	0	0
26	164	172	173
26	165	246	247
26	166	72	73
26	167	188	189
26	168	224	225
26	169	277	278
26	170	193	194
26	171	164	165
26	172	0	0
26	173	0	0
26	174	149	150
26	175	74	102
26	176	0	0
26	177	0	0
26	178	29	75
26	179	110	111
26	180	172	173
26	181	0	0
26	182	0	0
26	183	82	83
26	184	217	218
26	185	814	815
26	186	134	135
26	187	167	168
26	188	0	0
26	189	0	0
26	190	82	83
26	191	101	158
26	192	147	148
26	193	0	0
26	194	251	252
26	195	421	422
26	196	228	229
26	197	164	165
26	198	193	194
26	199	151	152
26	200	125	126
26	201	169	170
26	202	128	129
26	203	101	158
26	204	101	158
26	205	162	163
26	206	159	160
26	207	188	189
26	208	188	189
26	209	128	129
26	210	82	83
26	211	46	47
26	212	195	196
26	213	128	129
26	214	29	75
26	215	176	177
26	216	149	150
26	217	243	244
26	218	321	322
26	219	125	126
26	220	138	139
26	221	521	522
26	222	297	298
26	223	195	196
26	224	0	0
26	225	0	0
26	226	123	124
26	227	217	218
26	228	616	617
26	229	240	241
26	230	86	87
26	231	176	177
26	232	195	196
26	233	105	106
26	234	864	865
26	235	407	408
26	236	157	237
26	237	238	239
26	238	779	780
26	239	314	315
26	240	829	830
26	241	267	268
26	242	238	239
26	243	364	365
26	244	347	348
26	245	151	152
26	246	0	0
26	247	0	0
26	248	184	185
26	249	164	165
26	250	246	247
26	251	459	460
26	252	331	332
26	253	138	139
26	254	217	218
26	255	176	177
26	256	401	402
26	257	508	509
26	258	172	173
26	259	0	0
26	260	0	0
26	261	167	168
26	262	221	222
26	263	157	237
26	264	134	135
26	265	228	229
26	266	188	189
26	267	295	296
26	268	356	357
26	269	228	229
26	270	246	247
26	271	0	0
26	272	0	0
26	273	98	99
26	274	240	241
26	275	0	0
26	276	0	0
26	277	286	287
26	278	562	563
26	279	325	326
26	280	342	343
26	281	140	141
26	282	305	306
26	283	291	292
26	284	240	241
26	285	159	160
26	286	481	482
26	287	352	353
26	288	236	289
26	289	311	312
26	290	243	244
26	291	383	384
26	292	781	782
26	293	181	182
26	294	162	163
26	295	0	0
26	296	604	605
26	297	0	0
26	298	0	0
26	299	221	222
26	300	251	252
26	301	153	154
26	302	224	225
26	303	0	0
26	304	0	0
26	305	377	378
26	306	496	497
26	307	221	222
26	308	305	306
26	309	277	278
26	310	159	160
26	311	411	412
26	312	724	725
26	313	181	182
26	314	524	525
26	315	389	390
26	316	267	268
26	317	0	0
26	318	671	672
26	319	172	173
26	320	279	280
26	321	362	363
26	322	344	345
26	323	291	292
26	324	138	139
26	325	0	0
26	326	0	0
26	327	314	315
26	328	153	154
26	329	256	257
26	330	325	326
26	331	354	355
26	332	442	443
26	333	291	292
26	334	234	235
26	335	321	322
26	336	228	229
26	337	286	287
26	338	251	252
26	339	184	185
26	340	321	322
26	341	193	194
26	342	0	0
26	343	0	0
26	344	360	361
26	345	437	438
26	346	153	154
26	347	783	784
26	348	464	465
26	349	277	278
26	350	325	326
26	351	295	296
26	352	970	971
26	353	534	535
26	354	0	0
26	355	0	0
26	356	597	598
26	357	369	370
26	358	279	280
26	359	277	278
26	360	565	566
26	361	500	501
26	362	0	0
26	363	548	549
26	364	488	489
26	365	393	394
26	366	184	185
26	367	704	705
26	368	427	428
26	369	510	511
26	370	894	895
26	371	256	257
26	372	369	370
26	373	367	368
26	374	369	370
26	375	147	148
26	376	169	170
26	377	0	0
26	378	0	0
26	379	134	135
26	380	311	312
26	381	217	218
26	382	224	225
26	383	0	0
26	384	0	0
26	385	305	306
26	386	0	0
26	387	0	0
26	388	234	235
26	389	446	447
26	390	937	938
26	391	360	361
26	392	234	235
26	393	517	518
26	394	477	478
26	395	224	225
26	396	311	312
26	397	305	306
26	398	169	170
26	399	667	668
26	400	0	0
26	401	439	440
26	402	418	419
26	403	291	292
26	404	399	400
26	405	321	322
26	406	393	394
26	407	0	0
26	408	0	0
26	409	193	194
26	410	123	124
26	411	610	611
26	412	479	480
26	413	347	348
26	414	157	237
26	415	325	326
26	416	401	402
26	417	393	394
26	418	0	0
26	419	759	760
26	420	295	296
26	421	434	435
26	422	424	425
26	423	259	260
26	424	619	620
26	425	526	527
26	426	364	365
26	427	0	0
26	428	0	0
26	429	331	332
26	430	311	312
26	431	0	0
26	432	556	557
26	433	259	260
26	434	0	0
26	435	0	0
26	436	246	247
26	437	469	470
26	438	993	994
26	439	542	543
26	440	474	475
26	441	279	280
26	442	0	0
26	443	0	0
26	444	421	422
26	445	418	419
26	446	737	738
26	447	454	455
26	448	386	387
26	449	267	268
26	450	401	402
26	451	162	163
26	452	421	422
26	453	360	361
26	454	536	537
26	455	726	727
26	456	181	182
26	457	362	363
26	458	240	241
26	459	0	0
26	460	827	828
26	461	354	355
26	462	303	304
26	463	393	394
26	464	540	541
26	465	856	857
26	466	317	318
26	467	383	384
26	468	267	268
26	469	0	0
26	470	0	0
26	471	271	272
26	472	123	124
26	473	424	425
26	474	485	486
26	475	571	572
26	476	112	113
26	477	0	0
26	478	0	0
26	479	515	516
26	480	645	646
26	481	588	589
26	482	579	580
26	483	243	244
26	484	367	368
26	485	0	0
26	486	768	769
26	487	434	435
26	488	519	520
26	489	748	749
26	490	427	428
26	491	238	239
26	492	383	384
26	493	424	425
26	494	377	378
26	495	167	168
26	496	0	0
26	497	0	0
26	498	347	348
26	499	344	345
26	500	0	0
26	501	0	0
26	502	157	237
26	503	459	460
26	504	442	443
26	505	259	260
26	506	479	480
26	507	282	283
26	508	552	553
26	509	632	633
26	510	806	807
26	511	0	0
26	512	434	435
26	513	418	419
26	514	479	480
26	515	0	0
26	516	888	889
26	517	0	0
26	518	0	0
26	519	0	0
26	520	0	0
26	521	0	0
26	522	0	0
26	523	496	497
26	524	554	555
26	525	0	0
26	526	825	826
26	527	532	533
26	528	352	353
26	529	481	482
26	530	369	370
26	531	354	355
26	532	673	674
26	533	794	795
26	534	0	0
26	535	0	0
26	536	585	586
26	537	812	813
26	538	271	272
26	539	399	400
26	540	0	0
26	541	0	0
26	542	843	844
26	543	0	0
26	544	401	402
26	545	295	296
26	546	442	443
26	547	347	348
26	548	577	578
26	549	866	867
26	550	386	387
26	551	508	509
26	552	636	637
26	553	762	763
26	554	788	789
26	555	652	653
26	556	858	859
26	557	0	0
26	558	536	537
26	559	519	520
26	560	418	419
26	561	496	497
26	562	0	0
26	563	0	0
26	564	407	408
26	565	0	0
26	566	0	0
26	567	424	425
26	568	286	287
26	569	140	141
26	570	286	287
26	571	600	601
26	572	708	709
26	573	571	572
26	574	442	443
26	575	500	501
26	576	383	384
26	577	0	0
26	578	0	0
26	579	0	0
26	580	0	0
26	581	519	520
26	582	532	533
26	583	288	584
26	584	941	942
26	585	750	751
26	586	774	775
26	587	389	390
26	588	0	0
26	589	0	0
26	590	352	353
26	591	524	525
26	592	427	428
26	593	344	345
26	594	577	578
26	595	477	478
26	596	140	141
26	597	752	753
26	598	660	661
26	599	288	584
26	600	0	0
26	601	0	0
26	602	496	497
26	603	367	368
26	604	0	0
26	605	685	686
26	606	481	482
26	607	303	304
26	608	411	412
26	609	556	557
26	610	730	731
26	611	732	733
26	612	556	557
26	613	474	475
26	614	579	580
26	615	437	438
26	616	0	0
26	617	808	809
26	618	488	489
26	619	647	648
26	620	0	0
26	621	236	289
26	622	317	318
26	623	437	438
26	624	588	589
26	625	588	589
26	626	579	580
26	627	431	432
26	628	236	289
26	629	588	589
26	630	411	412
26	631	521	522
26	632	0	0
26	633	874	875
26	634	619	620
26	635	474	475
26	636	669	670
26	637	654	655
26	638	331	332
26	639	297	298
26	640	389	390
26	641	271	272
26	642	532	533
26	643	256	257
26	644	521	522
26	645	699	700
26	646	0	0
26	647	696	697
26	648	850	851
26	649	464	465
26	650	459	460
26	651	632	633
26	652	981	982
26	653	986	987
26	654	664	665
26	655	0	0
26	656	352	353
26	657	532	533
26	658	344	345
26	659	500	501
26	660	675	676
26	661	0	0
26	662	552	553
26	663	488	489
26	664	0	0
26	665	0	0
26	666	477	478
26	667	0	0
26	668	0	0
26	669	764	765
26	670	0	0
26	671	0	0
26	672	0	0
26	673	0	0
26	674	0	0
26	675	0	0
26	676	0	0
26	677	389	390
26	678	577	578
26	679	669	670
26	680	479	480
26	681	500	501
26	682	407	408
26	683	604	605
26	684	536	537
26	685	854	855
26	686	869	870
26	687	464	465
26	688	464	465
26	689	616	617
26	690	652	653
26	691	439	440
26	692	517	518
26	693	297	298
26	694	647	648
26	695	431	432
26	696	756	757
26	697	0	0
26	698	251	252
26	699	0	0
26	700	0	0
26	701	459	460
26	702	364	365
26	703	521	522
26	704	0	0
26	705	0	0
26	706	360	361
26	707	236	289
26	708	0	0
26	709	0	0
26	710	427	428
26	711	600	601
26	712	673	674
26	713	571	572
26	714	386	387
26	715	667	668
26	716	554	555
26	717	303	304
26	718	421	422
26	719	619	620
26	720	667	668
26	721	331	332
26	722	515	516
26	723	604	605
26	724	0	0
26	725	0	0
26	726	0	0
26	727	0	0
26	728	477	478
26	729	354	355
26	730	0	0
26	731	0	0
26	732	741	742
26	733	0	0
26	734	667	668
26	735	297	298
26	736	288	584
26	737	0	0
26	738	821	822
26	739	407	408
26	740	356	357
26	741	0	0
26	742	890	891
26	743	726	727
26	744	243	244
26	745	610	611
26	746	399	400
26	747	562	563
26	748	0	0
26	749	0	0
26	750	0	0
26	751	0	0
26	752	791	792
26	753	834	835
26	754	645	646
26	755	737	738
26	756	898	899
26	757	0	0
26	758	752	753
26	759	0	0
26	760	0	0
26	761	756	757
26	762	0	0
26	763	839	840
26	764	0	0
26	765	0	0
26	766	364	365
26	767	282	283
26	768	0	0
26	769	0	0
26	770	488	489
26	771	748	749
26	772	356	357
26	773	524	525
26	774	0	0
26	775	0	0
26	776	282	283
26	777	768	769
26	778	439	440
26	779	0	0
26	780	0	0
26	781	0	0
26	782	0	0
26	783	0	0
26	784	0	0
26	785	515	516
26	786	556	557
26	787	275	276
26	788	841	842
26	789	883	884
26	790	434	435
26	791	0	0
26	792	0	0
26	793	708	709
26	794	0	0
26	795	0	0
26	796	669	670
26	797	275	276
26	798	515	516
26	799	671	672
26	800	356	357
26	801	437	438
26	802	583	803
26	803	0	0
26	804	565	566
26	805	756	757
26	806	0	0
26	807	0	0
26	808	0	0
26	809	0	0
26	810	632	633
26	811	752	753
26	812	0	0
26	813	0	0
26	814	0	0
26	815	932	933
26	816	759	760
26	817	377	378
26	818	534	535
26	819	579	580
26	820	524	525
26	821	0	0
26	822	923	924
26	823	597	598
26	824	377	378
26	825	877	878
26	826	0	0
26	827	0	0
26	828	0	0
26	829	0	0
26	830	836	837
26	831	632	633
26	832	685	686
26	833	536	537
26	834	0	0
26	835	0	0
26	836	0	0
26	837	846	847
26	838	762	763
26	839	914	915
26	840	0	0
26	841	0	0
26	842	0	0
26	843	956	957
26	844	0	0
26	845	647	648
26	846	0	0
26	847	0	0
26	848	474	475
26	849	788	789
26	850	0	0
26	851	902	903
26	852	808	809
26	853	752	753
26	854	0	0
26	855	0	0
26	856	0	0
26	857	0	0
26	858	0	0
26	859	0	0
26	860	834	835
26	861	664	665
26	862	275	276
26	863	619	620
26	864	0	0
26	865	0	0
26	866	0	0
26	867	0	0
26	868	704	705
26	869	0	0
26	870	0	0
26	871	808	809
26	872	741	742
26	873	485	486
26	874	0	0
26	875	0	0
26	876	597	598
26	877	0	0
26	878	879	880
26	879	953	954
26	880	0	0
26	881	314	315
26	882	439	440
26	883	0	0
26	884	0	0
26	885	604	605
26	886	808	809
26	887	748	749
26	888	0	0
26	889	0	0
26	890	0	0
26	891	0	0
26	892	542	543
26	893	726	727
26	894	0	0
26	895	905	906
26	896	540	541
26	897	768	769
26	898	0	0
26	899	0	0
26	900	238	239
26	901	517	518
26	902	0	0
26	903	0	0
26	904	825	826
26	905	0	0
26	906	0	0
26	907	669	670
26	908	905	906
26	909	850	851
26	910	764	765
26	911	839	840
26	912	750	751
26	913	636	637
26	914	0	0
26	915	0	0
26	916	843	844
26	917	562	563
26	918	288	584
26	919	902	903
26	920	869	870
26	921	654	655
26	922	362	363
26	923	0	0
26	924	925	926
26	925	0	0
26	926	0	0
26	927	774	775
26	928	652	653
26	929	874	875
26	930	856	857
26	931	610	611
26	932	0	0
26	933	0	0
26	934	597	598
26	935	708	709
26	936	774	775
26	937	0	0
26	938	0	0
26	939	783	784
26	940	654	655
26	941	0	0
26	942	967	968
26	943	342	343
26	944	923	924
26	945	577	578
26	946	905	906
26	947	737	738
26	948	510	511
26	949	846	847
26	950	883	884
26	951	877	878
26	952	654	655
26	953	0	0
26	954	0	0
26	955	914	915
26	956	0	0
26	957	0	0
26	958	583	803
26	959	411	412
26	960	841	842
26	961	583	803
26	962	806	807
26	963	508	509
26	964	779	780
26	965	856	857
26	966	671	672
26	967	0	0
26	968	0	0
26	969	877	878
26	970	0	0
26	971	0	0
26	972	888	889
26	973	768	769
26	974	956	957
26	975	704	705
26	976	923	924
26	977	510	511
26	978	781	782
26	979	540	541
26	980	732	733
26	981	0	0
26	982	0	0
26	983	827	828
26	984	762	763
26	985	548	549
26	986	0	0
26	987	0	0
26	988	699	700
26	989	888	889
26	990	856	857
26	991	562	563
26	992	652	653
26	993	0	0
26	994	0	0
26	995	874	875
26	996	843	844
26	997	953	954
26	998	748	749
26	999	446	447
26	1000	0	0
