40	1	0	0
40	2	1	3
40	3	0	0
40	4	1	3
40	5	2	6
40	6	9	10
40	7	1	3
40	8	2	6
40	9	0	0
40	10	0	0
40	11	9	10
40	12	1	3
40	13	9	10
40	14	5	15
40	15	47	48
40	16	14	17
40	17	57	58
40	18	2	6
40	19	2	6
40	20	9	10
40	21	5	15
40	22	16	23
40	23	26	27
40	24	14	17
40	25	5	15
40	26	45	46
40	27	35	36
40	28	22	29
40	29	126	127
40	30	14	17
40	31	26	27
40	32	5	15
40	33	14	17
40	34	22	29
40	35	85	86
40	36	55	56
40	37	22	29
40	38	35	36
40	39	22	29
40	40	16	23
40	41	35	36
40	42	26	27
40	43	35	36
40	44	26	27
40	45	265	266
40	46	50	51
40	47	81	82
40	48	65	66
40	49	16	23
40	50	128	129
40	51	106	107
40	52	16	23
40	53	50	51
40	54	50	51
40	55	97	98
40	56	59	60
40	57	62	63
40	58	130	131
40	59	0	0
40	60	0	0
40	61	50	51
40	62	90	91
40	63	78	79
40	64	55	56
40	65	0	0
40	66	0	0
40	67	45	46
40	68	47	48
40	69	62	63
40	70	55	56
40	71	57	58
40	72	57	58
40	73	45	46
40	74	28	75
40	75	76	77
40	76	113	114
40	77	156	157
40	78	0	0
40	79	0	0
40	80	47	48
40	81	0	0
40	82	0	0
40	83	28	75
40	84	81	82
40	85	118	119
40	86	87	88
40	87	0	0
40	88	0	0
40	89	59	60
40	90	0	0
40	91	0	0
40	92	59	60
40	93	87	88
40	94	28	75
40	95	90	91
40	96	55	56
40	97	0	0
40	98	0	0
40	99	78	79
40	100	85	86
40	101	85	86
40	102	57	58
40	103	62	63
40	104	78	79
40	105	28	75
40	106	0	0
40	107	0	0
40	108	65	66
40	109	85	86
40	110	59	60
40	111	76	77
40	112	90	91
40	113	140	141
40	114	133	134
40	115	45	46
40	116	97	98
40	117	47	48
40	118	0	0
40	119	0	0
40	120	62	63
40	121	113	114
40	122	78	79
40	123	81	82
40	124	81	82
40	125	106	107
40	126	251	252
40	127	135	136
40	128	0	0
40	129	0	0
40	130	190	191
40	131	245	246
40	132	87	88
40	133	176	177
40	134	278	279
40	135	180	181
40	136	138	139
40	137	90	91
40	138	152	153
40	139	268	269
40	140	224	225
40	141	143	144
40	142	126	127
40	143	154	155
40	144	253	254
40	145	128	129
40	146	87	88
40	147	140	141
40	148	118	119
40	149	118	119
40	150	65	66
40	151	143	144
40	152	166	167
40	153	161	162
40	154	192	193
40	155	164	165
40	156	232	233
40	157	170	171
40	158	74	159
40	159	200	201
40	160	135	136
40	161	0	0
40	162	0	0
40	163	118	119
40	164	0	0
40	165	0	0
40	166	0	0
40	167	0	0
40	168	166	167
40	169	135	136
40	170	0	0
40	171	301	302
40	172	128	129
40	173	97	98
40	174	140	141
40	175	74	159
40	176	0	0
40	177	276	277
40	178	176	177
40	179	176	177
40	180	202	203
40	181	392	393
40	182	97	98
40	183	130	131
40	184	126	127
40	185	176	177
40	186	164	165
40	187	113	114
40	188	74	159
40	189	164	165
40	190	0	0
40	191	0	0
40	192	0	0
40	193	0	0
40	194	65	66
40	195	113	114
40	196	154	155
40	197	140	141
40	198	154	155
40	199	170	171
40	200	320	321
40	201	204	205
40	202	375	376
40	203	226	227
40	204	0	0
40	205	377	378
40	206	158	207
40	207	241	242
40	208	133	134
40	209	152	153
40	210	200	201
40	211	204	205
40	212	200	201
40	213	143	144
40	214	200	201
40	215	133	134
40	216	152	153
40	217	180	181
40	218	106	107
40	219	164	165
40	220	74	159
40	221	154	155
40	222	143	144
40	223	130	131
40	224	336	337
40	225	288	289
40	226	0	0
40	227	0	0
40	228	224	225
40	229	138	139
40	230	226	227
40	231	158	207
40	232	286	287
40	233	315	316
40	234	190	191
40	235	180	181
40	236	158	207
40	237	152	153
40	238	166	167
40	239	170	171
40	240	138	139
40	241	0	0
40	242	270	271
40	243	180	181
40	244	130	131
40	245	0	0
40	246	0	0
40	247	135	136
40	248	190	191
40	249	202	203
40	250	156	157
40	251	262	263
40	252	312	313
40	253	329	330
40	254	290	291
40	255	170	171
40	256	232	233
40	257	161	162
40	258	126	127
40	259	156	157
40	260	166	167
40	261	190	191
40	262	0	0
40	263	280	281
40	264	202	203
40	265	0	0
40	266	283	284
40	267	251	252
40	268	272	273
40	269	304	305
40	270	294	295
40	271	307	308
40	272	0	0
40	273	0	0
40	274	226	227
40	275	192	193
40	276	0	0
40	277	403	404
40	278	369	370
40	279	379	380
40	280	0	0
40	281	0	0
40	282	106	107
40	283	0	0
40	284	0	0
40	285	278	279
40	286	365	366
40	287	344	345
40	288	0	0
40	289	298	299
40	290	0	0
40	291	0	0
40	292	280	281
40	293	262	263
40	294	332	333
40	295	0	0
40	296	128	129
40	297	265	266
40	298	0	0
40	299	0	0
40	300	270	271
40	301	0	0
40	302	386	387
40	303	270	271
40	304	0	0
40	305	0	0
40	306	133	134
40	307	367	368
40	308	0	0
40	309	253	254
40	310	202	203
40	311	268	269
40	312	0	0
40	313	352	353
40	314	262	263
40	315	0	0
40	316	322	323
40	317	192	193
40	318	76	77
40	319	298	299
40	320	0	0
40	321	338	339
40	322	431	432
40	323	362	363
40	324	280	281
40	325	76	77
40	326	251	252
40	327	270	271
40	328	278	279
40	329	0	0
40	330	0	0
40	331	268	269
40	332	426	427
40	333	359	360
40	334	241	242
40	335	268	269
40	336	429	430
40	337	0	0
40	338	408	409
40	339	435	436
40	340	336	337
40	341	161	162
40	342	158	207
40	343	245	246
40	344	468	469
40	345	0	0
40	346	278	279
40	347	138	139
40	348	262	263
40	349	280	281
40	350	336	337
40	351	315	316
40	352	0	0
40	353	355	356
40	354	329	330
40	355	0	0
40	356	0	0
40	357	320	321
40	358	322	323
40	359	405	406
40	360	0	0
40	361	272	273
40	362	0	0
40	363	0	0
40	364	245	246
40	365	490	491
40	366	0	0
40	367	0	0
40	368	395	396
40	369	381	382
40	370	384	385
40	371	298	299
40	372	369	370
40	373	367	368
40	374	276	277
40	375	0	0
40	376	0	0
40	377	0	0
40	378	438	439
40	379	0	0
40	380	460	461
40	381	0	0
40	382	0	0
40	383	298	299
40	384	0	0
40	385	0	0
40	386	0	0
40	387	411	412
40	388	362	363
40	389	272	273
40	390	156	157
40	391	251	252
40	392	414	415
40	393	0	0
40	394	288	289
40	395	423	424
40	396	0	0
40	397	362	363
40	398	315	316
40	399	395	396
40	400	384	385
40	401	386	387
40	402	161	162
40	403	0	0
40	404	0	0
40	405	0	0
40	406	421	422
40	407	403	404
40	408	451	452
40	409	0	0
40	410	332	333
40	411	0	0
40	412	0	0
40	413	395	396
40	414	0	0
40	415	0	0
40	416	312	313
40	417	359	360
40	418	377	378
40	419	377	378
40	420	411	412
40	421	0	0
40	422	0	0
40	423	466	467
40	424	433	434
40	425	392	393
40	426	464	465
40	427	495	496
40	428	294	295
40	429	0	0
40	430	0	0
40	431	0	0
40	432	0	0
40	433	454	455
40	434	0	0
40	435	477	478
40	436	0	0
40	437	329	330
40	438	0	0
40	439	448	449
40	440	276	277
40	441	338	339
40	442	315	316
40	443	355	356
40	444	431	432
40	445	288	289
40	446	421	422
40	447	344	345
40	448	0	0
40	449	0	0
40	450	232	233
40	451	0	0
40	452	0	0
40	453	365	366
40	454	0	0
40	455	0	0
40	456	312	313
40	457	253	254
40	458	294	295
40	459	386	387
40	460	0	0
40	461	0	0
40	462	454	455
40	463	322	323
40	464	0	0
40	465	0	0
40	466	0	0
40	467	474	475
40	468	0	0
40	469	0	0
40	470	426	427
40	471	206	472
40	472	0	0
40	473	408	409
40	474	0	0
40	475	0	0
40	476	320	321
40	477	0	0
40	478	0	0
40	479	460	461
40	480	395	396
40	481	460	461
40	482	411	412
40	483	344	345
40	484	438	439
40	485	403	404
40	486	471	487
40	487	0	0
40	488	367	368
40	489	206	472
40	490	0	0
40	491	0	0
40	492	369	370
40	493	288	289
40	494	283	284
40	495	0	0
40	496	0	0
40	497	332	333
40	498	464	465
40	499	495	496
40	500	338	339
