33	1	0	0
33	2	1	3
33	3	0	0
33	4	1	3
33	5	1	3
33	6	1	3
33	7	2	8
33	8	73	74
33	9	7	10
33	10	18	19
33	11	9	12
33	12	21	22
33	13	2	8
33	14	11	15
33	15	65	66
33	16	9	12
33	17	11	15
33	18	40	41
33	19	57	58
33	20	18	19
33	21	101	102
33	22	28	29
33	23	18	19
33	24	7	10
33	25	18	19
33	26	14	27
33	27	80	81
33	28	34	35
33	29	52	53
33	30	14	27
33	31	2	8
33	32	2	8
33	33	28	29
33	34	0	0
33	35	0	0
33	36	34	35
33	37	21	22
33	38	9	12
33	39	34	35
33	40	0	0
33	41	0	0
33	42	40	41
33	43	28	29
33	44	34	35
33	45	40	41
33	46	14	27
33	47	40	41
33	48	7	10
33	49	28	29
33	50	7	10
33	51	21	22
33	52	0	0
33	53	0	0
33	54	9	12
33	55	11	15
33	56	14	27
33	57	0	0
33	58	0	0
33	59	21	22
33	60	57	58
33	61	57	58
33	62	52	53
33	63	52	53
33	64	57	58
33	65	69	70
33	66	67	68
33	67	76	77
33	68	126	127
33	69	86	87
33	70	128	129
33	71	65	66
33	72	69	70
33	73	0	0
33	74	0	0
33	75	11	15
33	76	88	89
33	77	99	100
33	78	76	77
33	79	69	70
33	80	104	105
33	81	96	97
33	82	67	68
33	83	52	53
33	84	65	66
33	85	67	68
33	86	172	173
33	87	258	259
33	88	0	0
33	89	0	0
33	90	67	68
33	91	76	77
33	92	26	93
33	93	191	192
33	94	80	81
33	95	69	70
33	96	130	131
33	97	113	114
33	98	73	74
33	99	0	0
33	100	0	0
33	101	115	116
33	102	111	112
33	103	65	66
33	104	187	188
33	105	132	133
33	106	88	89
33	107	88	89
33	108	86	87
33	109	101	102
33	110	104	105
33	111	0	0
33	112	0	0
33	113	181	182
33	114	150	151
33	115	0	0
33	116	0	0
33	117	113	114
33	118	99	100
33	119	115	116
33	120	86	87
33	121	96	97
33	122	73	74
33	123	73	74
33	124	86	87
33	125	26	93
33	126	165	166
33	127	199	200
33	128	275	276
33	129	237	238
33	130	0	0
33	131	235	236
33	132	0	0
33	133	158	159
33	134	113	114
33	135	96	97
33	136	130	131
33	137	88	89
33	138	111	112
33	139	96	97
33	140	26	93
33	141	101	102
33	142	130	131
33	143	26	93
33	144	128	129
33	145	101	102
33	146	132	133
33	147	130	131
33	148	80	81
33	149	115	116
33	150	170	171
33	151	154	155
33	152	76	77
33	153	80	81
33	154	0	0
33	155	0	0
33	156	150	151
33	157	150	151
33	158	178	179
33	159	204	205
33	160	158	159
33	161	158	159
33	162	92	163
33	163	252	253
33	164	158	159
33	165	0	0
33	166	0	0
33	167	154	155
33	168	150	151
33	169	99	100
33	170	0	0
33	171	0	0
33	172	0	0
33	173	0	0
33	174	99	100
33	175	165	166
33	176	132	133
33	177	172	173
33	178	0	0
33	179	0	0
33	180	115	116
33	181	197	198
33	182	273	274
33	183	111	112
33	184	128	129
33	185	113	114
33	186	104	105
33	187	229	230
33	188	213	214
33	189	132	133
33	190	181	182
33	191	211	212
33	192	0	0
33	193	172	173
33	194	111	112
33	195	181	182
33	196	172	173
33	197	0	0
33	198	0	0
33	199	0	0
33	200	0	0
33	201	199	200
33	202	126	127
33	203	170	171
33	204	0	0
33	205	0	0
33	206	104	105
33	207	197	198
33	208	128	129
33	209	199	200
33	210	126	127
33	211	219	220
33	212	242	243
33	213	245	246
33	214	217	218
33	215	178	179
33	216	197	198
33	217	0	0
33	218	0	0
33	219	0	0
33	220	248	249
33	221	178	179
33	222	199	200
33	223	92	163
33	224	92	163
33	225	191	192
33	226	154	155
33	227	219	220
33	228	213	214
33	229	265	266
33	230	232	233
33	231	213	214
33	232	0	0
33	233	0	0
33	234	170	171
33	235	270	271
33	236	0	0
33	237	0	0
33	238	0	0
33	239	232	233
33	240	165	166
33	241	213	214
33	242	0	0
33	243	281	282
33	244	154	155
33	245	0	0
33	246	0	0
33	247	170	171
33	248	0	0
33	249	255	256
33	250	191	192
33	251	248	249
33	252	0	0
33	253	0	0
33	254	187	188
33	255	262	263
33	256	0	0
33	257	245	246
33	258	0	0
33	259	0	0
33	260	258	259
33	261	232	233
33	262	0	0
33	263	0	0
33	264	197	198
33	265	0	0
33	266	0	0
33	267	191	192
33	268	92	163
33	269	229	230
33	270	0	0
33	271	0	0
33	272	181	182
33	273	0	0
33	274	0	0
33	275	0	0
33	276	0	0
33	277	275	276
33	278	165	166
33	279	242	243
33	280	252	253
33	281	0	0
33	282	0	0
33	283	232	233
33	284	126	127
33	285	262	263
33	286	187	188
33	287	235	236
33	288	255	256
33	289	273	274
33	290	217	218
33	291	270	271
33	292	252	253
33	293	211	212
33	294	211	212
33	295	258	259
33	296	245	246
33	297	245	246
33	298	217	218
33	299	211	212
33	300	270	271
