38	1	0	0
38	2	1	3
38	3	0	0
38	4	1	3
38	5	2	6
38	6	9	10
38	7	1	3
38	8	1	3
38	9	0	0
38	10	0	0
38	11	9	10
38	12	9	10
38	13	2	6
38	14	5	15
38	15	16	17
38	16	21	22
38	17	19	20
38	18	2	6
38	19	0	0
38	20	0	0
38	21	0	0
38	22	0	0
38	23	16	17
38	24	19	20
38	25	9	10
38	26	16	17
38	27	16	17
38	28	2	6
38	29	19	20
38	30	14	31
38	31	36	37
38	32	14	31
38	33	5	15
38	34	21	22
38	35	5	15
38	36	52	53
38	37	41	42
38	38	14	31
38	39	19	20
38	40	14	31
38	41	61	62
38	42	43	44
38	43	0	0
38	44	0	0
38	45	21	22
38	46	41	42
38	47	30	48
38	48	63	64
38	49	21	22
38	50	43	44
38	51	36	37
38	52	106	107
38	53	114	115
38	54	36	37
38	55	52	53
38	56	41	42
38	57	43	44
38	58	41	42
38	59	36	37
38	60	5	15
38	61	0	0
38	62	0	0
38	63	80	81
38	64	70	71
38	65	61	62
38	66	63	64
38	67	63	64
38	68	30	48
38	69	63	64
38	70	90	91
38	71	73	74
38	72	61	62
38	73	82	83
38	74	151	152
38	75	73	74
38	76	43	44
38	77	73	74
38	78	70	71
38	79	70	71
38	80	128	129
38	81	120	121
38	82	0	0
38	83	0	0
38	84	80	81
38	85	82	83
38	86	52	53
38	87	52	53
38	88	73	74
38	89	30	48
38	90	93	94
38	91	96	97
38	92	82	83
38	93	0	0
38	94	0	0
38	95	90	91
38	96	0	0
38	97	0	0
38	98	80	81
38	99	30	48
38	100	47	101
38	101	104	105
38	102	70	71
38	103	80	81
38	104	175	176
38	105	108	109
38	106	0	0
38	107	0	0
38	108	118	119
38	109	112	113
38	110	93	94
38	111	61	62
38	112	138	139
38	113	340	341
38	114	0	0
38	115	0	0
38	116	106	107
38	117	96	97
38	118	155	156
38	119	203	204
38	120	157	158
38	121	133	134
38	122	120	121
38	123	106	107
38	124	106	107
38	125	96	97
38	126	112	113
38	127	118	119
38	128	136	137
38	129	147	148
38	130	90	91
38	131	104	105
38	132	47	101
38	133	0	0
38	134	0	0
38	135	104	105
38	136	0	0
38	137	0	0
38	138	161	162
38	139	171	172
38	140	96	97
38	141	138	139
38	142	114	115
38	143	93	94
38	144	90	91
38	145	133	134
38	146	118	119
38	147	0	0
38	148	0	0
38	149	82	83
38	150	108	109
38	151	0	0
38	152	0	0
38	153	147	148
38	154	112	113
38	155	166	167
38	156	198	199
38	157	0	0
38	158	0	0
38	159	136	137
38	160	151	152
38	161	0	0
38	162	0	0
38	163	100	164
38	164	210	211
38	165	136	137
38	166	0	0
38	167	0	0
38	168	128	129
38	169	138	139
38	170	151	152
38	171	0	0
38	172	0	0
38	173	155	156
38	174	157	158
38	175	201	202
38	176	214	215
38	177	166	167
38	178	171	172
38	179	100	164
38	180	171	172
38	181	100	164
38	182	128	129
38	183	133	134
38	184	171	172
38	185	112	113
38	186	166	167
38	187	151	152
38	188	133	134
38	189	47	101
38	190	166	167
38	191	108	109
38	192	128	129
38	193	104	105
38	194	175	176
38	195	161	162
38	196	118	119
38	197	147	148
38	198	0	0
38	199	0	0
38	200	157	158
38	201	289	290
38	202	205	206
38	203	239	240
38	204	270	271
38	205	448	449
38	206	248	249
38	207	136	137
38	208	108	109
38	209	175	176
38	210	221	222
38	211	230	231
38	212	147	148
38	213	47	101
38	214	223	224
38	215	219	220
38	216	175	176
38	217	157	158
38	218	93	94
38	219	263	264
38	220	252	253
38	221	300	301
38	222	333	334
38	223	232	233
38	224	237	238
38	225	210	211
38	226	219	220
38	227	138	139
38	228	201	202
38	229	155	156
38	230	245	246
38	231	314	315
38	232	0	0
38	233	0	0
38	234	221	222
38	235	205	206
38	236	201	202
38	237	0	0
38	238	0	0
38	239	0	0
38	240	0	0
38	241	161	162
38	242	230	231
38	243	214	215
38	244	214	215
38	245	285	286
38	246	254	255
38	247	100	164
38	248	0	0
38	249	0	0
38	250	239	240
38	251	223	224
38	252	0	0
38	253	0	0
38	254	277	278
38	255	257	258
38	256	205	206
38	257	260	261
38	258	324	325
38	259	120	121
38	260	0	0
38	261	0	0
38	262	237	238
38	263	0	0
38	264	0	0
38	265	205	206
38	266	201	202
38	267	210	211
38	268	163	269
38	269	272	273
38	270	0	0
38	271	0	0
38	272	369	370
38	273	437	438
38	274	161	162
38	275	114	115
38	276	257	258
38	277	483	484
38	278	280	281
38	279	210	211
38	280	0	0
38	281	0	0
38	282	230	231
38	283	219	220
38	284	280	281
38	285	427	428
38	286	388	389
38	287	114	115
38	288	203	204
38	289	296	297
38	290	417	418
38	291	254	255
38	292	289	290
38	293	277	278
38	294	155	156
38	295	263	264
38	296	0	0
38	297	0	0
38	298	268	299
38	299	397	398
38	300	584	585
38	301	410	411
38	302	230	231
38	303	300	301
38	304	270	271
38	305	254	255
38	306	268	299
38	307	268	299
38	308	270	271
38	309	285	286
38	310	268	299
38	311	245	246
38	312	221	222
38	313	277	278
38	314	364	365
38	315	514	515
38	316	260	261
38	317	300	301
38	318	239	240
38	319	277	278
38	320	203	204
38	321	285	286
38	322	232	233
38	323	263	264
38	324	0	0
38	325	0	0
38	326	260	261
38	327	272	273
38	328	163	269
38	329	163	269
38	330	252	253
38	331	296	297
38	332	248	249
38	333	510	511
38	334	343	344
38	335	324	325
38	336	219	220
38	337	324	325
38	338	285	286
38	339	223	224
38	340	993	994
38	341	429	430
38	342	198	199
38	343	424	425
38	344	366	367
38	345	232	233
38	346	252	253
38	347	254	255
38	348	245	246
38	349	163	269
38	350	324	325
38	351	343	344
38	352	198	199
38	353	120	121
38	354	221	222
38	355	257	258
38	356	263	264
38	357	248	249
38	358	272	273
38	359	245	246
38	360	223	224
38	361	333	334
38	362	333	334
38	363	214	215
38	364	469	470
38	365	488	489
38	366	406	407
38	367	371	372
38	368	239	240
38	369	399	400
38	370	394	395
38	371	0	0
38	372	0	0
38	373	369	370
38	374	270	271
38	375	232	233
38	376	272	273
38	377	300	301
38	378	296	297
38	379	198	199
38	380	203	204
38	381	289	290
38	382	343	344
38	383	280	281
38	384	289	290
38	385	343	344
38	386	366	367
38	387	257	258
38	388	420	421
38	389	500	501
38	390	388	389
38	391	314	315
38	392	366	367
38	393	260	261
38	394	456	457
38	395	412	413
38	396	252	253
38	397	0	0
38	398	502	503
38	399	422	423
38	400	414	415
38	401	397	398
38	402	333	334
38	403	364	365
38	404	296	297
38	405	366	367
38	406	0	0
38	407	0	0
38	408	237	238
38	409	364	365
38	410	0	0
38	411	555	556
38	412	863	864
38	413	445	446
38	414	462	463
38	415	433	434
38	416	371	372
38	417	0	0
38	418	0	0
38	419	412	413
38	420	0	0
38	421	0	0
38	422	620	621
38	423	539	540
38	424	497	498
38	425	518	519
38	426	397	398
38	427	590	591
38	428	572	573
38	429	0	0
38	430	0	0
38	431	417	418
38	432	340	341
38	433	520	521
38	434	595	596
38	435	364	365
38	436	397	398
38	437	480	481
38	438	491	492
38	439	388	389
38	440	422	423
38	441	371	372
38	442	280	281
38	443	429	430
38	444	237	238
38	445	603	604
38	446	523	524
38	447	420	421
38	448	0	0
38	449	0	0
38	450	248	249
38	451	420	421
38	452	314	315
38	453	417	418
38	454	427	428
38	455	420	421
38	456	476	477
38	457	473	474
38	458	429	430
38	459	340	341
38	460	399	400
38	461	429	430
38	462	882	883
38	463	607	608
38	464	298	465
38	465	717	718
38	466	371	372
38	467	412	413
38	468	412	413
38	469	636	637
38	470	512	513
38	471	417	418
38	472	410	411
38	473	527	528
38	474	783	784
38	475	445	446
38	476	486	487
38	477	925	926
38	478	464	479
38	479	574	575
38	480	638	639
38	481	525	526
38	482	476	477
38	483	0	0
38	484	0	0
38	485	476	477
38	486	508	509
38	487	759	760
38	488	544	545
38	489	562	563
38	490	314	315
38	491	705	706
38	492	699	700
38	493	414	415
38	494	369	370
38	495	473	474
38	496	394	395
38	497	0	0
38	498	0	0
38	499	462	463
38	500	0	0
38	501	0	0
38	502	588	589
38	503	530	531
38	504	427	428
38	505	469	470
38	506	478	507
38	507	648	649
38	508	0	0
38	509	0	0
38	510	0	0
38	511	597	598
38	512	0	0
38	513	0	0
38	514	723	724
38	515	673	674
38	516	473	474
38	517	473	474
38	518	0	0
38	519	0	0
38	520	567	568
38	521	592	593
38	522	414	415
38	523	553	554
38	524	651	652
38	525	611	612
38	526	711	712
38	527	536	537
38	528	687	688
38	529	448	449
38	530	793	794
38	531	669	670
38	532	464	479
38	533	298	465
38	534	478	507
38	535	512	513
38	536	0	0
38	537	0	0
38	538	483	484
38	539	809	810
38	540	0	0
38	541	527	528
38	542	369	370
38	543	478	507
38	544	0	0
38	545	0	0
38	546	410	411
38	547	530	531
38	548	508	509
38	549	539	540
38	550	486	487
38	551	424	425
38	552	536	537
38	553	0	0
38	554	0	0
38	555	656	657
38	556	737	738
38	557	518	519
38	558	536	537
38	559	424	425
38	560	525	526
38	561	478	507
38	562	0	0
38	563	0	0
38	564	536	537
38	565	414	415
38	566	508	509
38	567	0	0
38	568	0	0
38	569	469	470
38	570	469	470
38	571	530	531
38	572	0	0
38	573	0	0
38	574	0	0
38	575	0	0
38	576	508	509
38	577	562	563
38	578	502	503
38	579	518	519
38	580	464	479
38	581	491	492
38	582	462	463
38	583	488	489
38	584	653	654
38	585	0	0
38	586	518	519
38	587	567	568
38	588	685	686
38	589	632	633
38	590	0	0
38	591	0	0
38	592	0	0
38	593	0	0
38	594	406	407
38	595	0	0
38	596	735	736
38	597	987	988
38	598	749	750
38	599	590	591
38	600	388	389
38	601	476	477
38	602	553	554
38	603	0	0
38	604	609	610
38	605	553	554
38	606	603	604
38	607	627	628
38	608	0	0
38	609	0	0
38	610	0	0
38	611	662	663
38	612	616	617
38	613	399	400
38	614	456	457
38	615	588	589
38	616	770	771
38	617	0	0
38	618	433	434
38	619	553	554
38	620	625	626
38	621	727	728
38	622	394	395
38	623	603	604
38	624	488	489
38	625	0	0
38	626	731	732
38	627	0	0
38	628	0	0
38	629	298	465
38	630	427	428
38	631	512	513
38	632	893	894
38	633	0	0
38	634	445	446
38	635	574	575
38	636	0	0
38	637	0	0
38	638	721	722
38	639	0	0
38	640	502	503
38	641	539	540
38	642	607	608
38	643	422	423
38	644	627	628
38	645	539	540
38	646	595	596
38	647	616	617
38	648	0	0
38	649	752	753
38	650	486	487
38	651	0	0
38	652	0	0
38	653	693	694
38	654	0	0
38	655	488	489
38	656	0	0
38	657	0	0
38	658	620	621
38	659	590	591
38	660	653	654
38	661	651	652
38	662	666	667
38	663	0	0
38	664	588	589
38	665	555	556
38	666	0	0
38	667	0	0
38	668	590	591
38	669	776	777
38	670	790	791
38	671	530	531
38	672	597	598
38	673	877	878
38	674	0	0
38	675	502	503
38	676	544	545
38	677	406	407
38	678	510	511
38	679	636	637
38	680	592	593
38	681	462	463
38	682	595	596
38	683	399	400
38	684	448	449
38	685	740	741
38	686	0	0
38	687	0	0
38	688	0	0
38	689	456	457
38	690	638	639
38	691	662	663
38	692	620	621
38	693	0	0
38	694	0	0
38	695	394	395
38	696	520	521
38	697	422	423
38	698	574	575
38	699	743	744
38	700	0	0
38	701	500	501
38	702	595	596
38	703	448	449
38	704	699	700
38	705	707	708
38	706	729	730
38	707	0	0
38	708	815	816
38	709	340	341
38	710	607	608
38	711	763	764
38	712	836	837
38	713	666	667
38	714	574	575
38	715	486	487
38	716	483	484
38	717	914	915
38	718	0	0
38	719	512	513
38	720	627	628
38	721	773	774
38	722	904	905
38	723	0	0
38	724	0	0
38	725	611	612
38	726	480	481
38	727	785	786
38	728	754	755
38	729	854	855
38	730	799	800
38	731	0	0
38	732	0	0
38	733	625	626
38	734	497	498
38	735	0	0
38	736	0	0
38	737	0	0
38	738	0	0
38	739	627	628
38	740	747	748
38	741	825	826
38	742	410	411
38	743	908	909
38	744	0	0
38	745	666	667
38	746	625	626
38	747	902	903
38	748	0	0
38	749	0	0
38	750	0	0
38	751	707	708
38	752	0	0
38	753	997	998
38	754	0	0
38	755	0	0
38	756	693	694
38	757	727	728
38	758	584	585
38	759	0	0
38	760	0	0
38	761	616	617
38	762	603	604
38	763	971	972
38	764	781	782
38	765	445	446
38	766	735	736
38	767	497	498
38	768	456	457
38	769	609	610
38	770	0	0
38	771	0	0
38	772	638	639
38	773	989	990
38	774	0	0
38	775	723	724
38	776	827	828
38	777	886	887
38	778	666	667
38	779	705	706
38	780	567	568
38	781	0	0
38	782	0	0
38	783	980	981
38	784	0	0
38	785	0	0
38	786	0	0
38	787	616	617
38	788	609	610
38	789	611	612
38	790	0	0
38	791	0	0
38	792	648	649
38	793	801	802
38	794	870	871
38	795	433	434
38	796	611	612
38	797	729	730
38	798	763	764
38	799	0	0
38	800	874	875
38	801	868	869
38	802	963	964
38	803	705	706
38	804	793	794
38	805	433	434
38	806	592	593
38	807	687	688
38	808	790	791
38	809	821	822
38	810	856	857
38	811	500	501
38	812	609	610
38	813	625	626
38	814	711	712
38	815	0	0
38	816	946	947
38	817	723	724
38	818	653	654
38	819	699	700
38	820	793	794
38	821	0	0
38	822	0	0
38	823	584	585
38	824	584	585
38	825	0	0
38	826	0	0
38	827	0	0
38	828	829	830
38	829	0	0
38	830	0	0
38	831	793	794
38	832	743	744
38	833	731	732
38	834	825	826
38	835	520	521
38	836	865	866
38	837	896	897
38	838	740	741
38	839	636	637
38	840	699	700
38	841	500	501
38	842	723	724
38	843	759	760
38	844	491	492
38	845	799	800
38	846	588	589
38	847	836	837
38	848	752	753
38	849	525	526
38	850	721	722
38	851	781	782
38	852	483	484
38	853	727	728
38	854	859	860
38	855	0	0
38	856	0	0
38	857	0	0
38	858	801	802
38	859	0	0
38	860	0	0
38	861	836	837
38	862	721	722
38	863	0	0
38	864	0	0
38	865	0	0
38	866	0	0
38	867	687	688
38	868	934	935
38	869	0	0
38	870	0	0
38	871	969	970
38	872	562	563
38	873	790	791
38	874	0	0
38	875	0	0
38	876	863	864
38	877	0	0
38	878	0	0
38	879	737	738
38	880	717	718
38	881	783	784
38	882	0	0
38	883	0	0
38	884	752	753
38	885	555	556
38	886	920	921
38	887	0	0
38	888	651	652
38	889	770	771
38	890	638	639
38	891	707	708
38	892	424	425
38	893	0	0
38	894	0	0
38	895	464	479
38	896	0	0
38	897	0	0
38	898	693	694
38	899	632	633
38	900	525	526
38	901	785	786
38	902	0	0
38	903	0	0
38	904	999	1000
38	905	0	0
38	906	785	786
38	907	904	905
38	908	0	0
38	909	0	0
38	910	572	573
38	911	527	528
38	912	825	826
38	913	854	855
38	914	0	0
38	915	0	0
38	916	776	777
38	917	859	860
38	918	790	791
38	919	763	764
38	920	0	0
38	921	0	0
38	922	886	887
38	923	825	826
38	924	693	694
38	925	0	0
38	926	0	0
38	927	749	750
38	928	592	593
38	929	555	556
38	930	799	800
38	931	902	903
38	932	783	784
38	933	925	926
38	934	0	0
38	935	0	0
38	936	620	621
38	937	572	573
38	938	298	465
38	939	673	674
38	940	544	545
38	941	607	608
38	942	785	786
38	943	735	736
38	944	437	438
38	945	799	800
38	946	0	0
38	947	0	0
38	948	705	706
38	949	863	864
38	950	904	905
38	951	752	753
38	952	711	712
38	953	946	947
38	954	651	652
38	955	740	741
38	956	491	492
38	957	669	670
38	958	821	822
38	959	743	744
38	960	572	573
38	961	759	760
38	962	562	563
38	963	0	0
38	964	967	968
38	965	597	598
38	966	882	883
38	967	0	0
38	968	0	0
38	969	0	0
38	970	0	0
38	971	0	0
38	972	0	0
38	973	721	722
38	974	865	866
38	975	687	688
38	976	946	947
38	977	963	964
38	978	740	741
38	979	754	755
38	980	0	0
38	981	0	0
38	982	510	511
38	983	925	926
38	984	946	947
38	985	731	732
38	986	567	568
38	987	0	0
38	988	0	0
38	989	0	0
38	990	0	0
38	991	989	990
38	992	497	498
38	993	0	0
38	994	0	0
38	995	971	972
38	996	893	894
38	997	0	0
38	998	0	0
38	999	0	0
38	1000	0	0
