32	1	0	0
32	2	1	3
32	3	0	0
32	4	1	3
32	5	1	3
32	6	2	7
32	7	316	317
32	8	1	3
32	9	6	10
32	10	11	12
32	11	37	38
32	12	13	14
32	13	0	0
32	14	0	0
32	15	9	16
32	16	82	83
32	17	11	12
32	18	15	19
32	19	34	35
32	20	6	10
32	21	9	16
32	22	9	16
32	23	18	24
32	24	44	45
32	25	2	7
32	26	15	19
32	27	13	14
32	28	2	7
32	29	11	12
32	30	18	24
32	31	15	19
32	32	18	24
32	33	6	10
32	34	49	50
32	35	53	54
32	36	13	14
32	37	0	0
32	38	0	0
32	39	9	16
32	40	13	14
32	41	15	19
32	42	23	43
32	43	95	96
32	44	90	91
32	45	68	69
32	46	42	47
32	47	61	62
32	48	37	38
32	49	158	159
32	50	968	969
32	51	6	10
32	52	49	50
32	53	539	540
32	54	668	669
32	55	53	54
32	56	18	24
32	57	23	43
32	58	42	47
32	59	46	60
32	60	65	66
32	61	100	101
32	62	230	231
32	63	59	64
32	64	87	88
32	65	166	167
32	66	80	81
32	67	2	7
32	68	364	365
32	69	78	79
32	70	42	47
32	71	37	38
32	72	34	35
32	73	44	45
32	74	23	43
32	75	65	66
32	76	68	69
32	77	68	69
32	78	142	143
32	79	145	146
32	80	102	103
32	81	175	176
32	82	185	186
32	83	280	281
32	84	46	60
32	85	82	83
32	86	34	35
32	87	173	174
32	88	114	115
32	89	61	62
32	90	110	111
32	91	161	162
32	92	87	88
32	93	82	83
32	94	61	62
32	95	107	108
32	96	214	215
32	97	65	66
32	98	80	81
32	99	34	35
32	100	285	286
32	101	121	122
32	102	296	297
32	103	238	239
32	104	78	79
32	105	61	62
32	106	42	47
32	107	148	149
32	108	112	113
32	109	80	81
32	110	116	117
32	111	248	249
32	112	406	407
32	113	126	127
32	114	205	206
32	115	270	271
32	116	164	165
32	117	259	260
32	118	59	64
32	119	112	113
32	120	53	54
32	121	362	363
32	122	877	878
32	123	46	60
32	124	114	115
32	125	121	122
32	126	129	130
32	127	179	180
32	128	102	103
32	129	168	169
32	130	409	410
32	131	11	12
32	132	49	50
32	133	87	88
32	134	68	69
32	135	63	136
32	136	171	172
32	137	116	117
32	138	82	83
32	139	102	103
32	140	78	79
32	141	49	50
32	142	189	190
32	143	246	247
32	144	121	122
32	145	196	197
32	146	212	213
32	147	102	103
32	148	242	243
32	149	0	0
32	150	63	136
32	151	95	96
32	152	37	38
32	153	59	64
32	154	107	108
32	155	23	43
32	156	95	96
32	157	90	91
32	158	607	608
32	159	294	295
32	160	116	117
32	161	262	263
32	162	351	352
32	163	121	122
32	164	0	0
32	165	0	0
32	166	471	472
32	167	530	531
32	168	0	0
32	169	0	0
32	170	145	146
32	171	202	203
32	172	289	290
32	173	418	419
32	174	434	435
32	175	343	344
32	176	183	184
32	177	145	146
32	178	59	64
32	179	535	536
32	180	328	329
32	181	164	165
32	182	78	79
32	183	415	416
32	184	548	549
32	185	276	277
32	186	266	267
32	187	145	146
32	188	100	101
32	189	0	0
32	190	0	0
32	191	171	172
32	192	87	88
32	193	142	143
32	194	148	149
32	195	44	45
32	196	0	0
32	197	0	0
32	198	185	186
32	199	114	115
32	200	179	180
32	201	116	117
32	202	250	251
32	203	312	313
32	204	112	113
32	205	224	225
32	206	0	0
32	207	168	169
32	208	168	169
32	209	164	165
32	210	196	197
32	211	148	149
32	212	0	0
32	213	0	0
32	214	217	218
32	215	988	989
32	216	53	54
32	217	304	305
32	218	633	634
32	219	212	213
32	220	214	215
32	221	189	190
32	222	183	184
32	223	80	81
32	224	963	964
32	225	257	258
32	226	164	165
32	227	46	60
32	228	183	184
32	229	224	225
32	230	372	373
32	231	411	412
32	232	189	190
32	233	114	115
32	234	90	91
32	235	183	184
32	236	214	215
32	237	110	111
32	238	356	357
32	239	387	388
32	240	148	149
32	241	224	225
32	242	323	324
32	243	314	315
32	244	173	174
32	245	179	180
32	246	0	0
32	247	0	0
32	248	541	542
32	249	443	444
32	250	0	0
32	251	287	288
32	252	110	111
32	253	196	197
32	254	100	101
32	255	185	186
32	256	196	197
32	257	737	738
32	258	478	479
32	259	0	0
32	260	0	0
32	261	205	206
32	262	821	822
32	263	367	368
32	264	185	186
32	265	90	91
32	266	0	0
32	267	0	0
32	268	257	258
32	269	262	263
32	270	0	0
32	271	0	0
32	272	175	176
32	273	158	159
32	274	257	258
32	275	246	247
32	276	0	0
32	277	0	0
32	278	65	66
32	279	257	258
32	280	681	682
32	281	282	283
32	282	0	0
32	283	0	0
32	284	217	218
32	285	661	662
32	286	341	342
32	287	326	327
32	288	346	347
32	289	0	0
32	290	647	648
32	291	173	174
32	292	287	288
32	293	212	213
32	294	0	0
32	295	0	0
32	296	459	460
32	297	454	455
32	298	282	283
32	299	224	225
32	300	205	206
32	301	262	263
32	302	285	286
32	303	287	288
32	304	527	528
32	305	385	386
32	306	107	108
32	307	282	283
32	308	161	162
32	309	168	169
32	310	189	190
32	311	250	251
32	312	790	791
32	313	0	0
32	314	742	743
32	315	597	598
32	316	0	0
32	317	0	0
32	318	158	159
32	319	289	290
32	320	276	277
32	321	214	215
32	322	107	108
32	323	333	334
32	324	424	425
32	325	250	251
32	326	378	379
32	327	358	359
32	328	0	0
32	329	0	0
32	330	326	327
32	331	262	263
32	332	266	267
32	333	0	0
32	334	0	0
32	335	179	180
32	336	135	337
32	337	932	933
32	338	282	283
32	339	171	172
32	340	212	213
32	341	476	477
32	342	874	875
32	343	380	381
32	344	457	458
32	345	250	251
32	346	436	437
32	347	579	580
32	348	270	271
32	349	205	206
32	350	312	313
32	351	0	0
32	352	484	485
32	353	238	239
32	354	314	315
32	355	270	271
32	356	496	497
32	357	482	483
32	358	0	0
32	359	395	396
32	360	110	111
32	361	129	130
32	362	587	588
32	363	0	0
32	364	0	0
32	365	889	890
32	366	95	96
32	367	0	0
32	368	0	0
32	369	362	363
32	370	161	162
32	371	142	143
32	372	609	610
32	373	498	499
32	374	266	267
32	375	158	159
32	376	341	342
32	377	343	344
32	378	390	391
32	379	426	427
32	380	623	624
32	381	589	590
32	382	323	324
32	383	341	342
32	384	175	176
32	385	402	403
32	386	439	440
32	387	404	405
32	388	432	433
32	389	246	247
32	390	503	504
32	391	449	450
32	392	166	167
32	393	289	290
32	394	270	271
32	395	0	0
32	396	819	820
32	397	129	130
32	398	385	386
32	399	390	391
32	400	242	243
32	401	175	176
32	402	0	0
32	403	0	0
32	404	474	475
32	405	560	561
32	406	553	554
32	407	577	578
32	408	312	313
32	409	0	0
32	410	0	0
32	411	468	469
32	412	430	431
32	413	362	363
32	414	358	359
32	415	0	0
32	416	0	0
32	417	126	127
32	418	500	501
32	419	516	517
32	420	333	334
32	421	362	363
32	422	230	231
32	423	289	290
32	424	0	0
32	425	0	0
32	426	929	930
32	427	0	0
32	428	202	203
32	429	328	329
32	430	564	565
32	431	488	489
32	432	694	695
32	433	451	452
32	434	447	448
32	435	793	794
32	436	731	732
32	437	0	0
32	438	314	315
32	439	0	0
32	440	0	0
32	441	409	410
32	442	112	113
32	443	0	0
32	444	0	0
32	445	404	405
32	446	294	295
32	447	970	971
32	448	0	0
32	449	0	0
32	450	523	524
32	451	641	642
32	452	0	0
32	453	217	218
32	454	0	0
32	455	921	922
32	456	280	281
32	457	0	0
32	458	0	0
32	459	494	495
32	460	566	567
32	461	459	460
32	462	430	431
32	463	341	342
32	464	314	315
32	465	432	433
32	466	411	412
32	467	367	368
32	468	0	0
32	469	605	606
32	470	411	412
32	471	546	547
32	472	769	770
32	473	173	174
32	474	514	515
32	475	719	720
32	476	0	0
32	477	629	630
32	478	0	0
32	479	0	0
32	480	242	243
32	481	328	329
32	482	0	0
32	483	645	646
32	484	0	0
32	485	0	0
32	486	202	203
32	487	346	347
32	488	0	0
32	489	558	559
32	490	217	218
32	491	390	391
32	492	390	391
32	493	266	267
32	494	0	0
32	495	0	0
32	496	703	704
32	497	0	0
32	498	583	584
32	499	0	0
32	500	826	827
32	501	838	839
32	502	449	450
32	503	510	511
32	504	0	0
32	505	276	277
32	506	202	203
32	507	449	450
32	508	430	431
32	509	333	334
32	510	0	0
32	511	0	0
32	512	63	136
32	513	496	497
32	514	0	0
32	515	0	0
32	516	0	0
32	517	749	750
32	518	142	143
32	519	356	357
32	520	126	127
32	521	494	495
32	522	287	288
32	523	533	534
32	524	735	736
32	525	424	425
32	526	367	368
32	527	717	718
32	528	869	870
32	529	135	337
32	530	670	671
32	531	611	612
32	532	447	448
32	533	0	0
32	534	0	0
32	535	0	0
32	536	0	0
32	537	333	334
32	538	346	347
32	539	568	569
32	540	666	667
32	541	0	0
32	542	0	0
32	543	242	243
32	544	426	427
32	545	498	499
32	546	581	582
32	547	663	664
32	548	686	687
32	549	934	935
32	550	294	295
32	551	248	249
32	552	276	277
32	553	0	0
32	554	0	0
32	555	326	327
32	556	351	352
32	557	426	427
32	558	631	632
32	559	923	924
32	560	725	726
32	561	0	0
32	562	406	407
32	563	439	440
32	564	761	762
32	565	796	797
32	566	698	699
32	567	0	0
32	568	0	0
32	569	0	0
32	570	478	479
32	571	568	569
32	572	434	435
32	573	484	485
32	574	387	388
32	575	246	247
32	576	558	559
32	577	0	0
32	578	617	618
32	579	807	808
32	580	0	0
32	581	0	0
32	582	658	659
32	583	649	650
32	584	591	592
32	585	488	489
32	586	44	45
32	587	927	928
32	588	0	0
32	589	814	815
32	590	0	0
32	591	0	0
32	592	828	829
32	593	432	433
32	594	358	359
32	595	126	127
32	596	171	172
32	597	0	0
32	598	0	0
32	599	328	329
32	600	484	485
32	601	336	602
32	602	0	0
32	603	498	499
32	604	385	386
32	605	0	0
32	606	621	622
32	607	0	0
32	608	0	0
32	609	0	0
32	610	809	810
32	611	692	693
32	612	0	0
32	613	577	578
32	614	356	357
32	615	439	440
32	616	541	542
32	617	0	0
32	618	0	0
32	619	539	540
32	620	482	483
32	621	656	657
32	622	636	637
32	623	974	975
32	624	0	0
32	625	474	475
32	626	358	359
32	627	566	567
32	628	607	608
32	629	801	802
32	630	0	0
32	631	0	0
32	632	0	0
32	633	674	675
32	634	0	0
32	635	135	337
32	636	0	0
32	637	0	0
32	638	636	637
32	639	468	469
32	640	523	524
32	641	0	0
32	642	0	0
32	643	641	642
32	644	609	610
32	645	0	0
32	646	651	652
32	647	939	940
32	648	0	0
32	649	871	872
32	650	912	913
32	651	0	0
32	652	0	0
32	653	415	416
32	654	409	410
32	655	468	469
32	656	0	0
32	657	0	0
32	658	891	892
32	659	0	0
32	660	656	657
32	661	894	895
32	662	0	0
32	663	715	716
32	664	754	755
32	665	498	499
32	666	0	0
32	667	0	0
32	668	0	0
32	669	0	0
32	670	0	0
32	671	0	0
32	672	514	515
32	673	579	580
32	674	0	0
32	675	0	0
32	676	670	671
32	677	434	435
32	678	617	618
32	679	468	469
32	680	645	646
32	681	0	0
32	682	0	0
32	683	351	352
32	684	577	578
32	685	294	295
32	686	823	824
32	687	712	713
32	688	326	327
32	689	546	547
32	690	548	549
32	691	304	305
32	692	851	852
32	693	0	0
32	694	784	785
32	695	0	0
32	696	651	652
32	697	539	540
32	698	0	0
32	699	0	0
32	700	476	477
32	701	434	435
32	702	385	386
32	703	0	0
32	704	0	0
32	705	478	479
32	706	500	501
32	707	597	598
32	708	546	547
32	709	668	669
32	710	601	711
32	711	0	0
32	712	727	728
32	713	999	1000
32	714	449	450
32	715	812	813
32	716	0	0
32	717	0	0
32	718	0	0
32	719	0	0
32	720	0	0
32	721	500	501
32	722	566	567
32	723	591	592
32	724	516	517
32	725	0	0
32	726	0	0
32	727	0	0
32	728	0	0
32	729	230	231
32	730	541	542
32	731	0	0
32	732	995	996
32	733	658	659
32	734	259	260
32	735	0	0
32	736	0	0
32	737	861	862
32	738	867	868
32	739	248	249
32	740	533	534
32	741	447	448
32	742	0	0
32	743	0	0
32	744	715	716
32	745	645	646
32	746	471	472
32	747	436	437
32	748	533	534
32	749	0	0
32	750	0	0
32	751	402	403
32	752	454	455
32	753	430	431
32	754	0	0
32	755	0	0
32	756	530	531
32	757	647	648
32	758	645	646
32	759	496	497
32	760	641	642
32	761	0	0
32	762	849	850
32	763	494	495
32	764	406	407
32	765	474	475
32	766	476	477
32	767	411	412
32	768	378	379
32	769	816	817
32	770	0	0
32	771	577	578
32	772	692	693
32	773	710	774
32	774	0	0
32	775	404	405
32	776	447	448
32	777	605	606
32	778	769	770
32	779	641	642
32	780	443	444
32	781	719	720
32	782	633	634
32	783	742	743
32	784	0	0
32	785	0	0
32	786	280	281
32	787	443	444
32	788	623	624
32	789	541	542
32	790	958	959
32	791	0	0
32	792	478	479
32	793	902	903
32	794	0	0
32	795	769	770
32	796	0	0
32	797	0	0
32	798	589	590
32	799	418	419
32	800	500	501
32	801	0	0
32	802	0	0
32	803	312	313
32	804	769	770
32	805	296	297
32	806	135	337
32	807	919	920
32	808	0	0
32	809	0	0
32	810	0	0
32	811	560	561
32	812	0	0
32	813	0	0
32	814	887	888
32	815	0	0
32	816	0	0
32	817	0	0
32	818	663	664
32	819	0	0
32	820	0	0
32	821	0	0
32	822	0	0
32	823	0	0
32	824	836	837
32	825	63	136
32	826	0	0
32	827	864	865
32	828	0	0
32	829	0	0
32	830	812	813
32	831	719	720
32	832	636	637
32	833	568	569
32	834	378	379
32	835	828	829
32	836	0	0
32	837	0	0
32	838	0	0
32	839	936	937
32	840	161	162
32	841	814	815
32	842	583	584
32	843	404	405
32	844	546	547
32	845	304	305
32	846	230	231
32	847	343	344
32	848	494	495
32	849	0	0
32	850	0	0
32	851	0	0
32	852	0	0
32	853	703	704
32	854	343	344
32	855	346	347
32	856	807	808
32	857	712	713
32	858	471	472
32	859	510	511
32	860	589	590
32	861	0	0
32	862	0	0
32	863	238	239
32	864	0	0
32	865	954	955
32	866	503	504
32	867	0	0
32	868	977	978
32	869	0	0
32	870	0	0
32	871	0	0
32	872	0	0
32	873	316	317
32	874	0	0
32	875	0	0
32	876	681	682
32	877	0	0
32	878	0	0
32	879	861	862
32	880	871	872
32	881	539	540
32	882	761	762
32	883	869	870
32	884	793	794
32	885	790	791
32	886	807	808
32	887	0	0
32	888	0	0
32	889	0	0
32	890	0	0
32	891	907	908
32	892	0	0
32	893	694	695
32	894	0	0
32	895	0	0
32	896	285	286
32	897	457	458
32	898	617	618
32	899	826	827
32	900	666	667
32	901	454	455
32	902	905	906
32	903	0	0
32	904	351	352
32	905	0	0
32	906	0	0
32	907	0	0
32	908	0	0
32	909	426	427
32	910	424	425
32	911	633	634
32	912	0	0
32	913	0	0
32	914	378	379
32	915	636	637
32	916	796	797
32	917	647	648
32	918	566	567
32	919	0	0
32	920	0	0
32	921	0	0
32	922	0	0
32	923	0	0
32	924	0	0
32	925	533	534
32	926	807	808
32	927	0	0
32	928	993	994
32	929	0	0
32	930	966	967
32	931	166	167
32	932	0	0
32	933	945	946
32	934	943	944
32	935	0	0
32	936	0	0
32	937	0	0
32	938	814	815
32	939	0	0
32	940	0	0
32	941	280	281
32	942	591	592
32	943	0	0
32	944	0	0
32	945	0	0
32	946	0	0
32	947	516	517
32	948	735	736
32	949	527	528
32	950	828	829
32	951	754	755
32	952	692	693
32	953	597	598
32	954	0	0
32	955	0	0
32	956	484	485
32	957	516	517
32	958	0	0
32	959	0	0
32	960	548	549
32	961	406	407
32	962	587	588
32	963	0	0
32	964	0	0
32	965	826	827
32	966	0	0
32	967	0	0
32	968	0	0
32	969	0	0
32	970	0	0
32	971	0	0
32	972	921	922
32	973	836	837
32	974	0	0
32	975	983	984
32	976	715	716
32	977	0	0
32	978	0	0
32	979	871	872
32	980	737	738
32	981	923	924
32	982	581	582
32	983	0	0
32	984	0	0
32	985	607	608
32	986	601	711
32	987	323	324
32	988	0	0
32	989	0	0
32	990	380	381
32	991	658	659
32	992	784	785
32	993	0	0
32	994	0	0
32	995	0	0
32	996	0	0
32	997	656	657
32	998	621	622
32	999	0	0
32	1000	0	0
