4	1	0	0
4	2	1	3
4	3	0	0
4	4	1	3
4	5	1	3
4	6	1	3
4	7	2	8
4	8	32	33
4	9	2	8
4	10	2	8
4	11	2	8
4	12	7	13
4	13	16	17
4	14	7	13
4	15	7	13
4	16	18	19
4	17	21	22
4	18	0	0
4	19	0	0
4	20	16	17
4	21	0	0
4	22	0	0
4	23	12	24
4	24	47	48
4	25	21	22
4	26	12	24
4	27	18	19
4	28	12	24
4	29	18	19
4	30	18	19
4	31	7	13
4	32	0	0
4	33	0	0
4	34	12	24
4	35	16	17
4	36	16	17
4	37	23	38
4	38	39	40
4	39	61	62
4	40	51	52
4	41	21	22
4	42	21	22
4	43	37	44
4	44	69	70
4	45	37	44
4	46	32	33
4	47	54	55
4	48	72	73
4	49	39	40
4	50	23	38
4	51	194	195
4	52	57	58
4	53	37	44
4	54	122	123
4	55	131	132
4	56	37	44
4	57	65	66
4	58	99	100
4	59	54	55
4	60	23	38
4	61	124	125
4	62	95	96
4	63	39	40
4	64	47	48
4	65	0	0
4	66	0	0
4	67	61	62
4	68	65	66
4	69	92	93
4	70	111	112
4	71	69	70
4	72	81	82
4	73	0	0
4	74	51	52
4	75	47	48
4	76	23	38
4	77	72	73
4	78	43	79
4	79	140	141
4	80	39	40
4	81	0	0
4	82	0	0
4	83	81	82
4	84	32	33
4	85	72	73
4	86	81	82
4	87	32	33
4	88	81	82
4	89	72	73
4	90	47	48
4	91	69	70
4	92	113	114
4	93	102	103
4	94	51	52
4	95	108	109
4	96	0	0
4	97	57	58
4	98	54	55
4	99	0	0
4	100	0	0
4	101	69	70
4	102	137	138
4	103	0	0
4	104	51	52
4	105	102	103
4	106	95	96
4	107	92	93
4	108	0	0
4	109	0	0
4	110	95	96
4	111	199	200
4	112	144	145
4	113	116	117
4	114	155	156
4	115	95	96
4	116	126	127
4	117	174	175
4	118	78	119
4	119	178	179
4	120	43	79
4	121	78	119
4	122	0	0
4	123	0	0
4	124	0	0
4	125	164	165
4	126	0	0
4	127	0	0
4	128	61	62
4	129	116	117
4	130	78	119
4	131	0	0
4	132	0	0
4	133	43	79
4	134	124	125
4	135	111	112
4	136	111	112
4	137	230	231
4	138	162	163
4	139	111	112
4	140	191	192
4	141	150	151
4	142	65	66
4	143	78	119
4	144	147	148
4	145	0	0
4	146	137	138
4	147	152	153
4	148	0	0
4	149	92	93
4	150	209	210
4	151	240	241
4	152	0	0
4	153	0	0
4	154	99	100
4	155	257	258
4	156	223	224
4	157	61	62
4	158	122	123
4	159	126	127
4	160	116	117
4	161	65	66
4	162	0	0
4	163	0	0
4	164	0	0
4	165	0	0
4	166	164	165
4	167	116	117
4	168	150	151
4	169	99	100
4	170	113	114
4	171	118	172
4	172	207	208
4	173	150	151
4	174	0	0
4	175	0	0
4	176	131	132
4	177	113	114
4	178	189	190
4	179	250	251
4	180	140	141
4	181	131	132
4	182	92	93
4	183	108	109
4	184	43	79
4	185	118	172
4	186	152	153
4	187	118	172
4	188	122	123
4	189	0	0
4	190	219	220
4	191	201	202
4	192	234	235
4	193	174	175
4	194	205	206
4	195	236	237
4	196	57	58
4	197	126	127
4	198	57	58
4	199	290	291
4	200	276	277
4	201	274	275
4	202	244	245
4	203	54	55
4	204	162	163
4	205	0	0
4	206	0	0
4	207	0	0
4	208	0	0
4	209	287	288
4	210	0	0
4	211	205	206
4	212	131	132
4	213	201	202
4	214	150	151
4	215	126	127
4	216	164	165
4	217	108	109
4	218	194	195
4	219	0	0
4	220	0	0
4	221	113	114
4	222	155	156
4	223	0	0
4	224	0	0
4	225	147	148
4	226	174	175
4	227	207	208
4	228	144	145
4	229	118	172
4	230	0	0
4	231	0	0
4	232	155	156
4	233	99	100
4	234	254	255
4	235	278	279
4	236	0	0
4	237	0	0
4	238	155	156
4	239	191	192
4	240	261	262
4	241	265	266
4	242	199	200
4	243	102	103
4	244	0	0
4	245	0	0
4	246	147	148
4	247	174	175
4	248	205	206
4	249	201	202
4	250	0	0
4	251	0	0
4	252	207	208
4	253	178	179
4	254	263	264
4	255	0	0
4	256	164	165
4	257	0	0
4	258	0	0
4	259	194	195
4	260	191	192
4	261	280	281
4	262	267	268
4	263	0	0
4	264	295	296
4	265	0	0
4	266	0	0
4	267	0	0
4	268	0	0
4	269	254	255
4	270	254	255
4	271	207	208
4	272	189	190
4	273	254	255
4	274	0	0
4	275	0	0
4	276	0	0
4	277	285	286
4	278	0	0
4	279	0	0
4	280	0	0
4	281	0	0
4	282	137	138
4	283	244	245
4	284	140	141
4	285	0	0
4	286	0	0
4	287	0	0
4	288	0	0
4	289	278	279
4	290	0	0
4	291	0	0
4	292	147	148
4	293	102	103
4	294	194	195
4	295	0	0
4	296	0	0
4	297	144	145
4	298	124	125
4	299	178	179
4	300	287	288
