25	1	0	0
25	2	1	3
25	3	0	0
25	4	1	3
25	5	2	6
25	6	23	24
25	7	2	6
25	8	5	9
25	9	12	13
25	10	8	11
25	11	18	19
25	12	16	17
25	13	40	41
25	14	2	6
25	15	1	3
25	16	0	0
25	17	0	0
25	18	31	32
25	19	26	27
25	20	16	17
25	21	10	22
25	22	0	0
25	23	0	0
25	24	0	0
25	25	23	24
25	26	28	29
25	27	0	0
25	28	0	0
25	29	0	0
25	30	5	9
25	31	0	0
25	32	44	45
25	33	18	19
25	34	10	22
25	35	1	3
25	36	23	24
25	37	10	22
25	38	5	9
25	39	12	13
25	40	0	0
25	41	0	0
25	42	16	17
25	43	18	19
25	44	0	0
25	45	0	0
25	46	40	41
25	47	18	19
25	48	21	49
25	49	0	0
25	50	10	22
