19	1	0	0
19	2	1	3
19	3	0	0
19	4	1	3
19	5	2	6
19	6	11	12
19	7	2	6
19	8	1	3
19	9	1	3
19	10	2	6
19	11	0	0
19	12	0	0
19	13	2	6
19	14	11	12
19	15	5	16
19	16	0	0
19	17	15	18
19	18	31	32
19	19	5	16
19	20	11	12
19	21	17	22
19	22	28	29
19	23	5	16
19	24	17	22
19	25	11	12
19	26	21	27
19	27	0	0
19	28	0	0
19	29	41	42
19	30	21	27
19	31	0	0
19	32	35	36
19	33	28	29
19	34	17	22
19	35	37	38
19	36	0	0
19	37	0	0
19	38	0	0
19	39	17	22
19	40	5	16
19	41	0	0
19	42	0	0
19	43	26	44
19	44	0	0
19	45	37	38
19	46	31	32
19	47	21	27
19	48	31	32
19	49	41	42
19	50	0	0
