31	1	0	0
31	2	1	3
31	3	0	0
31	4	1	3
31	5	2	6
31	6	7	8
31	7	0	0
31	8	0	0
31	9	1	3
31	10	7	8
31	11	7	8
31	12	7	8
31	13	5	14
31	14	0	0
31	15	5	14
31	16	13	17
31	17	24	25
31	18	1	3
31	19	13	17
31	20	5	14
31	21	5	14
31	22	2	6
31	23	13	17
31	24	27	28
31	25	0	0
31	26	24	25
31	27	37	38
31	28	0	0
31	29	2	6
31	30	13	17
31	31	24	25
31	32	2	6
31	33	27	28
31	34	16	35
31	35	42	43
31	36	24	25
31	37	0	0
31	38	0	0
31	39	27	28
31	40	16	35
31	41	27	28
31	42	44	45
31	43	0	0
31	44	0	0
31	45	0	0
31	46	42	43
31	47	42	43
31	48	16	35
31	49	16	35
31	50	0	0
