37	1	0	0
37	2	1	3
37	3	0	0
37	4	2	5
37	5	12	13
37	6	1	3
37	7	2	5
37	8	1	3
37	9	2	5
37	10	1	3
37	11	2	5
37	12	0	0
37	13	0	0
37	14	12	13
37	15	12	13
37	16	12	13
37	17	4	18
37	18	21	22
37	19	4	18
37	20	4	18
37	21	23	24
37	22	28	29
37	23	0	0
37	24	0	0
37	25	23	24
37	26	4	18
37	27	23	24
37	28	0	0
37	29	0	0
37	30	28	29
37	31	23	24
37	32	21	22
37	33	21	22
37	34	21	22
37	35	28	29
37	36	28	29
37	37	17	38
37	38	40	41
37	39	17	38
37	40	55	56
37	41	44	45
37	42	17	38
37	43	17	38
37	44	47	48
37	45	53	54
37	46	44	45
37	47	0	0
37	48	0	0
37	49	37	50
37	50	72	73
37	51	37	50
37	52	47	48
37	53	0	0
37	54	0	0
37	55	57	58
37	56	64	65
37	57	0	0
37	58	0	0
37	59	47	48
37	60	44	45
37	61	37	50
37	62	55	56
37	63	47	48
37	64	0	0
37	65	0	0
37	66	44	45
37	67	49	68
37	68	88	89
37	69	64	65
37	70	53	54
37	71	37	50
37	72	0	0
37	73	75	76
37	74	57	58
37	75	80	81
37	76	0	0
37	77	75	76
37	78	64	65
37	79	72	73
37	80	85	86
37	81	0	0
37	82	55	56
37	83	53	54
37	84	64	65
37	85	0	0
37	86	0	0
37	87	40	41
37	88	0	0
37	89	0	0
37	90	75	76
37	91	53	54
37	92	49	68
37	93	80	81
37	94	40	41
37	95	55	56
37	96	75	76
37	97	80	81
37	98	85	86
37	99	57	58
37	100	40	41
