33	1	0	0
33	2	1	3
33	3	0	0
33	4	1	3
33	5	2	6
33	6	29	30
33	7	1	3
33	8	2	6
33	9	2	6
33	10	2	6
33	11	5	12
33	12	22	23
33	13	5	12
33	14	11	15
33	15	25	26
33	16	1	3
33	17	14	18
33	18	42	43
33	19	5	12
33	20	5	12
33	21	14	18
33	22	0	0
33	23	0	0
33	24	14	18
33	25	27	28
33	26	38	39
33	27	0	0
33	28	45	46
33	29	0	0
33	30	0	0
33	31	11	15
33	32	22	23
33	33	17	34
33	34	0	0
33	35	25	26
33	36	25	26
33	37	17	34
33	38	0	0
33	39	0	0
33	40	22	23
33	41	25	26
33	42	0	0
33	43	0	0
33	44	22	23
33	45	0	0
33	46	0	0
33	47	14	18
33	48	42	43
33	49	42	43
33	50	0	0
