18	1	0	0
18	2	1	3
18	3	0	0
18	4	1	3
18	5	1	3
18	6	2	7
18	7	8	9
18	8	0	0
18	9	0	0
18	10	1	3
18	11	2	7
18	12	6	13
18	13	16	17
18	14	8	9
18	15	6	13
18	16	24	25
18	17	35	36
18	18	12	19
18	19	48	49
18	20	12	19
18	21	2	7
18	22	6	13
18	23	8	9
18	24	0	0
18	25	0	0
18	26	16	17
18	27	6	13
18	28	8	9
18	29	2	7
18	30	12	19
18	31	18	32
18	32	58	59
18	33	24	25
18	34	18	32
18	35	0	0
18	36	0	0
18	37	16	17
18	38	24	25
18	39	35	36
18	40	24	25
18	41	18	32
18	42	12	19
18	43	35	36
18	44	31	45
18	45	0	0
18	46	35	36
18	47	18	32
18	48	60	61
18	49	0	0
18	50	31	45
18	51	31	45
18	52	44	53
18	53	76	77
18	54	16	17
18	55	52	56
18	56	0	0
18	57	44	53
18	58	78	79
18	59	69	70
18	60	64	65
18	61	0	0
18	62	60	61
18	63	58	59
18	64	0	0
18	65	0	0
18	66	64	65
18	67	58	59
18	68	58	59
18	69	0	0
18	70	0	0
18	71	48	49
18	72	48	49
18	73	31	45
18	74	69	70
18	75	44	53
18	76	86	87
18	77	96	97
18	78	0	0
18	79	0	0
18	80	60	61
18	81	55	82
18	82	84	85
18	83	55	82
18	84	0	0
18	85	0	0
18	86	94	95
18	87	89	90
18	88	48	49
18	89	0	0
18	90	0	0
18	91	64	65
18	92	69	70
18	93	60	61
18	94	0	0
18	95	0	0
18	96	0	0
18	97	0	0
18	98	44	53
18	99	55	82
18	100	84	85
