37	1	0	0
37	2	1	3
37	3	0	0
37	4	1	3
37	5	2	6
37	6	10	11
37	7	5	8
37	8	17	18
37	9	1	3
37	10	0	0
37	11	0	0
37	12	5	8
37	13	2	6
37	14	5	8
37	15	1	3
37	16	2	6
37	17	53	54
37	18	42	43
37	19	10	11
37	20	17	18
37	21	2	6
37	22	10	11
37	23	7	24
37	24	25	26
37	25	27	28
37	26	30	31
37	27	35	36
37	28	64	65
37	29	25	26
37	30	33	34
37	31	104	105
37	32	25	26
37	33	0	0
37	34	0	0
37	35	0	0
37	36	0	0
37	37	30	31
37	38	7	24
37	39	30	31
37	40	5	8
37	41	35	36
37	42	0	0
37	43	0	0
37	44	27	28
37	45	17	18
37	46	27	28
37	47	42	43
37	48	7	24
37	49	33	34
37	50	10	11
37	51	42	43
37	52	7	24
37	53	0	0
37	54	0	0
37	55	25	26
37	56	23	57
37	57	67	68
37	58	17	18
37	59	30	31
37	60	42	43
37	61	23	57
37	62	23	57
37	63	33	34
37	64	0	0
37	65	0	0
37	66	23	57
37	67	72	73
37	68	248	249
37	69	67	68
37	70	27	28
37	71	33	34
37	72	85	86
37	73	81	82
37	74	56	75
37	75	76	77
37	76	92	93
37	77	83	84
37	78	35	36
37	79	74	80
37	80	110	111
37	81	115	116
37	82	113	114
37	83	155	156
37	84	169	170
37	85	129	130
37	86	143	144
37	87	35	36
37	88	72	73
37	89	53	54
37	90	83	84
37	91	76	77
37	92	97	98
37	93	287	288
37	94	85	86
37	95	76	77
37	96	67	68
37	97	152	153
37	98	99	100
37	99	101	102
37	100	108	109
37	101	0	0
37	102	0	0
37	103	97	98
37	104	0	0
37	105	0	0
37	106	99	100
37	107	72	73
37	108	0	0
37	109	0	0
37	110	146	147
37	111	137	138
37	112	76	77
37	113	0	0
37	114	0	0
37	115	0	0
37	116	0	0
37	117	113	114
37	118	64	65
37	119	79	120
37	120	171	172
37	121	104	105
37	122	92	93
37	123	64	65
37	124	113	114
37	125	56	75
37	126	56	75
37	127	81	82
37	128	83	84
37	129	0	0
37	130	0	0
37	131	101	102
37	132	115	116
37	133	83	84
37	134	110	111
37	135	115	116
37	136	110	111
37	137	221	222
37	138	175	176
37	139	74	80
37	140	108	109
37	141	101	102
37	142	92	93
37	143	0	0
37	144	0	0
37	145	67	68
37	146	161	162
37	147	376	377
37	148	108	109
37	149	72	73
37	150	53	54
37	151	108	109
37	152	619	620
37	153	177	178
37	154	64	65
37	155	385	386
37	156	237	238
37	157	146	147
37	158	97	98
37	159	92	93
37	160	101	102
37	161	179	180
37	162	199	200
37	163	152	153
37	164	85	86
37	165	85	86
37	166	56	75
37	167	152	153
37	168	110	111
37	169	252	253
37	170	246	247
37	171	298	299
37	172	227	228
37	173	143	144
37	174	161	162
37	175	209	210
37	176	308	309
37	177	0	0
37	178	0	0
37	179	188	189
37	180	331	332
37	181	113	114
37	182	171	172
37	183	53	54
37	184	146	147
37	185	79	120
37	186	129	130
37	187	129	130
37	188	275	276
37	189	196	197
37	190	179	180
37	191	129	130
37	192	115	116
37	193	74	80
37	194	161	162
37	195	79	120
37	196	0	0
37	197	0	0
37	198	171	172
37	199	202	203
37	200	774	775
37	201	155	156
37	202	280	281
37	203	239	240
37	204	104	105
37	205	177	178
37	206	177	178
37	207	175	176
37	208	199	200
37	209	217	218
37	210	283	284
37	211	137	138
37	212	104	105
37	213	169	170
37	214	179	180
37	215	202	203
37	216	179	180
37	217	291	292
37	218	265	266
37	219	146	147
37	220	155	156
37	221	234	235
37	222	312	313
37	223	169	170
37	224	188	189
37	225	79	120
37	226	221	222
37	227	390	391
37	228	423	424
37	229	143	144
37	230	202	203
37	231	74	80
37	232	155	156
37	233	152	153
37	234	295	296
37	235	243	244
37	236	161	162
37	237	344	345
37	238	324	325
37	239	0	0
37	240	0	0
37	241	202	203
37	242	221	222
37	243	523	524
37	244	269	270
37	245	196	197
37	246	267	268
37	247	0	0
37	248	285	286
37	249	883	884
37	250	177	178
37	251	239	240
37	252	263	264
37	253	258	259
37	254	234	235
37	255	169	170
37	256	239	240
37	257	81	82
37	258	0	0
37	259	0	0
37	260	252	253
37	261	175	176
37	262	199	200
37	263	0	0
37	264	0	0
37	265	0	0
37	266	0	0
37	267	0	0
37	268	0	0
37	269	0	0
37	270	0	0
37	271	227	228
37	272	99	100
37	273	143	144
37	274	188	189
37	275	0	0
37	276	0	0
37	277	265	266
37	278	246	247
37	279	199	200
37	280	0	0
37	281	0	0
37	282	258	259
37	283	305	306
37	284	434	435
37	285	989	990
37	286	408	409
37	287	537	538
37	288	701	702
37	289	285	286
37	290	97	98
37	291	0	0
37	292	0	0
37	293	269	270
37	294	209	210
37	295	567	568
37	296	673	674
37	297	234	235
37	298	334	335
37	299	303	304
37	300	188	189
37	301	291	292
37	302	258	259
37	303	361	362
37	304	784	785
37	305	0	0
37	306	0	0
37	307	263	264
37	308	379	380
37	309	393	394
37	310	295	296
37	311	265	266
37	312	316	317
37	313	432	433
37	314	171	172
37	315	81	82
37	316	363	364
37	317	367	368
37	318	275	276
37	319	252	253
37	320	137	138
37	321	303	304
37	322	234	235
37	323	267	268
37	324	0	0
37	325	0	0
37	326	287	288
37	327	298	299
37	328	258	259
37	329	312	313
37	330	209	210
37	331	713	714
37	332	342	343
37	333	209	210
37	334	352	353
37	335	688	689
37	336	252	253
37	337	316	317
37	338	196	197
37	339	305	306
37	340	269	270
37	341	287	288
37	342	0	0
37	343	0	0
37	344	0	0
37	345	0	0
37	346	265	266
37	347	263	264
37	348	295	296
37	349	283	284
37	350	217	218
37	351	291	292
37	352	539	540
37	353	448	449
37	354	246	247
37	355	99	100
37	356	303	304
37	357	287	288
37	358	217	218
37	359	324	325
37	360	308	309
37	361	382	383
37	362	532	533
37	363	0	0
37	364	0	0
37	365	217	218
37	366	285	286
37	367	0	0
37	368	0	0
37	369	298	299
37	370	352	353
37	371	308	309
37	372	285	286
37	373	363	364
37	374	175	176
37	375	324	325
37	376	668	669
37	377	438	439
37	378	275	276
37	379	410	411
37	380	440	441
37	381	367	368
37	382	652	653
37	383	430	431
37	384	367	368
37	385	591	592
37	386	855	856
37	387	221	222
37	388	275	276
37	389	237	238
37	390	743	744
37	391	419	420
37	392	267	268
37	393	857	858
37	394	462	463
37	395	352	353
37	396	385	386
37	397	298	299
37	398	239	240
37	399	385	386
37	400	344	345
37	401	119	402
37	402	458	459
37	403	312	313
37	404	303	304
37	405	243	244
37	406	363	364
37	407	263	264
37	408	0	0
37	409	0	0
37	410	0	0
37	411	0	0
37	412	393	394
37	413	316	317
37	414	401	415
37	415	443	444
37	416	196	197
37	417	393	394
37	418	308	309
37	419	501	502
37	420	446	447
37	421	280	281
37	422	367	368
37	423	584	585
37	424	0	0
37	425	227	228
37	426	410	411
37	427	393	394
37	428	283	284
37	429	280	281
37	430	645	646
37	431	497	498
37	432	450	451
37	433	722	723
37	434	0	0
37	435	0	0
37	436	408	409
37	437	295	296
37	438	493	494
37	439	488	489
37	440	0	0
37	441	0	0
37	442	430	431
37	443	813	814
37	444	453	454
37	445	401	415
37	446	597	598
37	447	777	778
37	448	729	730
37	449	527	528
37	450	0	0
37	451	0	0
37	452	379	380
37	453	505	506
37	454	521	522
37	455	283	284
37	456	419	420
37	457	331	332
37	458	478	479
37	459	0	0
37	460	379	380
37	461	376	377
37	462	0	0
37	463	0	0
37	464	363	364
37	465	401	415
37	466	446	447
37	467	414	468
37	468	476	477
37	469	432	433
37	470	410	411
37	471	450	451
37	472	248	249
37	473	280	281
37	474	316	317
37	475	334	335
37	476	683	684
37	477	486	487
37	478	587	588
37	479	551	552
37	480	440	441
37	481	476	477
37	482	331	332
37	483	119	402
37	484	467	485
37	485	0	0
37	486	599	600
37	487	731	732
37	488	554	555
37	489	510	511
37	490	269	270
37	491	438	439
37	492	478	479
37	493	535	536
37	494	671	672
37	495	382	383
37	496	243	244
37	497	0	0
37	498	0	0
37	499	344	345
37	500	334	335
37	501	914	915
37	502	563	564
37	503	243	244
37	504	227	228
37	505	608	609
37	506	0	0
37	507	446	447
37	508	237	238
37	509	137	138
37	510	0	0
37	511	0	0
37	512	438	439
37	513	246	247
37	514	408	409
37	515	361	362
37	516	440	441
37	517	443	444
37	518	488	489
37	519	408	409
37	520	331	332
37	521	541	542
37	522	0	0
37	523	0	0
37	524	0	0
37	525	501	502
37	526	510	511
37	527	912	913
37	528	733	734
37	529	521	522
37	530	497	498
37	531	401	415
37	532	0	0
37	533	0	0
37	534	237	238
37	535	0	0
37	536	0	0
37	537	561	562
37	538	0	0
37	539	557	558
37	540	559	560
37	541	997	998
37	542	635	636
37	543	458	459
37	544	305	306
37	545	342	343
37	546	453	454
37	547	382	383
37	548	312	313
37	549	467	485
37	550	497	498
37	551	643	644
37	552	957	958
37	553	539	540
37	554	0	0
37	555	0	0
37	556	446	447
37	557	0	0
37	558	0	0
37	559	627	628
37	560	612	613
37	561	0	0
37	562	0	0
37	563	569	570
37	564	923	924
37	565	458	459
37	566	561	562
37	567	0	0
37	568	0	0
37	569	0	0
37	570	0	0
37	571	559	560
37	572	267	268
37	573	488	489
37	574	559	560
37	575	458	459
37	576	539	540
37	577	305	306
37	578	432	433
37	579	532	533
37	580	532	533
37	581	527	528
37	582	450	451
37	583	453	454
37	584	0	0
37	585	681	682
37	586	448	449
37	587	782	783
37	588	838	839
37	589	497	498
37	590	450	451
37	591	0	0
37	592	0	0
37	593	438	439
37	594	510	511
37	595	379	380
37	596	385	386
37	597	602	603
37	598	678	679
37	599	666	667
37	600	715	716
37	601	532	533
37	602	0	0
37	603	0	0
37	604	559	560
37	605	557	558
37	606	486	487
37	607	569	570
37	608	615	616
37	609	747	748
37	610	440	441
37	611	523	524
37	612	0	0
37	613	0	0
37	614	467	485
37	615	832	833
37	616	735	736
37	617	376	377
37	618	478	479
37	619	0	0
37	620	0	0
37	621	342	343
37	622	486	487
37	623	602	603
37	624	535	536
37	625	608	609
37	626	597	598
37	627	0	0
37	628	0	0
37	629	342	343
37	630	432	433
37	631	597	598
37	632	324	325
37	633	537	538
37	634	291	292
37	635	0	0
37	636	649	650
37	637	539	540
37	638	615	616
37	639	563	564
37	640	557	558
37	641	554	555
37	642	635	636
37	643	820	821
37	644	0	0
37	645	0	0
37	646	0	0
37	647	591	592
37	648	527	528
37	649	759	760
37	650	0	0
37	651	608	609
37	652	934	935
37	653	868	869
37	654	649	650
37	655	523	524
37	656	521	522
37	657	521	522
37	658	652	653
37	659	551	552
37	660	248	249
37	661	448	449
37	662	484	663
37	663	717	718
37	664	612	613
37	665	635	636
37	666	725	726
37	667	953	954
37	668	980	981
37	669	977	978
37	670	619	620
37	671	0	0
37	672	0	0
37	673	0	0
37	674	0	0
37	675	414	468
37	676	649	650
37	677	584	585
37	678	0	0
37	679	0	0
37	680	569	570
37	681	0	0
37	682	0	0
37	683	0	0
37	684	0	0
37	685	557	558
37	686	453	454
37	687	361	362
37	688	0	0
37	689	0	0
37	690	688	689
37	691	478	479
37	692	584	585
37	693	671	672
37	694	627	628
37	695	334	335
37	696	563	564
37	697	248	249
37	698	448	449
37	699	662	700
37	700	709	710
37	701	0	0
37	702	0	0
37	703	561	562
37	704	602	603
37	705	501	502
37	706	414	468
37	707	681	682
37	708	584	585
37	709	874	875
37	710	790	791
37	711	643	644
37	712	537	538
37	713	0	0
37	714	0	0
37	715	756	757
37	716	0	0
37	717	916	917
37	718	786	787
37	719	476	477
37	720	681	682
37	721	419	420
37	722	0	0
37	723	0	0
37	724	627	628
37	725	0	0
37	726	937	938
37	727	551	552
37	728	612	613
37	729	0	0
37	730	926	927
37	731	0	0
37	732	779	780
37	733	0	0
37	734	0	0
37	735	0	0
37	736	795	796
37	737	527	528
37	738	666	667
37	739	352	353
37	740	615	616
37	741	563	564
37	742	662	700
37	743	806	807
37	744	0	0
37	745	715	716
37	746	484	663
37	747	0	0
37	748	0	0
37	749	535	536
37	750	652	653
37	751	652	653
37	752	731	732
37	753	602	603
37	754	662	700
37	755	715	716
37	756	0	0
37	757	939	940
37	758	597	598
37	759	0	0
37	760	763	764
37	761	722	723
37	762	434	435
37	763	975	976
37	764	767	768
37	765	763	764
37	766	615	616
37	767	0	0
37	768	0	0
37	769	725	726
37	770	715	716
37	771	510	511
37	772	390	391
37	773	591	592
37	774	892	893
37	775	909	910
37	776	419	420
37	777	0	0
37	778	0	0
37	779	0	0
37	780	0	0
37	781	541	542
37	782	0	0
37	783	0	0
37	784	894	895
37	785	0	0
37	786	803	804
37	787	0	0
37	788	554	555
37	789	414	468
37	790	0	0
37	791	842	843
37	792	587	588
37	793	591	592
37	794	643	644
37	795	0	0
37	796	0	0
37	797	541	542
37	798	567	568
37	799	635	636
37	800	701	702
37	801	467	485
37	802	619	620
37	803	0	0
37	804	876	877
37	805	725	726
37	806	0	0
37	807	964	965
37	808	784	785
37	809	344	345
37	810	569	570
37	811	795	796
37	812	803	804
37	813	852	853
37	814	836	837
37	815	747	748
37	816	619	620
37	817	430	431
37	818	701	702
37	819	587	588
37	820	0	0
37	821	0	0
37	822	561	562
37	823	709	710
37	824	551	552
37	825	782	783
37	826	803	804
37	827	759	760
37	828	430	431
37	829	747	748
37	830	484	663
37	831	729	730
37	832	991	992
37	833	0	0
37	834	523	524
37	835	790	791
37	836	0	0
37	837	0	0
37	838	898	899
37	839	0	0
37	840	713	714
37	841	434	435
37	842	0	0
37	843	0	0
37	844	382	383
37	845	645	646
37	846	743	744
37	847	668	669
37	848	643	644
37	849	725	726
37	850	767	768
37	851	688	689
37	852	863	864
37	853	0	0
37	854	763	764
37	855	0	0
37	856	0	0
37	857	0	0
37	858	0	0
37	859	488	489
37	860	119	402
37	861	759	760
37	862	852	853
37	863	0	0
37	864	0	0
37	865	756	757
37	866	662	700
37	867	567	568
37	868	0	0
37	869	0	0
37	870	790	791
37	871	777	778
37	872	554	555
37	873	410	411
37	874	0	0
37	875	0	0
37	876	947	948
37	877	0	0
37	878	729	730
37	879	782	783
37	880	836	837
37	881	688	689
37	882	743	744
37	883	0	0
37	884	0	0
37	885	505	506
37	886	731	732
37	887	681	682
37	888	756	757
37	889	842	843
37	890	587	588
37	891	505	506
37	892	0	0
37	893	0	0
37	894	972	973
37	895	0	0
37	896	649	650
37	897	759	760
37	898	0	0
37	899	0	0
37	900	476	477
37	901	567	568
37	902	894	895
37	903	713	714
37	904	537	538
37	905	782	783
37	906	868	869
37	907	390	391
37	908	462	463
37	909	0	0
37	910	0	0
37	911	484	663
37	912	0	0
37	913	0	0
37	914	0	0
37	915	0	0
37	916	928	929
37	917	0	0
37	918	767	768
37	919	541	542
37	920	894	895
37	921	790	791
37	922	678	679
37	923	0	0
37	924	0	0
37	925	673	674
37	926	0	0
37	927	0	0
37	928	955	956
37	929	0	0
37	930	486	487
37	931	627	628
37	932	803	804
37	933	868	869
37	934	0	0
37	935	0	0
37	936	852	853
37	937	0	0
37	938	0	0
37	939	0	0
37	940	0	0
37	941	874	875
37	942	916	917
37	943	361	362
37	944	832	833
37	945	443	444
37	946	701	702
37	947	983	984
37	948	951	952
37	949	777	778
37	950	119	402
37	951	0	0
37	952	0	0
37	953	0	0
37	954	0	0
37	955	970	971
37	956	961	962
37	957	0	0
37	958	0	0
37	959	951	952
37	960	423	424
37	961	0	0
37	962	0	0
37	963	947	948
37	964	0	0
37	965	0	0
37	966	955	956
37	967	857	858
37	968	493	494
37	969	898	899
37	970	0	0
37	971	0	0
37	972	0	0
37	973	0	0
37	974	731	732
37	975	0	0
37	976	0	0
37	977	0	0
37	978	0	0
37	979	972	973
37	980	0	0
37	981	999	1000
37	982	855	856
37	983	0	0
37	984	0	0
37	985	795	796
37	986	767	768
37	987	898	899
37	988	928	929
37	989	0	0
37	990	0	0
37	991	0	0
37	992	0	0
37	993	735	736
37	994	836	837
37	995	763	764
37	996	970	971
37	997	0	0
37	998	0	0
37	999	0	0
37	1000	0	0
