10	1	0	0
10	2	1	3
10	3	0	0
10	4	1	3
10	5	2	6
10	6	10	11
10	7	2	6
10	8	2	6
10	9	2	6
10	10	0	0
10	11	0	0
10	12	1	3
10	13	1	3
10	14	5	15
10	15	18	19
10	16	10	11
10	17	10	11
10	18	28	29
10	19	23	24
10	20	18	19
10	21	5	15
10	22	5	15
10	23	0	0
10	24	0	0
10	25	23	24
10	26	10	11
10	27	18	19
10	28	0	0
10	29	0	0
10	30	28	29
10	31	14	32
10	32	36	37
10	33	31	34
10	34	85	86
10	35	31	34
10	36	48	49
10	37	57	58
10	38	36	37
10	39	5	15
10	40	18	19
10	41	36	37
10	42	23	24
10	43	36	37
10	44	31	34
10	45	33	46
10	46	72	73
10	47	33	46
10	48	70	71
10	49	54	55
10	50	28	29
10	51	31	34
10	52	14	32
10	53	14	32
10	54	0	0
10	55	0	0
10	56	23	24
10	57	78	79
10	58	64	65
10	59	33	46
10	60	57	58
10	61	33	46
10	62	54	55
10	63	54	55
10	64	0	0
10	65	0	0
10	66	48	49
10	67	54	55
10	68	48	49
10	69	28	29
10	70	0	0
10	71	0	0
10	72	256	257
10	73	156	157
10	74	64	65
10	75	57	58
10	76	14	32
10	77	57	58
10	78	0	0
10	79	0	0
10	80	64	65
10	81	72	73
10	82	78	79
10	83	72	73
10	84	78	79
10	85	98	99
10	86	121	122
10	87	45	88
10	88	89	90
10	89	144	145
10	90	103	104
10	91	64	65
10	92	45	88
10	93	70	71
10	94	70	71
10	95	48	49
10	96	72	73
10	97	89	90
10	98	106	107
10	99	109	110
10	100	85	86
10	101	87	102
10	102	112	113
10	103	147	148
10	104	119	120
10	105	85	86
10	106	172	173
10	107	152	153
10	108	98	99
10	109	128	129
10	110	361	362
10	111	98	99
10	112	194	195
10	113	117	118
10	114	112	113
10	115	45	88
10	116	70	71
10	117	130	131
10	118	187	188
10	119	137	138
10	120	185	186
10	121	160	161
10	122	166	167
10	123	119	120
10	124	87	102
10	125	89	90
10	126	112	113
10	127	117	118
10	128	0	0
10	129	0	0
10	130	0	0
10	131	175	176
10	132	85	86
10	133	128	129
10	134	130	131
10	135	112	113
10	136	117	118
10	137	225	226
10	138	462	463
10	139	117	118
10	140	130	131
10	141	101	142
10	142	150	151
10	143	121	122
10	144	466	467
10	145	230	231
10	146	130	131
10	147	182	183
10	148	228	229
10	149	109	110
10	150	405	406
10	151	269	270
10	152	0	0
10	153	0	0
10	154	147	148
10	155	147	148
10	156	0	0
10	157	177	178
10	158	150	151
10	159	147	148
10	160	180	181
10	161	208	209
10	162	160	161
10	163	103	104
10	164	160	161
10	165	103	104
10	166	252	253
10	167	213	214
10	168	89	90
10	169	121	122
10	170	101	142
10	171	150	151
10	172	0	0
10	173	0	0
10	174	137	138
10	175	299	300
10	176	202	203
10	177	293	294
10	178	451	452
10	179	177	178
10	180	0	0
10	181	0	0
10	182	238	239
10	183	0	0
10	184	101	142
10	185	190	191
10	186	272	273
10	187	240	241
10	188	204	205
10	189	177	178
10	190	280	281
10	191	234	235
10	192	144	145
10	193	119	120
10	194	0	0
10	195	217	218
10	196	98	99
10	197	128	129
10	198	180	181
10	199	187	188
10	200	172	173
10	201	190	191
10	202	0	0
10	203	0	0
10	204	0	0
10	205	331	332
10	206	87	102
10	207	190	191
10	208	0	0
10	209	0	0
10	210	141	211
10	211	247	248
10	212	150	151
10	213	0	0
10	214	0	0
10	215	141	211
10	216	204	205
10	217	232	233
10	218	222	223
10	219	156	157
10	220	106	107
10	221	187	188
10	222	290	291
10	223	414	415
10	224	222	223
10	225	242	243
10	226	254	255
10	227	185	186
10	228	264	265
10	229	365	366
10	230	287	288
10	231	328	329
10	232	262	263
10	233	0	0
10	234	0	0
10	235	0	0
10	236	187	188
10	237	180	181
10	238	383	384
10	239	0	0
10	240	0	0
10	241	367	368
10	242	0	0
10	243	0	0
10	244	230	231
10	245	144	145
10	246	230	231
10	247	0	0
10	248	283	284
10	249	240	241
10	250	172	173
10	251	156	157
10	252	0	0
10	253	0	0
10	254	0	0
10	255	0	0
10	256	352	353
10	257	398	399
10	258	87	102
10	259	103	104
10	260	240	241
10	261	194	195
10	262	0	0
10	263	317	318
10	264	373	374
10	265	312	313
10	266	109	110
10	267	252	253
10	268	101	142
10	269	275	276
10	270	336	337
10	271	121	122
10	272	378	379
10	273	309	310
10	274	272	273
10	275	408	409
10	276	0	0
10	277	272	273
10	278	247	248
10	279	275	276
10	280	0	0
10	281	0	0
10	282	160	161
10	283	301	302
10	284	0	0
10	285	175	176
10	286	242	243
10	287	0	0
10	288	371	372
10	289	119	120
10	290	342	343
10	291	355	356
10	292	172	173
10	293	306	307
10	294	0	0
10	295	144	145
10	296	204	205
10	297	137	138
10	298	269	270
10	299	319	320
10	300	0	0
10	301	0	0
10	302	0	0
10	303	262	263
10	304	175	176
10	305	252	253
10	306	0	0
10	307	0	0
10	308	194	195
10	309	0	0
10	310	0	0
10	311	208	209
10	312	0	0
10	313	0	0
10	314	194	195
10	315	247	248
10	316	234	235
10	317	432	433
10	318	334	335
10	319	387	388
10	320	449	450
10	321	275	276
10	322	177	178
10	323	264	265
10	324	312	313
10	325	156	157
10	326	190	191
10	327	137	138
10	328	442	443
10	329	0	0
10	330	152	153
10	331	0	0
10	332	381	382
10	333	262	263
10	334	0	0
10	335	0	0
10	336	0	0
10	337	375	376
10	338	334	335
10	339	328	329
10	340	299	300
10	341	240	241
10	342	455	456
10	343	0	0
10	344	180	181
10	345	152	153
10	346	336	337
10	347	264	265
10	348	336	337
10	349	275	276
10	350	290	291
10	351	309	310
10	352	0	0
10	353	427	428
10	354	319	320
10	355	0	0
10	356	0	0
10	357	109	110
10	358	106	107
10	359	272	273
10	360	309	310
10	361	0	0
10	362	0	0
10	363	175	176
10	364	202	203
10	365	0	0
10	366	445	446
10	367	423	424
10	368	401	402
10	369	230	231
10	370	290	291
10	371	0	0
10	372	0	0
10	373	0	0
10	374	0	0
10	375	496	497
10	376	0	0
10	377	334	335
10	378	0	0
10	379	0	0
10	380	373	374
10	381	0	0
10	382	485	486
10	383	0	0
10	384	0	0
10	385	334	335
10	386	290	291
10	387	0	0
10	388	0	0
10	389	287	288
10	390	152	153
10	391	319	320
10	392	234	235
10	393	361	362
10	394	378	379
10	395	352	353
10	396	299	300
10	397	185	186
10	398	403	404
10	399	481	482
10	400	264	265
10	401	0	0
10	402	418	419
10	403	0	0
10	404	0	0
10	405	435	436
10	406	0	0
10	407	78	79
10	408	0	0
10	409	473	474
10	410	208	209
10	411	293	294
10	412	228	229
10	413	213	214
10	414	0	0
10	415	0	0
10	416	269	270
10	417	283	284
10	418	0	0
10	419	0	0
10	420	365	366
10	421	213	214
10	422	252	253
10	423	0	0
10	424	458	459
10	425	141	211
10	426	213	214
10	427	492	493
10	428	437	438
10	429	262	263
10	430	217	218
10	431	342	343
10	432	0	0
10	433	0	0
10	434	367	368
10	435	0	0
10	436	0	0
10	437	0	0
10	438	0	0
10	439	437	438
10	440	328	329
10	441	401	402
10	442	0	0
10	443	0	0
10	444	373	374
10	445	0	0
10	446	0	0
10	447	293	294
10	448	222	223
10	449	0	0
10	450	0	0
10	451	0	0
10	452	0	0
10	453	242	243
10	454	408	409
10	455	0	0
10	456	0	0
10	457	317	318
10	458	0	0
10	459	0	0
10	460	375	376
10	461	328	329
10	462	0	0
10	463	0	0
10	464	210	465
10	465	0	0
10	466	489	490
10	467	0	0
10	468	166	167
10	469	352	353
10	470	309	310
10	471	182	183
10	472	336	337
10	473	0	0
10	474	0	0
10	475	418	419
10	476	445	446
10	477	398	399
10	478	455	456
10	479	331	332
10	480	301	302
10	481	0	0
10	482	0	0
10	483	355	356
10	484	427	428
10	485	0	0
10	486	0	0
10	487	378	379
10	488	398	399
10	489	0	0
10	490	0	0
10	491	432	433
10	492	0	0
10	493	0	0
10	494	45	88
10	495	293	294
10	496	0	0
10	497	0	0
10	498	208	209
10	499	204	205
10	500	0	0
