26	1	0	0
26	2	1	3
26	3	0	0
26	4	2	5
26	5	12	13
26	6	1	3
26	7	2	5
26	8	1	3
26	9	2	5
26	10	4	11
26	11	57	58
26	12	0	0
26	13	0	0
26	14	1	3
26	15	4	11
26	16	12	13
26	17	2	5
26	18	4	11
26	19	10	20
26	20	29	30
26	21	10	20
26	22	12	13
26	23	10	20
26	24	4	11
26	25	12	13
26	26	19	27
26	27	32	33
26	28	10	20
26	29	0	0
26	30	39	40
26	31	19	27
26	32	34	35
26	33	54	55
26	34	61	62
26	35	0	0
26	36	32	33
26	37	34	35
26	38	32	33
26	39	41	42
26	40	50	51
26	41	0	0
26	42	0	0
26	43	34	35
26	44	29	30
26	45	26	46
26	46	63	64
26	47	26	46
26	48	45	49
26	49	90	91
26	50	0	0
26	51	0	0
26	52	34	35
26	53	32	33
26	54	0	0
26	55	72	73
26	56	50	51
26	57	0	0
26	58	0	0
26	59	19	27
26	60	29	30
26	61	84	85
26	62	66	67
26	63	82	83
26	64	76	77
26	65	39	40
26	66	0	0
26	67	0	0
26	68	26	46
26	69	61	62
26	70	57	58
26	71	29	30
26	72	0	0
26	73	92	93
26	74	19	27
26	75	41	42
26	76	99	100
26	77	0	0
26	78	45	49
26	79	61	62
26	80	39	40
26	81	45	49
26	82	0	0
26	83	0	0
26	84	0	0
26	85	0	0
26	86	41	42
26	87	61	62
26	88	82	83
26	89	82	83
26	90	0	0
26	91	0	0
26	92	0	0
26	93	0	0
26	94	92	93
26	95	54	55
26	96	50	51
26	97	41	42
26	98	57	58
26	99	0	0
26	100	0	0
