9	1	0	0
9	2	1	3
9	3	0	0
9	4	1	3
9	5	1	3
9	6	1	3
9	7	2	8
9	8	12	13
9	9	2	8
9	10	2	8
9	11	2	8
9	12	0	0
9	13	0	0
9	14	7	15
9	15	18	19
9	16	12	13
9	17	7	15
9	18	23	24
9	19	29	30
9	20	18	19
9	21	18	19
9	22	12	13
9	23	0	0
9	24	0	0
9	25	14	26
9	26	53	54
9	27	7	15
9	28	23	24
9	29	0	0
9	30	0	0
9	31	18	19
9	32	29	30
9	33	25	34
9	34	37	38
9	35	29	30
9	36	25	34
9	37	43	44
9	38	56	57
9	39	29	30
9	40	14	26
9	41	12	13
9	42	14	26
9	43	50	51
9	44	103	104
9	45	14	26
9	46	43	44
9	47	7	15
9	48	37	38
9	49	25	34
9	50	75	76
9	51	59	60
9	52	37	38
9	53	144	145
9	54	303	304
9	55	53	54
9	56	62	63
9	57	167	168
9	58	53	54
9	59	0	0
9	60	0	0
9	61	37	38
9	62	134	135
9	63	92	93
9	64	62	63
9	65	33	66
9	66	81	82
9	67	33	66
9	68	23	24
9	69	56	57
9	70	65	71
9	71	239	240
9	72	50	51
9	73	59	60
9	74	33	66
9	75	0	0
9	76	0	0
9	77	43	44
9	78	56	57
9	79	23	24
9	80	33	66
9	81	84	85
9	82	123	124
9	83	59	60
9	84	120	121
9	85	155	156
9	86	59	60
9	87	25	34
9	88	43	44
9	89	50	51
9	90	50	51
9	91	65	71
9	92	0	0
9	93	0	0
9	94	84	85
9	95	84	85
9	96	70	97
9	97	101	102
9	98	70	97
9	99	92	93
9	100	56	57
9	101	106	107
9	102	109	110
9	103	256	257
9	104	364	365
9	105	70	97
9	106	113	114
9	107	118	119
9	108	92	93
9	109	140	141
9	110	162	163
9	111	103	104
9	112	101	102
9	113	241	242
9	114	165	166
9	115	81	82
9	116	96	117
9	117	152	153
9	118	288	289
9	119	860	861
9	120	195	196
9	121	267	268
9	122	113	114
9	123	147	148
9	124	647	648
9	125	116	126
9	126	391	392
9	127	101	102
9	128	113	114
9	129	96	117
9	130	113	114
9	131	84	85
9	132	106	107
9	133	109	110
9	134	0	0
9	135	0	0
9	136	65	71
9	137	116	126
9	138	134	135
9	139	109	110
9	140	399	400
9	141	159	160
9	142	75	76
9	143	118	119
9	144	204	205
9	145	547	548
9	146	134	135
9	147	519	520
9	148	214	215
9	149	106	107
9	150	75	76
9	151	118	119
9	152	169	170
9	153	176	177
9	154	103	104
9	155	264	265
9	156	174	175
9	157	155	156
9	158	96	117
9	159	600	601
9	160	438	439
9	161	109	110
9	162	188	189
9	163	226	227
9	164	103	104
9	165	434	435
9	166	183	184
9	167	556	557
9	168	171	172
9	169	200	201
9	170	395	396
9	171	0	0
9	172	0	0
9	173	70	97
9	174	249	250
9	175	562	563
9	176	371	372
9	177	318	319
9	178	144	145
9	179	118	119
9	180	125	181
9	181	237	238
9	182	134	135
9	183	220	221
9	184	387	388
9	185	144	145
9	186	162	163
9	187	169	170
9	188	270	271
9	189	580	581
9	190	188	189
9	191	125	181
9	192	169	170
9	193	140	141
9	194	96	117
9	195	198	199
9	196	300	301
9	197	152	153
9	198	0	0
9	199	0	0
9	200	479	480
9	201	210	211
9	202	65	71
9	203	75	76
9	204	0	0
9	205	0	0
9	206	180	207
9	207	360	361
9	208	198	199
9	209	188	189
9	210	246	247
9	211	254	255
9	212	101	102
9	213	180	207
9	214	327	328
9	215	259	260
9	216	81	82
9	217	188	189
9	218	167	168
9	219	123	124
9	220	0	0
9	221	607	608
9	222	200	201
9	223	176	177
9	224	159	160
9	225	92	93
9	226	228	229
9	227	262	263
9	228	444	445
9	229	232	233
9	230	200	201
9	231	120	121
9	232	296	297
9	233	252	253
9	234	147	148
9	235	125	181
9	236	226	227
9	237	413	414
9	238	731	732
9	239	793	794
9	240	330	331
9	241	323	324
9	242	938	939
9	243	220	221
9	244	241	242
9	245	62	63
9	246	475	476
9	247	510	511
9	248	53	54
9	249	0	0
9	250	0	0
9	251	176	177
9	252	0	0
9	253	0	0
9	254	334	335
9	255	515	516
9	256	0	0
9	257	0	0
9	258	167	168
9	259	0	0
9	260	0	0
9	261	62	63
9	262	377	378
9	263	424	425
9	264	332	333
9	265	341	342
9	266	81	82
9	267	355	356
9	268	583	584
9	269	214	215
9	270	877	878
9	271	687	688
9	272	270	271
9	273	204	205
9	274	195	196
9	275	256	257
9	276	155	156
9	277	232	233
9	278	206	279
9	279	494	495
9	280	180	207
9	281	256	257
9	282	252	253
9	283	106	107
9	284	210	211
9	285	169	170
9	286	174	175
9	287	162	163
9	288	350	351
9	289	408	409
9	290	183	184
9	291	262	263
9	292	241	242
9	293	165	166
9	294	264	265
9	295	147	148
9	296	0	0
9	297	0	0
9	298	162	163
9	299	174	175
9	300	0	0
9	301	0	0
9	302	116	126
9	303	309	310
9	304	316	317
9	305	252	253
9	306	249	250
9	307	288	289
9	308	256	257
9	309	0	0
9	310	0	0
9	311	262	263
9	312	195	196
9	313	239	240
9	314	147	148
9	315	264	265
9	316	0	0
9	317	0	0
9	318	928	929
9	319	0	0
9	320	167	168
9	321	246	247
9	322	176	177
9	323	448	449
9	324	325	326
9	325	428	429
9	326	381	382
9	327	0	0
9	328	0	0
9	329	239	240
9	330	347	348
9	331	374	375
9	332	0	0
9	333	0	0
9	334	490	491
9	335	339	340
9	336	144	145
9	337	241	242
9	338	296	297
9	339	432	433
9	340	605	606
9	341	0	0
9	342	0	0
9	343	120	121
9	344	123	124
9	345	252	253
9	346	259	260
9	347	551	552
9	348	740	741
9	349	323	324
9	350	753	754
9	351	541	542
9	352	270	271
9	353	226	227
9	354	195	196
9	355	0	0
9	356	0	0
9	357	330	331
9	358	288	289
9	359	327	328
9	360	595	596
9	361	614	615
9	362	246	247
9	363	300	301
9	364	0	0
9	365	0	0
9	366	226	227
9	367	303	304
9	368	198	199
9	369	237	238
9	370	350	351
9	371	645	646
9	372	441	442
9	373	267	268
9	374	536	537
9	375	446	447
9	376	210	211
9	377	0	0
9	378	507	508
9	379	309	310
9	380	183	184
9	381	0	0
9	382	0	0
9	383	303	304
9	384	125	181
9	385	249	250
9	386	267	268
9	387	765	766
9	388	416	417
9	389	325	326
9	390	316	317
9	391	627	628
9	392	521	522
9	393	300	301
9	394	214	215
9	395	487	488
9	396	0	0
9	397	318	319
9	398	159	160
9	399	631	632
9	400	0	0
9	401	155	156
9	402	332	333
9	403	360	361
9	404	210	211
9	405	350	351
9	406	123	124
9	407	347	348
9	408	420	421
9	409	999	1000
9	410	327	328
9	411	391	392
9	412	246	247
9	413	971	972
9	414	0	0
9	415	339	340
9	416	0	0
9	417	0	0
9	418	254	255
9	419	152	153
9	420	742	743
9	421	0	0
9	422	341	342
9	423	220	221
9	424	477	478
9	425	566	567
9	426	264	265
9	427	300	301
9	428	0	0
9	429	0	0
9	430	309	310
9	431	120	121
9	432	0	0
9	433	0	0
9	434	813	814
9	435	880	881
9	436	350	351
9	437	381	382
9	438	462	463
9	439	662	663
9	440	399	400
9	441	586	587
9	442	0	0
9	443	152	153
9	444	612	613
9	445	534	535
9	446	453	454
9	447	0	0
9	448	505	506
9	449	526	527
9	450	332	333
9	451	374	375
9	452	330	331
9	453	455	456
9	454	642	643
9	455	0	0
9	456	0	0
9	457	428	429
9	458	374	375
9	459	371	372
9	460	140	141
9	461	377	378
9	462	553	554
9	463	649	650
9	464	165	166
9	465	377	378
9	466	232	233
9	467	420	421
9	468	232	233
9	469	309	310
9	470	171	172
9	471	374	375
9	472	428	429
9	473	341	342
9	474	237	238
9	475	658	659
9	476	827	828
9	477	0	0
9	478	0	0
9	479	660	661
9	480	829	830
9	481	413	414
9	482	434	435
9	483	318	319
9	484	323	324
9	485	220	221
9	486	428	429
9	487	0	0
9	488	0	0
9	489	171	172
9	490	989	990
9	491	773	774
9	492	165	166
9	493	377	378
9	494	500	501
9	495	0	0
9	496	479	480
9	497	391	392
9	498	332	333
9	499	475	476
9	500	778	779
9	501	591	592
9	502	381	382
9	503	316	317
9	504	441	442
9	505	0	0
9	506	0	0
9	507	0	0
9	508	0	0
9	509	479	480
9	510	0	0
9	511	620	621
9	512	500	501
9	513	206	279
9	514	479	480
9	515	0	0
9	516	889	890
9	517	339	340
9	518	387	388
9	519	0	0
9	520	804	805
9	521	692	693
9	522	545	546
9	523	505	506
9	524	325	326
9	525	171	172
9	526	0	0
9	527	0	0
9	528	444	445
9	529	214	215
9	530	174	175
9	531	510	511
9	532	526	527
9	533	526	527
9	534	0	0
9	535	0	0
9	536	0	0
9	537	588	589
9	538	534	535
9	539	254	255
9	540	399	400
9	541	720	721
9	542	899	900
9	543	399	400
9	544	249	250
9	545	800	801
9	546	570	571
9	547	0	0
9	548	0	0
9	549	446	447
9	550	262	263
9	551	808	809
9	552	0	0
9	553	0	0
9	554	0	0
9	555	206	279
9	556	0	0
9	557	0	0
9	558	526	527
9	559	204	205
9	560	360	361
9	561	318	319
9	562	0	0
9	563	0	0
9	564	534	535
9	565	198	199
9	566	0	0
9	567	0	0
9	568	556	557
9	569	183	184
9	570	0	0
9	571	727	728
9	572	444	445
9	573	434	435
9	574	438	439
9	575	267	268
9	576	341	342
9	577	140	141
9	578	562	563
9	579	424	425
9	580	751	752
9	581	624	625
9	582	500	501
9	583	0	0
9	584	0	0
9	585	490	491
9	586	702	703
9	587	0	0
9	588	616	617
9	589	997	998
9	590	519	520
9	591	0	0
9	592	633	634
9	593	387	388
9	594	424	425
9	595	698	699
9	596	683	684
9	597	566	567
9	598	159	160
9	599	334	335
9	600	947	948
9	601	0	0
9	602	416	417
9	603	395	396
9	604	355	356
9	605	0	0
9	606	0	0
9	607	0	0
9	608	0	0
9	609	323	324
9	610	254	255
9	611	237	238
9	612	0	0
9	613	0	0
9	614	0	0
9	615	856	857
9	616	0	0
9	617	0	0
9	618	424	425
9	619	566	567
9	620	653	654
9	621	833	834
9	622	239	240
9	623	204	205
9	624	757	758
9	625	0	0
9	626	413	414
9	627	717	718
9	628	0	0
9	629	444	445
9	630	200	201
9	631	0	0
9	632	671	672
9	633	771	772
9	634	0	0
9	635	477	478
9	636	490	491
9	637	631	632
9	638	556	557
9	639	391	392
9	640	588	589
9	641	330	331
9	642	0	0
9	643	0	0
9	644	420	421
9	645	924	925
9	646	0	0
9	647	679	680
9	648	0	0
9	649	0	0
9	650	0	0
9	651	500	501
9	652	541	542
9	653	0	0
9	654	0	0
9	655	364	365
9	656	556	557
9	657	510	511
9	658	0	0
9	659	0	0
9	660	926	927
9	661	816	817
9	662	676	677
9	663	0	0
9	664	505	506
9	665	448	449
9	666	658	659
9	667	607	608
9	668	631	632
9	669	408	409
9	670	647	648
9	671	760	761
9	672	0	0
9	673	381	382
9	674	475	476
9	675	653	654
9	676	0	0
9	677	0	0
9	678	327	328
9	679	707	708
9	680	0	0
9	681	420	421
9	682	116	126
9	683	0	0
9	684	940	941
9	685	316	317
9	686	462	463
9	687	797	798
9	688	0	0
9	689	547	548
9	690	395	396
9	691	339	340
9	692	864	865
9	693	0	0
9	694	627	628
9	695	605	606
9	696	658	659
9	697	612	613
9	698	0	0
9	699	0	0
9	700	671	672
9	701	545	546
9	702	0	0
9	703	744	745
9	704	534	535
9	705	633	634
9	706	206	279
9	707	0	0
9	708	0	0
9	709	580	581
9	710	494	495
9	711	448	449
9	712	679	680
9	713	413	414
9	714	595	596
9	715	627	628
9	716	434	435
9	717	0	0
9	718	762	763
9	719	627	628
9	720	0	0
9	721	0	0
9	722	303	304
9	723	288	289
9	724	633	634
9	725	371	372
9	726	620	621
9	727	0	0
9	728	0	0
9	729	270	271
9	730	692	693
9	731	0	0
9	732	825	826
9	733	462	463
9	734	408	409
9	735	717	718
9	736	600	601
9	737	519	520
9	738	633	634
9	739	583	584
9	740	969	970
9	741	785	786
9	742	0	0
9	743	0	0
9	744	868	869
9	745	0	0
9	746	553	554
9	747	720	721
9	748	228	229
9	749	395	396
9	750	545	546
9	751	920	921
9	752	0	0
9	753	852	853
9	754	781	782
9	755	660	661
9	756	494	495
9	757	0	0
9	758	0	0
9	759	347	348
9	760	0	0
9	761	0	0
9	762	955	956
9	763	902	903
9	764	547	548
9	765	0	0
9	766	0	0
9	767	742	743
9	768	702	703
9	769	753	754
9	770	432	433
9	771	0	0
9	772	950	951
9	773	0	0
9	774	0	0
9	775	521	522
9	776	720	721
9	777	751	752
9	778	973	974
9	779	791	792
9	780	510	511
9	781	0	0
9	782	0	0
9	783	616	617
9	784	441	442
9	785	0	0
9	786	0	0
9	787	624	625
9	788	180	207
9	789	347	348
9	790	771	772
9	791	0	0
9	792	0	0
9	793	0	0
9	794	872	873
9	795	744	745
9	796	616	617
9	797	0	0
9	798	0	0
9	799	676	677
9	800	0	0
9	801	0	0
9	802	751	752
9	803	441	442
9	804	0	0
9	805	0	0
9	806	595	596
9	807	553	554
9	808	0	0
9	809	0	0
9	810	355	356
9	811	808	809
9	812	808	809
9	813	854	855
9	814	0	0
9	815	591	592
9	816	931	932
9	817	0	0
9	818	692	693
9	819	751	752
9	820	259	260
9	821	624	625
9	822	387	388
9	823	432	433
9	824	607	608
9	825	843	844
9	826	953	954
9	827	0	0
9	828	913	914
9	829	0	0
9	830	0	0
9	831	762	763
9	832	791	792
9	833	0	0
9	834	0	0
9	835	490	491
9	836	588	589
9	837	702	703
9	838	731	732
9	839	620	621
9	840	519	520
9	841	647	648
9	842	620	621
9	843	0	0
9	844	0	0
9	845	600	601
9	846	843	844
9	847	614	615
9	848	605	606
9	849	507	508
9	850	742	743
9	851	448	449
9	852	0	0
9	853	0	0
9	854	0	0
9	855	0	0
9	856	0	0
9	857	0	0
9	858	742	743
9	859	334	335
9	860	0	0
9	861	0	0
9	862	259	260
9	863	692	693
9	864	0	0
9	865	0	0
9	866	813	814
9	867	829	830
9	868	0	0
9	869	0	0
9	870	804	805
9	871	698	699
9	872	958	959
9	873	0	0
9	874	765	766
9	875	507	508
9	876	462	463
9	877	0	0
9	878	0	0
9	879	813	814
9	880	0	0
9	881	0	0
9	882	852	853
9	883	562	563
9	884	355	356
9	885	762	763
9	886	614	615
9	887	852	853
9	888	521	522
9	889	894	895
9	890	991	992
9	891	477	478
9	892	816	817
9	893	698	699
9	894	0	0
9	895	0	0
9	896	868	869
9	897	566	567
9	898	679	680
9	899	0	0
9	900	0	0
9	901	765	766
9	902	0	0
9	903	942	943
9	904	595	596
9	905	453	454
9	906	808	809
9	907	653	654
9	908	880	881
9	909	671	672
9	910	804	805
9	911	642	643
9	912	852	853
9	913	0	0
9	914	0	0
9	915	521	522
9	916	614	615
9	917	762	763
9	918	645	646
9	919	662	663
9	920	0	0
9	921	0	0
9	922	612	613
9	923	791	792
9	924	0	0
9	925	0	0
9	926	0	0
9	927	975	976
9	928	0	0
9	929	0	0
9	930	899	900
9	931	0	0
9	932	0	0
9	933	902	903
9	934	800	801
9	935	880	881
9	936	671	672
9	937	676	677
9	938	0	0
9	939	0	0
9	940	0	0
9	941	0	0
9	942	0	0
9	943	0	0
9	944	872	873
9	945	942	943
9	946	649	650
9	947	0	0
9	948	0	0
9	949	536	537
9	950	0	0
9	951	0	0
9	952	545	546
9	953	0	0
9	954	0	0
9	955	0	0
9	956	0	0
9	957	717	718
9	958	983	984
9	959	0	0
9	960	781	782
9	961	408	409
9	962	453	454
9	963	797	798
9	964	856	857
9	965	791	792
9	966	687	688
9	967	607	608
9	968	647	648
9	969	0	0
9	970	0	0
9	971	0	0
9	972	0	0
9	973	0	0
9	974	0	0
9	975	0	0
9	976	0	0
9	977	931	932
9	978	731	732
9	979	920	921
9	980	833	834
9	981	416	417
9	982	438	439
9	983	0	0
9	984	0	0
9	985	325	326
9	986	475	476
9	987	864	865
9	988	553	554
9	989	0	0
9	990	0	0
9	991	0	0
9	992	0	0
9	993	453	454
9	994	507	508
9	995	797	798
9	996	753	754
9	997	0	0
9	998	0	0
9	999	0	0
9	1000	0	0
