30	1	0	0
30	2	1	3
30	3	0	0
30	4	1	3
30	5	2	6
30	6	13	14
30	7	2	6
30	8	2	6
30	9	2	6
30	10	5	11
30	11	18	19
30	12	1	3
30	13	0	0
30	14	0	0
30	15	1	3
30	16	10	17
30	17	20	21
30	18	0	0
30	19	0	0
30	20	32	33
30	21	41	42
30	22	18	19
30	23	5	11
30	24	18	19
30	25	18	19
30	26	13	14
30	27	16	28
30	28	0	0
30	29	10	17
30	30	5	11
30	31	13	14
30	32	0	0
30	33	39	40
30	34	20	21
30	35	32	33
30	36	32	33
30	37	32	33
30	38	10	17
30	39	0	0
30	40	0	0
30	41	43	44
30	42	47	48
30	43	0	0
30	44	0	0
30	45	39	40
30	46	16	28
30	47	0	0
30	48	0	0
30	49	39	40
30	50	16	28
