27	1	0	0
27	2	1	3
27	3	0	0
27	4	1	3
27	5	1	3
27	6	1	3
27	7	2	8
27	8	16	17
27	9	2	8
27	10	2	8
27	11	7	12
27	12	18	19
27	13	7	12
27	14	7	12
27	15	2	8
27	16	0	0
27	17	0	0
27	18	22	23
27	19	25	26
27	20	18	19
27	21	7	12
27	22	0	0
27	23	0	0
27	24	18	19
27	25	0	0
27	26	0	0
27	27	16	17
27	28	11	29
27	29	35	36
27	30	11	29
27	31	16	17
27	32	16	17
27	33	22	23
27	34	25	26
27	35	82	83
27	36	157	158
27	37	35	36
27	38	35	36
27	39	25	26
27	40	22	23
27	41	28	42
27	42	46	47
27	43	28	42
27	44	28	42
27	45	35	36
27	46	58	59
27	47	53	54
27	48	46	47
27	49	25	26
27	50	46	47
27	51	22	23
27	52	11	29
27	53	91	92
27	54	67	68
27	55	11	29
27	56	46	47
27	57	53	54
27	58	69	70
27	59	65	66
27	60	53	54
27	61	53	54
27	62	18	19
27	63	28	42
27	64	58	59
27	65	71	72
27	66	75	76
27	67	123	124
27	68	84	85
27	69	73	74
27	70	78	79
27	71	0	0
27	72	0	0
27	73	0	0
27	74	0	0
27	75	0	0
27	76	0	0
27	77	71	72
27	78	0	0
27	79	0	0
27	80	41	81
27	81	118	119
27	82	88	89
27	83	106	107
27	84	0	0
27	85	0	0
27	86	82	83
27	87	58	59
27	88	0	0
27	89	0	0
27	90	88	89
27	91	110	111
27	92	108	109
27	93	88	89
27	94	84	85
27	95	71	72
27	96	75	76
27	97	67	68
27	98	84	85
27	99	69	70
27	100	71	72
27	101	73	74
27	102	65	66
27	103	84	85
27	104	41	81
27	105	67	68
27	106	0	0
27	107	0	0
27	108	0	0
27	109	0	0
27	110	0	0
27	111	0	0
27	112	69	70
27	113	73	74
27	114	110	111
27	115	78	79
27	116	67	68
27	117	106	107
27	118	135	136
27	119	130	131
27	120	88	89
27	121	58	59
27	122	69	70
27	123	0	0
27	124	0	0
27	125	82	83
27	126	82	83
27	127	108	109
27	128	123	124
27	129	118	119
27	130	150	151
27	131	0	0
27	132	73	74
27	133	123	124
27	134	106	107
27	135	144	145
27	136	165	166
27	137	41	81
27	138	110	111
27	139	110	111
27	140	118	119
27	141	118	119
27	142	41	81
27	143	91	92
27	144	201	202
27	145	0	0
27	146	106	107
27	147	123	124
27	148	91	92
27	149	65	66
27	150	258	259
27	151	152	153
27	152	181	182
27	153	256	257
27	154	65	66
27	155	75	76
27	156	108	109
27	157	185	186
27	158	282	283
27	159	78	79
27	160	80	161
27	161	179	180
27	162	130	131
27	163	91	92
27	164	144	145
27	165	188	189
27	166	270	271
27	167	108	109
27	168	144	145
27	169	78	79
27	170	130	131
27	171	150	151
27	172	165	166
27	173	165	166
27	174	152	153
27	175	157	158
27	176	130	131
27	177	80	161
27	178	80	161
27	179	0	0
27	180	206	207
27	181	0	0
27	182	0	0
27	183	144	145
27	184	179	180
27	185	0	0
27	186	0	0
27	187	75	76
27	188	290	291
27	189	251	252
27	190	152	153
27	191	185	186
27	192	150	151
27	193	188	189
27	194	188	189
27	195	181	182
27	196	185	186
27	197	160	198
27	198	199	200
27	199	248	249
27	200	228	229
27	201	209	210
27	202	212	213
27	203	188	189
27	204	160	198
27	205	135	136
27	206	253	254
27	207	220	221
27	208	206	207
27	209	0	0
27	210	0	0
27	211	201	202
27	212	0	0
27	213	0	0
27	214	185	186
27	215	150	151
27	216	209	210
27	217	212	213
27	218	206	207
27	219	181	182
27	220	0	0
27	221	222	223
27	222	233	234
27	223	265	266
27	224	220	221
27	225	206	207
27	226	212	213
27	227	222	223
27	228	0	0
27	229	0	0
27	230	220	221
27	231	209	210
27	232	152	153
27	233	0	0
27	234	0	0
27	235	201	202
27	236	135	136
27	237	222	223
27	238	199	200
27	239	209	210
27	240	197	241
27	241	288	289
27	242	199	200
27	243	160	198
27	244	165	166
27	245	179	180
27	246	160	198
27	247	181	182
27	248	263	264
27	249	0	0
27	250	212	213
27	251	0	0
27	252	0	0
27	253	0	0
27	254	0	0
27	255	80	161
27	256	0	0
27	257	0	0
27	258	284	285
27	259	0	0
27	260	135	136
27	261	222	223
27	262	233	234
27	263	0	0
27	264	0	0
27	265	0	0
27	266	296	297
27	267	220	221
27	268	253	254
27	269	265	266
27	270	275	276
27	271	0	0
27	272	201	202
27	273	253	254
27	274	197	241
27	275	0	0
27	276	0	0
27	277	258	259
27	278	179	180
27	279	253	254
27	280	157	158
27	281	157	158
27	282	0	0
27	283	0	0
27	284	0	0
27	285	0	0
27	286	199	200
27	287	263	264
27	288	0	0
27	289	0	0
27	290	0	0
27	291	0	0
27	292	275	276
27	293	270	271
27	294	233	234
27	295	197	241
27	296	0	0
27	297	0	0
27	298	240	299
27	299	0	0
27	300	228	229
