14	1	0	0
14	2	1	3
14	3	0	0
14	4	1	3
14	5	2	6
14	6	7	8
14	7	0	0
14	8	0	0
14	9	5	10
14	10	18	19
14	11	7	8
14	12	2	6
14	13	7	8
14	14	2	6
14	15	2	6
14	16	9	17
14	17	27	28
14	18	42	43
14	19	48	49
14	20	9	17
14	21	18	19
14	22	1	3
14	23	5	10
14	24	18	19
14	25	16	26
14	26	33	34
14	27	29	30
14	28	0	0
14	29	38	39
14	30	0	0
14	31	29	30
14	32	29	30
14	33	0	0
14	34	45	46
14	35	5	10
14	36	5	10
14	37	16	26
14	38	0	0
14	39	0	0
14	40	33	34
14	41	1	3
14	42	0	0
14	43	0	0
14	44	7	8
14	45	0	0
14	46	0	0
14	47	38	39
14	48	0	0
14	49	0	0
14	50	27	28
