24	1	0	0
24	2	1	3
24	3	0	0
24	4	2	5
24	5	10	11
24	6	2	5
24	7	4	8
24	8	29	30
24	9	2	5
24	10	0	0
24	11	0	0
24	12	7	13
24	13	38	39
24	14	7	13
24	15	12	16
24	16	21	22
24	17	15	18
24	18	23	24
24	19	2	5
24	20	1	3
24	21	52	53
24	22	55	56
24	23	83	84
24	24	67	68
24	25	12	16
24	26	1	3
24	27	15	18
24	28	7	13
24	29	74	75
24	30	32	33
24	31	12	16
24	32	0	0
24	33	0	0
24	34	23	24
24	35	12	16
24	36	32	33
24	37	23	24
24	38	47	48
24	39	43	44
24	40	1	3
24	41	15	18
24	42	4	8
24	43	90	91
24	44	45	46
24	45	0	0
24	46	0	0
24	47	62	63
24	48	70	71
24	49	23	24
24	50	47	48
24	51	38	39
24	52	59	60
24	53	0	0
24	54	52	53
24	55	57	58
24	56	92	93
24	57	0	0
24	58	0	0
24	59	0	0
24	60	0	0
24	61	4	8
24	62	0	0
24	63	0	0
24	64	59	60
24	65	7	13
24	66	59	60
24	67	0	0
24	68	0	0
24	69	15	18
24	70	0	0
24	71	0	0
24	72	70	71
24	73	67	68
24	74	0	0
24	75	0	0
24	76	29	30
24	77	4	8
24	78	67	68
24	79	55	56
24	80	38	39
24	81	52	53
24	82	74	75
24	83	0	0
24	84	0	0
24	85	32	33
24	86	83	84
24	87	45	46
24	88	10	11
24	89	52	53
24	90	0	0
24	91	0	0
24	92	0	0
24	93	0	0
24	94	92	93
24	95	21	22
24	96	10	11
24	97	70	71
24	98	55	56
24	99	92	93
24	100	47	48
