34	1	0	0
34	2	1	3
34	3	0	0
34	4	1	3
34	5	1	3
34	6	1	3
34	7	2	8
34	8	9	10
34	9	0	0
34	10	0	0
34	11	7	12
34	12	13	14
34	13	30	31
34	14	27	28
34	15	9	10
34	16	7	12
34	17	13	14
34	18	2	8
34	19	7	12
34	20	2	8
34	21	2	8
34	22	13	14
34	23	9	10
34	24	13	14
34	25	11	26
34	26	45	46
34	27	0	0
34	28	0	0
34	29	27	28
34	30	0	0
34	31	0	0
34	32	27	28
34	33	7	12
34	34	9	10
34	35	27	28
34	36	30	31
34	37	25	38
34	38	0	0
34	39	25	38
34	40	30	31
34	41	25	38
34	42	11	26
34	43	11	26
34	44	11	26
34	45	0	0
34	46	0	0
34	47	37	48
34	48	49	50
34	49	0	0
34	50	0	0
