0	1	0	0
0	2	1	3
0	3	0	0
0	4	1	3
0	5	1	3
0	6	1	3
0	7	2	8
0	8	15	16
0	9	7	10
0	10	19	20
0	11	2	8
0	12	7	10
0	13	9	14
0	14	22	23
0	15	0	0
0	16	0	0
0	17	9	14
0	18	7	10
0	19	33	34
0	20	27	28
0	21	7	10
0	22	49	50
0	23	37	38
0	24	9	14
0	25	22	23
0	26	15	16
0	27	0	0
0	28	0	0
0	29	22	23
0	30	9	14
0	31	13	32
0	32	52	53
0	33	0	0
0	34	0	0
0	35	33	34
0	36	2	8
0	37	47	48
0	38	39	40
0	39	0	0
0	40	0	0
0	41	2	8
0	42	19	20
0	43	22	23
0	44	19	20
0	45	15	16
0	46	13	32
0	47	0	0
0	48	0	0
0	49	59	60
0	50	71	72
0	51	37	38
0	52	57	58
0	53	75	76
0	54	13	32
0	55	37	38
0	56	52	53
0	57	63	64
0	58	93	94
0	59	0	0
0	60	0	0
0	61	27	28
0	62	13	32
0	63	0	0
0	64	86	87
0	65	39	40
0	66	49	50
0	67	33	34
0	68	33	34
0	69	52	53
0	70	59	60
0	71	0	0
0	72	0	0
0	73	57	58
0	74	47	48
0	75	77	78
0	76	90	91
0	77	0	0
0	78	83	84
0	79	15	16
0	80	27	28
0	81	19	20
0	82	63	64
0	83	0	0
0	84	0	0
0	85	27	28
0	86	0	0
0	87	0	0
0	88	52	53
0	89	83	84
0	90	0	0
0	91	0	0
0	92	47	48
0	93	0	0
0	94	0	0
0	95	57	58
0	96	71	72
0	97	75	76
0	98	71	72
0	99	83	84
0	100	47	48
