33	1	0	0
33	2	1	3
33	3	0	0
33	4	1	3
33	5	1	3
33	6	2	7
33	7	12	13
33	8	1	3
33	9	6	10
33	10	21	22
33	11	6	10
33	12	0	0
33	13	0	0
33	14	2	7
33	15	6	10
33	16	9	17
33	17	28	29
33	18	6	10
33	19	2	7
33	20	2	7
33	21	0	0
33	22	37	38
33	23	12	13
33	24	9	17
33	25	9	17
33	26	12	13
33	27	9	17
33	28	47	48
33	29	30	31
33	30	40	41
33	31	66	67
33	32	16	33
33	33	55	56
33	34	16	33
33	35	12	13
33	36	30	31
33	37	0	0
33	38	0	0
33	39	21	22
33	40	0	0
33	41	0	0
33	42	16	33
33	43	40	41
33	44	32	45
33	45	0	0
33	46	40	41
33	47	94	95
33	48	49	50
33	49	0	0
33	50	0	0
33	51	40	41
33	52	47	48
33	53	30	31
33	54	32	45
33	55	63	64
33	56	0	0
33	57	28	29
33	58	47	48
33	59	47	48
33	60	28	29
33	61	55	56
33	62	16	33
33	63	79	80
33	64	71	72
33	65	21	22
33	66	0	0
33	67	0	0
33	68	37	38
33	69	55	56
33	70	66	67
33	71	77	78
33	72	0	0
33	73	21	22
33	74	32	45
33	75	32	45
33	76	28	29
33	77	0	0
33	78	0	0
33	79	87	88
33	80	91	92
33	81	79	80
33	82	71	72
33	83	44	84
33	84	0	0
33	85	63	64
33	86	63	64
33	87	0	0
33	88	0	0
33	89	79	80
33	90	30	31
33	91	0	0
33	92	0	0
33	93	66	67
33	94	0	0
33	95	0	0
33	96	83	97
33	97	98	99
33	98	0	0
33	99	0	0
33	100	0	96
