42	1	0	0
42	2	1	3
42	3	0	0
42	4	1	3
42	5	1	3
42	6	1	3
42	7	2	8
42	8	9	10
42	9	0	0
42	10	0	0
42	11	9	10
42	12	7	13
42	13	23	24
42	14	7	13
42	15	2	8
42	16	9	10
42	17	7	13
42	18	12	19
42	19	125	126
42	20	18	21
42	21	31	32
42	22	18	21
42	23	33	34
42	24	29	30
42	25	9	10
42	26	12	19
42	27	2	8
42	28	2	8
42	29	0	0
42	30	0	0
42	31	54	55
42	32	51	52
42	33	0	0
42	34	0	0
42	35	23	24
42	36	29	30
42	37	31	32
42	38	29	30
42	39	7	13
42	40	18	21
42	41	20	42
42	42	68	69
42	43	20	42
42	44	29	30
42	45	33	34
42	46	20	42
42	47	41	48
42	48	66	67
42	49	23	24
42	50	31	32
42	51	61	62
42	52	80	81
42	53	20	42
42	54	144	145
42	55	64	65
42	56	33	34
42	57	23	24
42	58	41	48
42	59	31	32
42	60	51	52
42	61	0	0
42	62	76	77
42	63	61	62
42	64	72	73
42	65	70	71
42	66	166	167
42	67	185	186
42	68	95	96
42	69	83	84
42	70	0	0
42	71	0	0
42	72	0	0
42	73	0	0
42	74	70	71
42	75	64	65
42	76	0	0
42	77	0	0
42	78	64	65
42	79	61	62
42	80	151	152
42	81	0	0
42	82	66	67
42	83	87	88
42	84	85	86
42	85	105	106
42	86	111	112
42	87	93	94
42	88	155	156
42	89	83	84
42	90	51	52
42	91	85	86
42	92	68	69
42	93	294	295
42	94	121	122
42	95	109	110
42	96	113	114
42	97	47	98
42	98	203	204
42	99	41	48
42	100	80	81
42	101	12	19
42	102	97	103
42	103	0	0
42	104	12	19
42	105	0	0
42	106	0	0
42	107	76	77
42	108	18	21
42	109	183	184
42	110	210	211
42	111	286	287
42	112	130	131
42	113	264	265
42	114	127	128
42	115	61	62
42	116	97	103
42	117	33	34
42	118	109	110
42	119	93	94
42	120	51	52
42	121	0	0
42	122	0	0
42	123	80	81
42	124	72	73
42	125	135	136
42	126	189	190
42	127	0	0
42	128	147	148
42	129	113	114
42	130	0	0
42	131	0	0
42	132	113	114
42	133	105	106
42	134	125	126
42	135	193	194
42	136	175	176
42	137	85	86
42	138	125	126
42	139	83	84
42	140	47	98
42	141	70	71
42	142	47	98
42	143	83	84
42	144	232	233
42	145	228	229
42	146	97	103
42	147	0	0
42	148	0	0
42	149	144	145
42	150	105	106
42	151	0	0
42	152	0	0
42	153	68	69
42	154	41	48
42	155	0	0
42	156	158	159
42	157	95	96
42	158	0	0
42	159	0	0
42	160	80	81
42	161	127	128
42	162	66	67
42	163	130	131
42	164	121	122
42	165	109	110
42	166	172	173
42	167	267	268
42	168	144	145
42	169	105	106
42	170	111	112
42	171	147	148
42	172	212	213
42	173	206	207
42	174	113	114
42	175	0	0
42	176	0	0
42	177	151	152
42	178	76	77
42	179	151	152
42	180	155	156
42	181	93	94
42	182	109	110
42	183	0	0
42	184	201	202
42	185	273	274
42	186	277	278
42	187	147	148
42	188	183	184
42	189	253	254
42	190	0	0
42	191	166	167
42	192	155	156
42	193	0	0
42	194	0	0
42	195	87	88
42	196	175	176
42	197	144	145
42	198	102	199
42	199	0	0
42	200	151	152
42	201	0	0
42	202	0	0
42	203	215	216
42	204	220	221
42	205	189	190
42	206	0	0
42	207	0	0
42	208	125	126
42	209	158	159
42	210	0	0
42	211	269	270
42	212	237	238
42	213	0	0
42	214	102	199
42	215	0	0
42	216	0	0
42	217	47	98
42	218	102	199
42	219	135	136
42	220	243	244
42	221	0	0
42	222	70	71
42	223	201	202
42	224	95	96
42	225	158	159
42	226	201	202
42	227	189	190
42	228	0	0
42	229	0	0
42	230	54	55
42	231	135	136
42	232	0	0
42	233	0	0
42	234	64	65
42	235	130	131
42	236	102	199
42	237	0	0
42	238	241	242
42	239	85	86
42	240	220	221
42	241	0	0
42	242	0	0
42	243	251	252
42	244	245	246
42	245	0	0
42	246	0	0
42	247	147	148
42	248	189	190
42	249	121	122
42	250	212	213
42	251	275	276
42	252	0	0
42	253	0	0
42	254	0	0
42	255	193	194
42	256	232	233
42	257	201	202
42	258	135	136
42	259	243	244
42	260	220	221
42	261	97	103
42	262	243	244
42	263	166	167
42	264	0	0
42	265	0	0
42	266	215	216
42	267	0	0
42	268	0	0
42	269	0	0
42	270	0	0
42	271	232	233
42	272	228	229
42	273	284	285
42	274	0	0
42	275	0	0
42	276	0	0
42	277	0	0
42	278	291	292
42	279	130	131
42	280	185	186
42	281	93	94
42	282	185	186
42	283	76	77
42	284	0	0
42	285	0	0
42	286	0	0
42	287	0	0
42	288	68	69
42	289	155	156
42	290	237	238
42	291	0	0
42	292	0	0
42	293	127	128
42	294	0	0
42	295	0	0
42	296	158	159
42	297	220	221
42	298	269	270
42	299	245	246
42	300	0	0
