40	1	0	0
40	2	1	3
40	3	0	0
40	4	2	5
40	5	45	46
40	6	1	3
40	7	1	3
40	8	2	5
40	9	2	5
40	10	4	11
40	11	33	34
40	12	10	13
40	13	16	17
40	14	1	3
40	15	10	13
40	16	29	30
40	17	20	21
40	18	16	17
40	19	10	13
40	20	50	51
40	21	71	72
40	22	10	13
40	23	16	17
40	24	4	11
40	25	20	21
40	26	12	27
40	27	69	70
40	28	2	5
40	29	31	32
40	30	36	37
40	31	0	0
40	32	0	0
40	33	55	56
40	34	77	78
40	35	20	21
40	36	0	0
40	37	0	0
40	38	36	37
40	39	12	27
40	40	4	11
40	41	4	11
40	42	36	37
40	43	36	37
40	44	33	34
40	45	0	0
40	46	0	0
40	47	33	34
40	48	12	27
40	49	16	17
40	50	0	0
40	51	0	0
40	52	26	53
40	53	59	60
40	54	12	27
40	55	0	0
40	56	0	0
40	57	33	34
40	58	31	32
40	59	85	86
40	60	89	90
40	61	59	60
40	62	26	53
40	63	45	46
40	64	31	32
40	65	55	56
40	66	31	32
40	67	50	51
40	68	55	56
40	69	103	104
40	70	107	108
40	71	0	0
40	72	0	0
40	73	52	74
40	74	81	82
40	75	59	60
40	76	26	53
40	77	0	0
40	78	0	0
40	79	50	51
40	80	20	21
40	81	147	148
40	82	91	92
40	83	59	60
40	84	71	72
40	85	151	152
40	86	165	166
40	87	52	74
40	88	50	51
40	89	144	145
40	90	100	101
40	91	295	296
40	92	96	97
40	93	52	74
40	94	52	74
40	95	77	78
40	96	115	116
40	97	251	252
40	98	85	86
40	99	71	72
40	100	110	111
40	101	248	249
40	102	100	101
40	103	261	262
40	104	167	168
40	105	55	56
40	106	77	78
40	107	124	125
40	108	112	113
40	109	96	97
40	110	279	280
40	111	216	217
40	112	133	134
40	113	156	157
40	114	69	70
40	115	131	132
40	116	273	274
40	117	26	53
40	118	110	111
40	119	103	104
40	120	112	113
40	121	115	116
40	122	81	82
40	123	100	101
40	124	180	181
40	125	129	130
40	126	69	70
40	127	29	30
40	128	115	116
40	129	0	0
40	130	0	0
40	131	158	159
40	132	226	227
40	133	0	0
40	134	0	0
40	135	91	92
40	136	91	92
40	137	115	116
40	138	81	82
40	139	100	101
40	140	85	86
40	141	112	113
40	142	71	72
40	143	89	90
40	144	0	0
40	145	197	198
40	146	89	90
40	147	173	174
40	148	242	243
40	149	131	132
40	150	129	130
40	151	153	154
40	152	199	200
40	153	246	247
40	154	188	189
40	155	131	132
40	156	0	0
40	157	0	0
40	158	0	0
40	159	0	0
40	160	112	113
40	161	107	108
40	162	29	30
40	163	45	46
40	164	45	46
40	165	0	0
40	166	0	0
40	167	287	288
40	168	184	185
40	169	153	154
40	170	85	86
40	171	77	78
40	172	69	70
40	173	0	0
40	174	224	225
40	175	91	92
40	176	147	148
40	177	133	134
40	178	153	154
40	179	29	30
40	180	0	0
40	181	0	0
40	182	153	154
40	183	124	125
40	184	0	0
40	185	0	0
40	186	147	148
40	187	96	97
40	188	0	0
40	189	0	0
40	190	173	174
40	191	165	166
40	192	158	159
40	193	110	111
40	194	107	108
40	195	158	159
40	196	129	130
40	197	209	210
40	198	233	234
40	199	214	215
40	200	0	0
40	201	199	200
40	202	165	166
40	203	158	159
40	204	147	148
40	205	81	82
40	206	133	134
40	207	144	145
40	208	133	134
40	209	0	0
40	210	0	0
40	211	165	166
40	212	167	168
40	213	173	174
40	214	0	0
40	215	0	0
40	216	0	0
40	217	0	0
40	218	167	168
40	219	199	200
40	220	216	217
40	221	184	185
40	222	156	157
40	223	156	157
40	224	293	294
40	225	0	0
40	226	0	0
40	227	0	0
40	228	131	132
40	229	89	90
40	230	214	215
40	231	214	215
40	232	129	130
40	233	0	0
40	234	0	0
40	235	167	168
40	236	173	174
40	237	124	125
40	238	107	108
40	239	103	104
40	240	73	241
40	241	263	264
40	242	244	245
40	243	271	272
40	244	0	0
40	245	0	0
40	246	0	0
40	247	0	0
40	248	0	0
40	249	0	0
40	250	242	243
40	251	0	0
40	252	0	0
40	253	124	125
40	254	214	215
40	255	224	225
40	256	242	243
40	257	103	104
40	258	110	111
40	259	251	252
40	260	156	157
40	261	0	0
40	262	0	0
40	263	282	283
40	264	0	0
40	265	96	97
40	266	144	145
40	267	151	152
40	268	246	247
40	269	246	247
40	270	242	243
40	271	0	0
40	272	277	278
40	273	0	0
40	274	0	0
40	275	273	274
40	276	184	185
40	277	0	0
40	278	0	0
40	279	0	0
40	280	0	0
40	281	180	181
40	282	299	300
40	283	0	0
40	284	271	272
40	285	277	278
40	286	244	245
40	287	0	0
40	288	0	0
40	289	246	247
40	290	282	283
40	291	188	189
40	292	224	225
40	293	0	0
40	294	0	0
40	295	0	0
40	296	0	0
40	297	180	181
40	298	293	294
40	299	0	0
40	300	0	0
