18	1	0	0
18	2	1	3
18	3	0	0
18	4	1	3
18	5	2	6
18	6	11	12
18	7	5	8
18	8	15	16
18	9	2	6
18	10	5	8
18	11	0	0
18	12	0	0
18	13	2	6
18	14	2	6
18	15	27	28
18	16	51	52
18	17	11	12
18	18	11	12
18	19	1	3
18	20	15	16
18	21	5	8
18	22	15	16
18	23	15	16
18	24	1	3
18	25	5	8
18	26	11	12
18	27	0	0
18	28	0	0
18	29	7	30
18	30	35	36
18	31	27	28
18	32	7	30
18	33	27	28
18	34	7	30
18	35	41	42
18	36	37	38
18	37	59	60
18	38	56	57
18	39	27	28
18	40	7	30
18	41	54	55
18	42	44	45
18	43	35	36
18	44	0	0
18	45	0	0
18	46	41	42
18	47	44	45
18	48	44	45
18	49	37	38
18	50	41	42
18	51	0	0
18	52	0	0
18	53	44	45
18	54	0	0
18	55	0	0
18	56	0	0
18	57	0	0
18	58	35	36
18	59	0	0
18	60	0	0
18	61	29	62
18	62	144	145
18	63	54	55
18	64	59	60
18	65	37	38
18	66	29	62
18	67	54	55
18	68	59	60
18	69	41	42
18	70	37	38
18	71	61	72
18	72	81	82
18	73	29	62
18	74	59	60
18	75	61	72
18	76	54	55
18	77	71	78
18	78	92	93
18	79	51	52
18	80	56	57
18	81	85	86
18	82	83	84
18	83	197	198
18	84	102	103
18	85	87	88
18	86	104	105
18	87	110	111
18	88	124	125
18	89	85	86
18	90	85	86
18	91	81	82
18	92	120	121
18	93	242	243
18	94	71	78
18	95	56	57
18	96	56	57
18	97	85	86
18	98	87	88
18	99	71	78
18	100	81	82
18	101	87	88
18	102	235	236
18	103	106	107
18	104	114	115
18	105	412	413
18	106	184	185
18	107	132	133
18	108	102	103
18	109	104	105
18	110	177	178
18	111	307	308
18	112	29	62
18	113	110	111
18	114	128	129
18	115	293	294
18	116	102	103
18	117	104	105
18	118	110	111
18	119	106	107
18	120	136	137
18	121	138	139
18	122	77	123
18	123	167	168
18	124	149	150
18	125	130	131
18	126	114	115
18	127	87	88
18	128	0	0
18	129	0	0
18	130	0	0
18	131	0	0
18	132	0	0
18	133	0	0
18	134	114	115
18	135	35	36
18	136	163	164
18	137	209	210
18	138	337	338
18	139	360	361
18	140	104	105
18	141	128	129
18	142	77	123
18	143	106	107
18	144	170	171
18	145	393	394
18	146	128	129
18	147	132	133
18	148	120	121
18	149	0	0
18	150	0	0
18	151	124	125
18	152	124	125
18	153	106	107
18	154	132	133
18	155	122	156
18	156	157	158
18	157	195	196
18	158	181	182
18	159	110	111
18	160	124	125
18	161	144	145
18	162	138	139
18	163	250	251
18	164	188	189
18	165	130	131
18	166	138	139
18	167	379	380
18	168	248	249
18	169	130	131
18	170	190	191
18	171	313	314
18	172	128	129
18	173	102	103
18	174	114	115
18	175	163	164
18	176	138	139
18	177	0	0
18	178	0	0
18	179	83	84
18	180	81	82
18	181	211	212
18	182	206	207
18	183	157	158
18	184	0	0
18	185	0	0
18	186	184	185
18	187	71	78
18	188	225	226
18	189	245	246
18	190	192	193
18	191	278	279
18	192	0	0
18	193	0	0
18	194	157	158
18	195	0	0
18	196	295	296
18	197	218	219
18	198	281	282
18	199	51	52
18	200	190	191
18	201	92	93
18	202	181	182
18	203	190	191
18	204	92	93
18	205	192	193
18	206	0	0
18	207	232	233
18	208	190	191
18	209	257	258
18	210	0	0
18	211	259	260
18	212	0	0
18	213	211	212
18	214	184	185
18	215	155	216
18	216	0	0
18	217	192	193
18	218	447	448
18	219	345	346
18	220	77	123
18	221	132	133
18	222	209	210
18	223	130	131
18	224	197	198
18	225	0	0
18	226	0	0
18	227	149	150
18	228	218	219
18	229	144	145
18	230	144	145
18	231	181	182
18	232	238	239
18	233	339	340
18	234	136	137
18	235	0	0
18	236	474	475
18	237	157	158
18	238	0	0
18	239	349	350
18	240	120	121
18	241	218	219
18	242	253	254
18	243	460	461
18	244	120	121
18	245	0	0
18	246	0	0
18	247	149	150
18	248	262	263
18	249	0	0
18	250	347	348
18	251	484	485
18	252	61	72
18	253	0	0
18	254	332	333
18	255	225	226
18	256	61	72
18	257	284	285
18	258	329	330
18	259	0	0
18	260	288	289
18	261	122	156
18	262	0	0
18	263	304	305
18	264	215	265
18	265	316	317
18	266	250	251
18	267	184	185
18	268	136	137
18	269	225	226
18	270	235	236
18	271	206	207
18	272	248	249
18	273	188	189
18	274	195	196
18	275	192	193
18	276	188	189
18	277	257	258
18	278	0	0
18	279	0	0
18	280	257	258
18	281	322	323
18	282	384	385
18	283	218	219
18	284	0	0
18	285	0	0
18	286	188	189
18	287	149	150
18	288	0	0
18	289	403	404
18	290	209	210
18	291	238	239
18	292	225	226
18	293	0	0
18	294	0	0
18	295	0	0
18	296	375	376
18	297	235	236
18	298	248	249
18	299	177	178
18	300	77	123
18	301	197	198
18	302	248	249
18	303	278	279
18	304	0	0
18	305	435	436
18	306	155	216
18	307	0	0
18	308	0	0
18	309	264	310
18	310	491	492
18	311	257	258
18	312	232	233
18	313	0	0
18	314	320	321
18	315	92	93
18	316	0	0
18	317	400	401
18	318	259	260
18	319	163	164
18	320	0	0
18	321	0	0
18	322	0	0
18	323	0	0
18	324	177	178
18	325	232	233
18	326	293	294
18	327	83	84
18	328	155	216
18	329	0	0
18	330	0	0
18	331	295	296
18	332	0	0
18	333	0	0
18	334	155	216
18	335	313	314
18	336	51	52
18	337	441	442
18	338	0	0
18	339	389	390
18	340	396	397
18	341	163	164
18	342	278	279
18	343	167	168
18	344	320	321
18	345	0	0
18	346	0	0
18	347	0	0
18	348	0	0
18	349	386	387
18	350	352	353
18	351	345	346
18	352	0	0
18	353	420	421
18	354	262	263
18	355	352	353
18	356	262	263
18	357	206	207
18	358	232	233
18	359	320	321
18	360	372	373
18	361	417	418
18	362	337	338
18	363	329	330
18	364	181	182
18	365	345	346
18	366	332	333
18	367	177	178
18	368	206	207
18	369	349	350
18	370	195	196
18	371	83	84
18	372	0	0
18	373	0	0
18	374	170	171
18	375	0	0
18	376	410	411
18	377	316	317
18	378	259	260
18	379	0	0
18	380	0	0
18	381	167	168
18	382	136	137
18	383	337	338
18	384	0	0
18	385	0	0
18	386	468	469
18	387	0	0
18	388	253	254
18	389	414	415
18	390	422	423
18	391	349	350
18	392	211	212
18	393	0	0
18	394	455	456
18	395	242	243
18	396	0	0
18	397	0	0
18	398	209	210
18	399	329	330
18	400	0	0
18	401	486	487
18	402	313	314
18	403	438	439
18	404	0	0
18	405	288	289
18	406	278	279
18	407	379	380
18	408	264	310
18	409	304	305
18	410	0	0
18	411	0	0
18	412	471	472
18	413	0	0
18	414	0	0
18	415	0	0
18	416	250	251
18	417	431	432
18	418	0	0
18	419	250	251
18	420	0	0
18	421	0	0
18	422	0	0
18	423	0	0
18	424	122	156
18	425	304	305
18	426	393	394
18	427	309	428
18	428	0	0
18	429	332	333
18	430	245	246
18	431	0	0
18	432	0	0
18	433	322	323
18	434	284	285
18	435	0	0
18	436	452	453
18	437	264	310
18	438	444	445
18	439	0	0
18	440	307	308
18	441	0	0
18	442	464	465
18	443	215	265
18	444	0	0
18	445	0	0
18	446	288	289
18	447	0	0
18	448	0	0
18	449	332	333
18	450	264	310
18	451	444	445
18	452	0	0
18	453	477	478
18	454	386	387
18	455	0	0
18	456	0	0
18	457	347	348
18	458	349	350
18	459	288	289
18	460	493	494
18	461	0	0
18	462	195	196
18	463	400	401
18	464	0	0
18	465	0	0
18	466	400	401
18	467	262	263
18	468	0	0
18	469	0	0
18	470	281	282
18	471	0	0
18	472	0	0
18	473	372	373
18	474	0	0
18	475	0	0
18	476	441	442
18	477	0	0
18	478	0	0
18	479	427	480
18	480	489	490
18	481	352	353
18	482	339	340
18	483	329	330
18	484	0	0
18	485	0	0
18	486	0	0
18	487	0	0
18	488	414	415
18	489	0	0
18	490	0	0
18	491	0	0
18	492	0	0
18	493	0	0
18	494	0	0
18	495	281	282
18	496	389	390
18	497	420	421
18	498	468	469
18	499	304	305
18	500	403	404
