3	1	0	0
3	2	1	3
3	3	0	0
3	4	2	5
3	5	12	13
3	6	2	5
3	7	2	5
3	8	1	3
3	9	1	3
3	10	2	5
3	11	1	3
3	12	0	0
3	13	0	0
3	14	4	15
3	15	22	23
3	16	12	13
3	17	12	13
3	18	12	13
3	19	4	15
3	20	4	15
3	21	4	15
3	22	40	41
3	23	31	32
3	24	22	23
3	25	14	26
3	26	44	45
3	27	22	23
3	28	14	26
3	29	14	26
3	30	14	26
3	31	0	0
3	32	0	0
3	33	22	23
3	34	25	35
3	35	187	188
3	36	34	37
3	37	48	49
3	38	31	32
3	39	25	35
3	40	0	0
3	41	0	0
3	42	25	35
3	43	40	41
3	44	59	60
3	45	83	84
3	46	44	45
3	47	34	37
3	48	76	77
3	49	50	51
3	50	79	80
3	51	116	117
3	52	31	32
3	53	50	51
3	54	36	55
3	55	57	58
3	56	50	51
3	57	67	68
3	58	64	65
3	59	71	72
3	60	150	151
3	61	25	35
3	62	59	60
3	63	31	32
3	64	93	94
3	65	124	125
3	66	57	58
3	67	106	107
3	68	0	0
3	69	44	45
3	70	48	49
3	71	0	0
3	72	0	0
3	73	34	37
3	74	50	51
3	75	48	49
3	76	85	86
3	77	96	97
3	78	36	55
3	79	0	0
3	80	0	0
3	81	44	45
3	82	40	41
3	83	130	131
3	84	87	88
3	85	0	0
3	86	111	112
3	87	0	0
3	88	0	0
3	89	71	72
3	90	76	77
3	91	36	55
3	92	34	37
3	93	118	119
3	94	132	133
3	95	76	77
3	96	98	99
3	97	146	147
3	98	196	197
3	99	173	174
3	100	96	97
3	101	40	41
3	102	71	72
3	103	83	84
3	104	87	88
3	105	98	99
3	106	0	0
3	107	121	122
3	108	67	68
3	109	59	60
3	110	106	107
3	111	0	0
3	112	0	0
3	113	93	94
3	114	96	97
3	115	64	65
3	116	0	0
3	117	152	153
3	118	162	163
3	119	0	0
3	120	116	117
3	121	184	185
3	122	0	0
3	123	83	84
3	124	193	194
3	125	0	0
3	126	48	49
3	127	118	119
3	128	57	58
3	129	106	107
3	130	0	0
3	131	0	0
3	132	138	139
3	133	158	159
3	134	57	58
3	135	116	117
3	136	130	131
3	137	118	119
3	138	0	0
3	139	0	0
3	140	59	60
3	141	36	55
3	142	85	86
3	143	118	119
3	144	138	139
3	145	116	117
3	146	0	0
3	147	160	161
3	148	132	133
3	149	93	94
3	150	0	0
3	151	0	0
3	152	155	156
3	153	0	0
3	154	132	133
3	155	0	0
3	156	0	0
3	157	106	107
3	158	0	0
3	159	0	0
3	160	0	0
3	161	0	0
3	162	0	0
3	163	170	171
3	164	64	65
3	165	93	94
3	166	155	156
3	167	162	163
3	168	132	133
3	169	124	125
3	170	0	0
3	171	0	0
3	172	162	163
3	173	0	0
3	174	0	0
3	175	76	77
3	176	124	125
3	177	138	139
3	178	170	171
3	179	87	88
3	180	124	125
3	181	146	147
3	182	67	68
3	183	96	97
3	184	190	191
3	185	0	0
3	186	130	131
3	187	0	0
3	188	0	0
3	189	160	161
3	190	0	0
3	191	0	0
3	192	85	86
3	193	0	0
3	194	0	0
3	195	193	194
3	196	0	0
3	197	0	0
3	198	138	139
3	199	111	112
3	200	158	159
