25	1	0	0
25	2	1	3
25	3	0	0
25	4	1	3
25	5	1	3
25	6	2	7
25	7	18	19
25	8	6	9
25	9	51	52
25	10	1	3
25	11	8	12
25	12	14	15
25	13	2	7
25	14	22	23
25	15	80	81
25	16	8	12
25	17	8	12
25	18	0	0
25	19	0	0
25	20	18	19
25	21	6	9
25	22	30	31
25	23	24	25
25	24	0	0
25	25	0	0
25	26	11	27
25	27	41	42
25	28	2	7
25	29	24	25
25	30	0	0
25	31	0	0
25	32	11	27
25	33	2	7
25	34	14	15
25	35	26	36
25	36	62	63
25	37	26	36
25	38	18	19
25	39	30	31
25	40	11	27
25	41	48	49
25	42	87	88
25	43	6	9
25	44	26	36
25	45	26	36
25	46	41	42
25	47	14	15
25	48	54	55
25	49	112	113
25	50	24	25
25	51	64	65
25	52	186	187
25	53	51	52
25	54	136	137
25	55	83	84
25	56	41	42
25	57	22	23
25	58	14	15
25	59	54	55
25	60	48	49
25	61	8	12
25	62	93	94
25	63	68	69
25	64	0	0
25	65	0	0
25	66	24	25
25	67	64	65
25	68	142	143
25	69	126	127
25	70	11	27
25	71	48	49
25	72	54	55
25	73	64	65
25	74	54	55
25	75	41	42
25	76	51	52
25	77	18	19
25	78	64	65
25	79	62	63
25	80	85	86
25	81	96	97
25	82	22	23
25	83	0	0
25	84	0	0
25	85	0	0
25	86	0	0
25	87	89	90
25	88	0	0
25	89	138	139
25	90	115	116
25	91	30	31
25	92	62	63
25	93	106	107
25	94	117	118
25	95	62	63
25	96	0	0
25	97	0	0
25	98	35	99
25	99	146	147
25	100	35	99
25	101	6	9
25	102	85	86
25	103	51	52
25	104	83	84
25	105	48	49
25	106	121	122
25	107	119	120
25	108	93	94
25	109	80	81
25	110	30	31
25	111	106	107
25	112	128	129
25	113	169	170
25	114	87	88
25	115	0	0
25	116	0	0
25	117	0	0
25	118	0	0
25	119	154	155
25	120	0	0
25	121	131	132
25	122	157	158
25	123	89	90
25	124	87	88
25	125	80	81
25	126	134	135
25	127	152	153
25	128	0	0
25	129	0	0
25	130	126	127
25	131	0	0
25	132	0	0
25	133	106	107
25	134	0	0
25	135	0	0
25	136	0	0
25	137	0	0
25	138	0	0
25	139	0	0
25	140	68	69
25	141	126	127
25	142	196	197
25	143	163	164
25	144	96	97
25	145	89	90
25	146	177	178
25	147	167	168
25	148	146	147
25	149	83	84
25	150	35	99
25	151	22	23
25	152	0	0
25	153	0	0
25	154	0	0
25	155	0	0
25	156	96	97
25	157	0	0
25	158	0	0
25	159	93	94
25	160	121	122
25	161	106	107
25	162	136	137
25	163	0	0
25	164	0	0
25	165	35	99
25	166	157	158
25	167	0	0
25	168	0	0
25	169	0	0
25	170	0	0
25	171	136	137
25	172	89	90
25	173	126	127
25	174	138	139
25	175	117	118
25	176	121	122
25	177	0	0
25	178	0	0
25	179	87	88
25	180	152	153
25	181	128	129
25	182	121	122
25	183	80	81
25	184	131	132
25	185	131	132
25	186	0	0
25	187	0	0
25	188	131	132
25	189	152	153
25	190	68	69
25	191	136	137
25	192	142	143
25	193	93	94
25	194	115	116
25	195	142	143
25	196	0	0
25	197	0	0
25	198	115	116
25	199	83	84
25	200	128	129
