11	1	0	0
11	2	1	3
11	3	0	0
11	4	1	3
11	5	2	6
11	6	12	13
11	7	1	3
11	8	1	3
11	9	2	6
11	10	2	6
11	11	2	6
11	12	0	0
11	13	0	0
11	14	12	13
11	15	5	16
11	16	18	19
11	17	5	16
11	18	26	27
11	19	49	50
11	20	15	21
11	21	22	23
11	22	34	35
11	23	47	48
11	24	15	21
11	25	22	23
11	26	0	0
11	27	0	0
11	28	20	29
11	29	79	80
11	30	15	21
11	31	18	19
11	32	18	19
11	33	26	27
11	34	40	41
11	35	62	63
11	36	20	29
11	37	15	21
11	38	34	35
11	39	5	16
11	40	0	0
11	41	0	0
11	42	20	29
11	43	40	41
11	44	5	16
11	45	20	29
11	46	12	13
11	47	58	59
11	48	71	72
11	49	0	0
11	50	0	0
11	51	47	48
11	52	40	41
11	53	12	13
11	54	40	41
11	55	26	27
11	56	18	19
11	57	26	27
11	58	0	0
11	59	0	0
11	60	22	23
11	61	47	48
11	62	0	0
11	63	0	0
11	64	62	63
11	65	62	63
11	66	49	50
11	67	49	50
11	68	49	50
11	69	58	59
11	70	22	23
11	71	0	0
11	72	0	0
11	73	47	48
11	74	62	63
11	75	58	59
11	76	71	72
11	77	34	35
11	78	34	35
11	79	84	85
11	80	0	0
11	81	58	59
11	82	79	80
11	83	79	80
11	84	98	99
11	85	0	0
11	86	79	80
11	87	28	88
11	88	96	97
11	89	84	85
11	90	71	72
11	91	71	72
11	92	84	85
11	93	87	94
11	94	0	0
11	95	87	94
11	96	0	0
11	97	0	0
11	98	0	0
11	99	0	0
11	100	0	0
