12	1	0	0
12	2	1	3
12	3	0	0
12	4	2	5
12	5	12	13
12	6	2	5
12	7	1	3
12	8	2	5
12	9	2	5
12	10	1	3
12	11	1	3
12	12	0	0
12	13	0	0
12	14	12	13
12	15	12	13
12	16	4	17
12	17	18	19
12	18	28	29
12	19	46	47
12	20	12	13
12	21	18	19
12	22	16	23
12	23	42	43
12	24	16	23
12	25	16	23
12	26	16	23
12	27	4	17
12	28	0	0
12	29	0	0
12	30	22	31
12	31	34	35
12	32	4	17
12	33	4	17
12	34	0	0
12	35	0	0
12	36	28	29
12	37	34	35
12	38	34	35
12	39	18	19
12	40	30	41
12	41	0	0
12	42	49	50
12	43	0	0
12	44	42	43
12	45	22	31
12	46	0	0
12	47	0	0
12	48	34	35
12	49	0	0
12	50	0	0
