33	1	0	0
33	2	1	3
33	3	0	0
33	4	1	3
33	5	1	3
33	6	1	3
33	7	2	8
33	8	11	12
33	9	7	10
33	10	16	17
33	11	0	0
33	12	0	0
33	13	11	12
33	14	7	10
33	15	7	10
33	16	22	23
33	17	29	30
33	18	11	12
33	19	7	10
33	20	16	17
33	21	2	8
33	22	0	0
33	23	0	0
33	24	22	23
33	25	2	8
33	26	22	23
33	27	2	8
33	28	11	12
33	29	0	0
33	30	0	0
33	31	22	23
33	32	29	30
33	33	16	17
33	34	16	17
33	35	29	30
33	36	29	30
33	37	9	38
33	38	39	40
33	39	49	50
33	40	47	48
33	41	39	40
33	42	39	40
33	43	39	40
33	44	9	38
33	45	9	38
33	46	9	38
33	47	68	69
33	48	54	55
33	49	58	59
33	50	51	52
33	51	0	0
33	52	0	0
33	53	47	48
33	54	0	0
33	55	0	0
33	56	51	52
33	57	51	52
33	58	0	0
33	59	0	0
33	60	54	55
33	61	51	52
33	62	54	55
33	63	58	59
33	64	54	55
33	65	47	48
33	66	47	48
33	67	58	59
33	68	0	0
33	69	0	0
33	70	37	71
33	71	94	95
33	72	37	71
33	73	68	69
33	74	49	50
33	75	58	59
33	76	37	71
33	77	68	69
33	78	70	79
33	79	83	84
33	80	68	69
33	81	70	79
33	82	49	50
33	83	98	99
33	84	225	226
33	85	37	71
33	86	49	50
33	87	78	88
33	88	92	93
33	89	78	88
33	90	83	84
33	91	78	88
33	92	205	206
33	93	96	97
33	94	257	258
33	95	113	114
33	96	101	102
33	97	105	106
33	98	140	141
33	99	142	143
33	100	94	95
33	101	103	104
33	102	124	125
33	103	145	146
33	104	121	122
33	105	110	111
33	106	149	150
33	107	103	104
33	108	101	102
33	109	94	95
33	110	133	134
33	111	195	196
33	112	83	84
33	113	160	161
33	114	129	130
33	115	83	84
33	116	103	104
33	117	113	114
33	118	96	97
33	119	87	120
33	120	131	132
33	121	151	152
33	122	218	219
33	123	113	114
33	124	290	291
33	125	127	128
33	126	87	120
33	127	197	198
33	128	136	137
33	129	171	172
33	130	182	183
33	131	191	192
33	132	174	175
33	133	322	323
33	134	455	456
33	135	121	122
33	136	0	0
33	137	0	0
33	138	94	95
33	139	113	114
33	140	356	357
33	141	433	434
33	142	187	188
33	143	238	239
33	144	142	143
33	145	202	203
33	146	393	394
33	147	119	148
33	148	459	460
33	149	260	261
33	150	240	241
33	151	0	0
33	152	0	0
33	153	98	99
33	154	142	143
33	155	140	141
33	156	131	132
33	157	136	137
33	158	98	99
33	159	105	106
33	160	178	179
33	161	349	350
33	162	124	125
33	163	103	104
33	164	133	134
33	165	133	134
33	166	78	88
33	167	145	146
33	168	98	99
33	169	151	152
33	170	96	97
33	171	0	0
33	172	0	0
33	173	92	93
33	174	722	723
33	175	340	341
33	176	87	120
33	177	101	102
33	178	0	0
33	179	0	0
33	180	119	148
33	181	119	148
33	182	0	0
33	183	0	0
33	184	133	134
33	185	92	93
33	186	142	143
33	187	345	346
33	188	243	244
33	189	110	111
33	190	92	93
33	191	248	249
33	192	208	209
33	193	187	188
33	194	178	179
33	195	515	516
33	196	221	222
33	197	0	0
33	198	0	0
33	199	129	130
33	200	101	102
33	201	105	106
33	202	0	0
33	203	0	0
33	204	119	148
33	205	305	306
33	206	486	487
33	207	145	146
33	208	374	375
33	209	332	333
33	210	127	128
33	211	127	128
33	212	171	172
33	213	195	196
33	214	171	172
33	215	197	198
33	216	149	150
33	217	178	179
33	218	0	0
33	219	0	0
33	220	202	203
33	221	0	0
33	222	0	0
33	223	110	111
33	224	121	122
33	225	683	684
33	226	251	252
33	227	171	172
33	228	202	203
33	229	202	203
33	230	140	141
33	231	195	196
33	232	191	192
33	233	147	234
33	234	381	382
33	235	70	79
33	236	149	150
33	237	178	179
33	238	268	269
33	239	254	255
33	240	0	0
33	241	511	512
33	242	187	188
33	243	0	0
33	244	0	0
33	245	105	106
33	246	197	198
33	247	129	130
33	248	287	288
33	249	352	353
33	250	147	234
33	251	343	344
33	252	271	272
33	253	205	206
33	254	0	0
33	255	0	0
33	256	240	241
33	257	427	428
33	258	491	492
33	259	248	249
33	260	277	278
33	261	410	411
33	262	124	125
33	263	225	226
33	264	243	244
33	265	197	198
33	266	70	79
33	267	110	111
33	268	0	0
33	269	0	0
33	270	238	239
33	271	318	319
33	272	298	299
33	273	129	130
33	274	240	241
33	275	174	175
33	276	218	219
33	277	0	0
33	278	0	0
33	279	127	128
33	280	257	258
33	281	257	258
33	282	136	137
33	283	147	234
33	284	121	122
33	285	187	188
33	286	96	97
33	287	292	293
33	288	988	989
33	289	268	269
33	290	303	304
33	291	519	520
33	292	484	485
33	293	500	501
33	294	254	255
33	295	208	209
33	296	240	241
33	297	290	291
33	298	0	0
33	299	0	0
33	300	160	161
33	301	260	261
33	302	147	234
33	303	0	0
33	304	0	0
33	305	0	0
33	306	421	422
33	307	174	175
33	308	277	278
33	309	277	278
33	310	248	249
33	311	305	306
33	312	287	288
33	313	238	239
33	314	182	183
33	315	254	255
33	316	208	209
33	317	174	175
33	318	0	0
33	319	0	0
33	320	287	288
33	321	251	252
33	322	0	0
33	323	0	0
33	324	151	152
33	325	151	152
33	326	225	226
33	327	136	137
33	328	303	304
33	329	254	255
33	330	287	288
33	331	149	150
33	332	347	348
33	333	449	450
33	334	205	206
33	335	131	132
33	336	318	319
33	337	243	244
33	338	271	272
33	339	303	304
33	340	777	778
33	341	441	442
33	342	243	244
33	343	368	369
33	344	915	916
33	345	0	0
33	346	0	0
33	347	467	468
33	348	418	419
33	349	0	0
33	350	0	0
33	351	218	219
33	352	545	546
33	353	496	497
33	354	87	120
33	355	305	306
33	356	379	380
33	357	363	364
33	358	352	353
33	359	225	226
33	360	292	293
33	361	340	341
33	362	298	299
33	363	0	0
33	364	0	0
33	365	205	206
33	366	298	299
33	367	260	261
33	368	0	0
33	369	0	0
33	370	340	341
33	371	343	344
33	372	347	348
33	373	195	196
33	374	414	415
33	375	472	473
33	376	131	132
33	377	238	239
33	378	292	293
33	379	0	0
33	380	0	0
33	381	615	616
33	382	436	437
33	383	368	369
33	384	379	380
33	385	340	341
33	386	374	375
33	387	374	375
33	388	349	350
33	389	345	346
33	390	332	333
33	391	381	382
33	392	145	146
33	393	0	0
33	394	0	0
33	395	393	394
33	396	368	369
33	397	347	348
33	398	374	375
33	399	349	350
33	400	208	209
33	401	303	304
33	402	160	161
33	403	271	272
33	404	292	293
33	405	298	299
33	406	393	394
33	407	347	348
33	408	343	344
33	409	124	125
33	410	0	0
33	411	0	0
33	412	352	353
33	413	182	183
33	414	573	574
33	415	625	626
33	416	248	249
33	417	268	269
33	418	0	0
33	419	749	750
33	420	414	415
33	421	642	643
33	422	805	806
33	423	393	394
33	424	290	291
33	425	379	380
33	426	381	382
33	427	0	0
33	428	481	482
33	429	379	380
33	430	418	419
33	431	290	291
33	432	277	278
33	433	0	0
33	434	522	523
33	435	433	434
33	436	849	850
33	437	477	478
33	438	349	350
33	439	343	344
33	440	160	161
33	441	930	931
33	442	457	458
33	443	414	415
33	444	433	434
33	445	140	141
33	446	182	183
33	447	233	448
33	448	498	499
33	449	461	462
33	450	588	589
33	451	352	353
33	452	260	261
33	453	418	419
33	454	441	442
33	455	0	0
33	456	0	0
33	457	509	510
33	458	539	540
33	459	0	0
33	460	503	504
33	461	489	490
33	462	767	768
33	463	418	419
33	464	233	448
33	465	414	415
33	466	410	411
33	467	715	716
33	468	558	559
33	469	461	462
33	470	421	422
33	471	421	422
33	472	554	555
33	473	0	0
33	474	345	346
33	475	368	369
33	476	449	450
33	477	569	570
33	478	753	754
33	479	318	319
33	480	433	434
33	481	0	0
33	482	0	0
33	483	332	333
33	484	529	530
33	485	645	646
33	486	638	639
33	487	706	707
33	488	486	487
33	489	0	0
33	490	0	0
33	491	550	551
33	492	547	548
33	493	271	272
33	494	356	357
33	495	221	222
33	496	635	636
33	497	837	838
33	498	524	525
33	499	948	949
33	500	507	508
33	501	561	562
33	502	257	258
33	503	665	666
33	504	517	518
33	505	491	492
33	506	363	364
33	507	0	0
33	508	0	0
33	509	596	597
33	510	817	818
33	511	0	0
33	512	0	0
33	513	459	460
33	514	305	306
33	515	0	0
33	516	0	0
33	517	0	0
33	518	542	543
33	519	0	0
33	520	0	0
33	521	191	192
33	522	0	0
33	523	0	0
33	524	0	0
33	525	532	533
33	526	457	458
33	527	363	364
33	528	449	450
33	529	0	0
33	530	0	0
33	531	484	485
33	532	695	696
33	533	567	568
33	534	233	448
33	535	491	492
33	536	427	428
33	537	191	192
33	538	356	357
33	539	601	602
33	540	627	628
33	541	268	269
33	542	618	619
33	543	590	591
33	544	332	333
33	545	613	614
33	546	606	607
33	547	0	0
33	548	0	0
33	549	221	222
33	550	0	0
33	551	0	0
33	552	410	411
33	553	524	525
33	554	909	910
33	555	608	609
33	556	461	462
33	557	449	450
33	558	0	0
33	559	0	0
33	560	515	516
33	561	0	0
33	562	0	0
33	563	519	520
33	564	441	442
33	565	427	428
33	566	251	252
33	567	576	577
33	568	737	738
33	569	586	587
33	570	571	572
33	571	964	965
33	572	743	744
33	573	773	774
33	574	623	624
33	575	489	490
33	576	0	0
33	577	0	0
33	578	500	501
33	579	539	540
33	580	554	555
33	581	218	219
33	582	251	252
33	583	318	319
33	584	517	518
33	585	542	543
33	586	699	700
33	587	667	668
33	588	669	670
33	589	620	621
33	590	0	0
33	591	692	693
33	592	509	510
33	593	550	551
33	594	345	346
33	595	558	559
33	596	0	0
33	597	0	0
33	598	421	422
33	599	507	508
33	600	427	428
33	601	0	0
33	602	0	0
33	603	573	574
33	604	542	543
33	605	477	478
33	606	739	740
33	607	858	859
33	608	0	0
33	609	0	0
33	610	511	512
33	611	472	473
33	612	608	609
33	613	784	785
33	614	690	691
33	615	900	901
33	616	685	686
33	617	529	530
33	618	798	799
33	619	0	0
33	620	0	0
33	621	0	0
33	622	558	559
33	623	0	0
33	624	0	0
33	625	759	760
33	626	0	0
33	627	0	0
33	628	0	0
33	629	486	487
33	630	500	501
33	631	569	570
33	632	363	364
33	633	459	460
33	634	547	548
33	635	0	0
33	636	0	0
33	637	519	520
33	638	0	0
33	639	0	0
33	640	356	357
33	641	573	574
33	642	647	648
33	643	0	0
33	644	623	624
33	645	0	0
33	646	0	0
33	647	0	0
33	648	0	0
33	649	221	222
33	650	645	646
33	651	517	518
33	652	491	492
33	653	410	411
33	654	571	572
33	655	550	551
33	656	623	624
33	657	539	540
33	658	554	555
33	659	481	482
33	660	567	568
33	661	613	614
33	662	601	602
33	663	496	497
33	664	586	587
33	665	0	0
33	666	939	940
33	667	677	678
33	668	713	714
33	669	0	0
33	670	0	0
33	671	596	597
33	672	486	487
33	673	576	577
33	674	507	508
33	675	606	607
33	676	498	499
33	677	0	0
33	678	687	688
33	679	455	456
33	680	511	512
33	681	477	478
33	682	638	639
33	683	0	0
33	684	824	825
33	685	751	752
33	686	731	732
33	687	0	0
33	688	891	892
33	689	613	614
33	690	0	0
33	691	0	0
33	692	704	705
33	693	0	0
33	694	500	501
33	695	829	830
33	696	833	834
33	697	496	497
33	698	489	490
33	699	0	0
33	700	821	822
33	701	647	648
33	702	496	497
33	703	601	602
33	704	0	0
33	705	0	0
33	706	709	710
33	707	0	0
33	708	586	587
33	709	794	795
33	710	0	0
33	711	529	530
33	712	507	508
33	713	780	781
33	714	847	848
33	715	0	0
33	716	0	0
33	717	457	458
33	718	613	614
33	719	498	499
33	720	588	589
33	721	484	485
33	722	729	730
33	723	0	0
33	724	529	530
33	725	381	382
33	726	567	568
33	727	477	478
33	728	467	468
33	729	0	0
33	730	0	0
33	731	982	983
33	732	734	735
33	733	695	696
33	734	0	0
33	735	967	968
33	736	547	548
33	737	0	0
33	738	815	816
33	739	0	0
33	740	0	0
33	741	436	437
33	742	722	723
33	743	906	907
33	744	791	792
33	745	586	587
33	746	503	504
33	747	606	607
33	748	524	525
33	749	0	0
33	750	0	0
33	751	0	0
33	752	863	864
33	753	0	0
33	754	0	0
33	755	601	602
33	756	731	732
33	757	571	572
33	758	753	754
33	759	0	0
33	760	0	0
33	761	687	688
33	762	590	591
33	763	503	504
33	764	642	643
33	765	642	643
33	766	441	442
33	767	0	0
33	768	0	0
33	769	615	616
33	770	561	562
33	771	522	523
33	772	472	473
33	773	0	0
33	774	0	0
33	775	692	693
33	776	627	628
33	777	0	0
33	778	875	876
33	779	709	710
33	780	0	0
33	781	0	0
33	782	685	686
33	783	749	750
33	784	0	0
33	785	0	0
33	786	517	518
33	787	645	646
33	788	623	624
33	789	532	533
33	790	567	568
33	791	0	0
33	792	842	843
33	793	503	504
33	794	0	0
33	795	0	0
33	796	690	691
33	797	709	710
33	798	0	0
33	799	0	0
33	800	550	551
33	801	322	323
33	802	545	546
33	803	751	752
33	804	608	609
33	805	811	812
33	806	0	0
33	807	798	799
33	808	743	744
33	809	322	323
33	810	709	710
33	811	0	0
33	812	0	0
33	813	715	716
33	814	233	448
33	815	952	953
33	816	0	0
33	817	0	0
33	818	0	0
33	819	815	816
33	820	590	591
33	821	852	853
33	822	877	878
33	823	472	473
33	824	0	0
33	825	0	0
33	826	596	597
33	827	569	570
33	828	685	686
33	829	959	960
33	830	0	0
33	831	824	825
33	832	798	799
33	833	0	0
33	834	979	980
33	835	773	774
33	836	545	546
33	837	865	866
33	838	0	0
33	839	642	643
33	840	837	838
33	841	436	437
33	842	928	929
33	843	954	955
33	844	481	482
33	845	588	589
33	846	461	462
33	847	0	0
33	848	0	0
33	849	0	0
33	850	0	0
33	851	824	825
33	852	879	880
33	853	888	889
33	854	798	799
33	855	695	696
33	856	606	607
33	857	539	540
33	858	0	0
33	859	0	0
33	860	455	456
33	861	759	760
33	862	687	688
33	863	0	0
33	864	870	871
33	865	0	0
33	866	0	0
33	867	532	533
33	868	635	636
33	869	455	456
33	870	0	0
33	871	0	0
33	872	625	626
33	873	824	825
33	874	573	574
33	875	0	0
33	876	976	977
33	877	0	0
33	878	0	0
33	879	0	0
33	880	0	0
33	881	532	533
33	882	627	628
33	883	863	864
33	884	852	853
33	885	547	548
33	886	690	691
33	887	569	570
33	888	0	0
33	889	0	0
33	890	794	795
33	891	0	0
33	892	0	0
33	893	863	864
33	894	759	760
33	895	515	516
33	896	739	740
33	897	739	740
33	898	669	670
33	899	489	490
33	900	903	904
33	901	0	0
33	902	615	616
33	903	0	0
33	904	0	0
33	905	903	904
33	906	0	0
33	907	0	0
33	908	713	714
33	909	0	0
33	910	0	0
33	911	811	812
33	912	481	482
33	913	635	636
33	914	847	848
33	915	0	0
33	916	0	0
33	917	858	859
33	918	590	591
33	919	870	871
33	920	571	572
33	921	821	822
33	922	457	458
33	923	522	523
33	924	692	693
33	925	608	609
33	926	509	510
33	927	704	705
33	928	0	0
33	929	0	0
33	930	0	0
33	931	0	0
33	932	685	686
33	933	554	555
33	934	515	516
33	935	692	693
33	936	928	929
33	937	638	639
33	938	596	597
33	939	957	958
33	940	0	0
33	941	522	523
33	942	706	707
33	943	900	901
33	944	875	876
33	945	588	589
33	946	821	822
33	947	576	577
33	948	0	0
33	949	0	0
33	950	509	510
33	951	734	735
33	952	0	0
33	953	0	0
33	954	0	0
33	955	0	0
33	956	767	768
33	957	0	0
33	958	0	0
33	959	962	963
33	960	990	991
33	961	498	499
33	962	0	0
33	963	986	987
33	964	0	0
33	965	997	998
33	966	484	485
33	967	0	0
33	968	0	0
33	969	743	744
33	970	669	670
33	971	647	648
33	972	962	963
33	973	962	963
33	974	734	735
33	975	952	953
33	976	0	0
33	977	0	0
33	978	915	916
33	979	0	0
33	980	0	0
33	981	753	754
33	982	999	1000
33	983	0	0
33	984	511	512
33	985	959	960
33	986	0	0
33	987	0	0
33	988	0	0
33	989	0	0
33	990	0	0
33	991	0	0
33	992	576	577
33	993	829	830
33	994	615	616
33	995	625	626
33	996	620	621
33	997	0	0
33	998	0	0
33	999	0	0
33	1000	0	0
