13	1	0	0
13	2	1	3
13	3	0	0
13	4	1	3
13	5	2	6
13	6	7	8
13	7	0	0
13	8	0	0
13	9	5	10
13	10	13	14
13	11	1	3
13	12	2	6
13	13	23	24
13	14	15	16
13	15	0	0
13	16	0	0
13	17	13	14
13	18	9	19
13	19	20	21
13	20	28	29
13	21	46	47
13	22	13	14
13	23	0	0
13	24	0	0
13	25	5	10
13	26	7	8
13	27	20	21
13	28	65	66
13	29	34	35
13	30	5	10
13	31	20	21
13	32	13	14
13	33	7	8
13	34	0	0
13	35	0	0
13	36	15	16
13	37	2	6
13	38	9	19
13	39	23	24
13	40	20	21
13	41	1	3
13	42	23	24
13	43	9	19
13	44	7	8
13	45	23	24
13	46	71	72
13	47	53	54
13	48	34	35
13	49	2	6
13	50	9	19
13	51	5	10
13	52	46	47
13	53	0	0
13	54	0	0
13	55	53	54
13	56	15	16
13	57	15	16
13	58	28	29
13	59	34	35
13	60	53	54
13	61	28	29
13	62	18	63
13	63	75	76
13	64	18	63
13	65	0	0
13	66	0	0
13	67	65	66
13	68	28	29
13	69	53	54
13	70	18	63
13	71	0	0
13	72	0	0
13	73	46	47
13	74	34	35
13	75	114	115
13	76	82	83
13	77	75	76
13	78	18	63
13	79	46	47
13	80	75	76
13	81	71	72
13	82	98	99
13	83	167	168
13	84	82	83
13	85	71	72
13	86	62	87
13	87	102	103
13	88	82	83
13	89	62	87
13	90	75	76
13	91	62	87
13	92	86	93
13	93	145	146
13	94	65	66
13	95	92	96
13	96	104	105
13	97	62	87
13	98	108	109
13	99	147	148
13	100	98	99
13	101	82	83
13	102	110	111
13	103	106	107
13	104	153	154
13	105	196	197
13	106	159	160
13	107	112	113
13	108	0	0
13	109	0	0
13	110	283	284
13	111	217	218
13	112	140	141
13	113	123	124
13	114	249	250
13	115	116	117
13	116	253	254
13	117	194	195
13	118	104	105
13	119	106	107
13	120	65	66
13	121	106	107
13	122	114	115
13	123	128	129
13	124	125	126
13	125	0	0
13	126	0	0
13	127	92	96
13	128	0	0
13	129	0	0
13	130	125	126
13	131	116	117
13	132	114	115
13	133	102	103
13	134	86	93
13	135	95	136
13	136	245	246
13	137	102	103
13	138	128	129
13	139	104	105
13	140	207	208
13	141	179	180
13	142	125	126
13	143	110	111
13	144	71	72
13	145	190	191
13	146	227	228
13	147	0	0
13	148	0	0
13	149	86	93
13	150	106	107
13	151	110	111
13	152	98	99
13	153	239	240
13	154	162	163
13	155	125	126
13	156	135	157
13	157	214	215
13	158	114	115
13	159	271	272
13	160	175	176
13	161	102	103
13	162	177	178
13	163	185	186
13	164	112	113
13	165	162	163
13	166	159	160
13	167	172	173
13	168	289	290
13	169	135	157
13	170	98	99
13	171	110	111
13	172	0	0
13	173	0	0
13	174	112	113
13	175	269	270
13	176	204	205
13	177	0	0
13	178	182	183
13	179	0	0
13	180	0	0
13	181	135	157
13	182	229	230
13	183	0	0
13	184	145	146
13	185	0	0
13	186	0	0
13	187	135	157
13	188	159	160
13	189	108	109
13	190	219	220
13	191	200	201
13	192	112	113
13	193	147	148
13	194	0	0
13	195	0	0
13	196	0	0
13	197	221	222
13	198	167	168
13	199	172	173
13	200	0	0
13	201	0	0
13	202	86	93
13	203	175	176
13	204	0	0
13	205	0	0
13	206	145	146
13	207	0	0
13	208	0	0
13	209	182	183
13	210	190	191
13	211	177	178
13	212	108	109
13	213	175	176
13	214	223	224
13	215	0	0
13	216	104	105
13	217	0	0
13	218	0	0
13	219	0	0
13	220	264	265
13	221	0	0
13	222	280	281
13	223	276	277
13	224	234	235
13	225	175	176
13	226	95	136
13	227	255	256
13	228	260	261
13	229	0	0
13	230	0	0
13	231	182	183
13	232	185	186
13	233	108	109
13	234	0	0
13	235	0	0
13	236	156	237
13	237	0	0
13	238	95	136
13	239	0	0
13	240	0	0
13	241	214	215
13	242	227	228
13	243	156	237
13	244	123	124
13	245	0	0
13	246	299	300
13	247	92	96
13	248	95	136
13	249	0	0
13	250	0	0
13	251	128	129
13	252	162	163
13	253	0	0
13	254	0	0
13	255	0	0
13	256	0	0
13	257	229	230
13	258	214	215
13	259	204	205
13	260	262	263
13	261	0	0
13	262	287	288
13	263	0	0
13	264	0	0
13	265	295	296
13	266	239	240
13	267	182	183
13	268	167	168
13	269	0	0
13	270	0	0
13	271	0	0
13	272	0	0
13	273	128	129
13	274	196	197
13	275	255	256
13	276	0	0
13	277	0	0
13	278	269	270
13	279	196	197
13	280	0	0
13	281	0	0
13	282	223	224
13	283	0	0
13	284	0	0
13	285	204	205
13	286	147	148
13	287	0	0
13	288	0	0
13	289	0	0
13	290	0	0
13	291	245	246
13	292	253	254
13	293	234	235
13	294	229	230
13	295	0	0
13	296	0	0
13	297	239	240
13	298	219	220
13	299	0	0
13	300	0	0
