7	1	0	0
7	2	1	3
7	3	0	0
7	4	1	3
7	5	2	6
7	6	22	23
7	7	2	6
7	8	5	9
7	9	12	13
7	10	2	6
7	11	1	3
7	12	18	19
7	13	16	17
7	14	5	9
7	15	1	3
7	16	0	0
7	17	0	0
7	18	0	0
7	19	0	0
7	20	18	19
7	21	2	6
7	22	0	0
7	23	0	0
7	24	12	13
7	25	18	19
7	26	16	17
7	27	5	9
7	28	22	23
7	29	16	17
7	30	12	13
7	31	5	9
7	32	18	19
7	33	16	17
7	34	22	23
7	35	12	13
7	36	8	37
7	37	41	42
7	38	22	23
7	39	36	40
7	40	62	63
7	41	46	47
7	42	69	70
7	43	8	37
7	44	39	45
7	45	101	102
7	46	50	51
7	47	55	56
7	48	39	45
7	49	46	47
7	50	0	0
7	51	0	0
7	52	46	47
7	53	41	42
7	54	41	42
7	55	0	0
7	56	0	0
7	57	46	47
7	58	39	45
7	59	39	45
7	60	44	61
7	61	106	107
7	62	172	173
7	63	79	80
7	64	44	61
7	65	44	61
7	66	41	42
7	67	36	40
7	68	62	63
7	69	77	78
7	70	95	96
7	71	44	61
7	72	8	37
7	73	36	40
7	74	62	63
7	75	69	70
7	76	55	56
7	77	0	0
7	78	0	0
7	79	87	88
7	80	91	92
7	81	62	63
7	82	50	51
7	83	69	70
7	84	8	37
7	85	69	70
7	86	79	80
7	87	152	153
7	88	99	100
7	89	36	40
7	90	79	80
7	91	97	98
7	92	0	0
7	93	50	51
7	94	77	78
7	95	0	0
7	96	0	0
7	97	0	0
7	98	0	0
7	99	0	0
7	100	0	0
7	101	157	158
7	102	132	133
7	103	95	96
7	104	87	88
7	105	95	96
7	106	164	165
7	107	113	114
7	108	106	107
7	109	55	56
7	110	79	80
7	111	106	107
7	112	77	78
7	113	119	120
7	114	0	0
7	115	106	107
7	116	113	114
7	117	99	100
7	118	77	78
7	119	161	162
7	120	149	150
7	121	119	120
7	122	99	100
7	123	101	102
7	124	99	100
7	125	87	88
7	126	119	120
7	127	50	51
7	128	95	96
7	129	55	56
7	130	101	102
7	131	119	120
7	132	170	171
7	133	137	138
7	134	91	92
7	135	113	114
7	136	91	92
7	137	0	0
7	138	145	146
7	139	91	92
7	140	113	114
7	141	101	102
7	142	137	138
7	143	97	98
7	144	137	138
7	145	155	156
7	146	0	0
7	147	60	148
7	148	0	0
7	149	0	0
7	150	0	0
7	151	137	138
7	152	0	0
7	153	0	0
7	154	149	150
7	155	0	0
7	156	0	0
7	157	0	0
7	158	195	196
7	159	132	133
7	160	155	156
7	161	177	178
7	162	0	0
7	163	60	148
7	164	183	184
7	165	167	168
7	166	152	153
7	167	0	0
7	168	0	0
7	169	167	168
7	170	0	0
7	171	0	0
7	172	0	0
7	173	180	181
7	174	60	148
7	175	152	153
7	176	170	171
7	177	0	0
7	178	0	0
7	179	145	146
7	180	0	0
7	181	191	192
7	182	170	171
7	183	0	0
7	184	0	0
7	185	177	178
7	186	170	171
7	187	167	168
7	188	167	168
7	189	149	150
7	190	183	184
7	191	0	0
7	192	0	0
7	193	155	156
7	194	183	184
7	195	0	0
7	196	0	0
7	197	147	198
7	198	0	0
7	199	132	133
7	200	97	98
