7	1	0	0
7	2	1	3
7	3	0	0
7	4	1	3
7	5	1	3
7	6	1	3
7	7	2	8
7	8	9	10
7	9	0	0
7	10	0	0
7	11	2	8
7	12	9	10
7	13	2	8
7	14	9	10
7	15	9	10
7	16	7	17
7	17	31	32
7	18	2	8
7	19	16	20
7	20	24	25
7	21	7	17
7	22	7	17
7	23	16	20
7	24	59	60
7	25	43	44
7	26	7	17
7	27	16	20
7	28	24	25
7	29	24	25
7	30	16	20
7	31	74	75
7	32	33	34
7	33	0	0
7	34	0	0
7	35	19	36
7	36	48	49
7	37	31	32
7	38	31	32
7	39	19	36
7	40	31	32
7	41	19	36
7	42	24	25
7	43	55	56
7	44	124	125
7	45	35	46
7	46	53	54
7	47	19	36
7	48	67	68
7	49	197	198
7	50	35	46
7	51	48	49
7	52	35	46
7	53	70	71
7	54	64	65
7	55	0	0
7	56	0	0
7	57	55	56
7	58	33	34
7	59	95	96
7	60	106	107
7	61	53	54
7	62	53	54
7	63	43	44
7	64	78	79
7	65	103	104
7	66	64	65
7	67	81	82
7	68	165	166
7	69	64	65
7	70	97	98
7	71	127	128
7	72	43	44
7	73	67	68
7	74	0	0
7	75	0	0
7	76	55	56
7	77	48	49
7	78	131	132
7	79	84	85
7	80	64	65
7	81	91	92
7	82	265	266
7	83	55	56
7	84	88	89
7	85	140	141
7	86	43	44
7	87	74	75
7	88	0	0
7	89	0	0
7	90	59	60
7	91	0	0
7	92	0	0
7	93	48	49
7	94	81	82
7	95	0	0
7	96	0	0
7	97	227	228
7	98	112	113
7	99	74	75
7	100	33	34
7	101	45	102
7	102	152	153
7	103	109	110
7	104	199	200
7	105	35	46
7	106	0	0
7	107	0	0
7	108	103	104
7	109	121	122
7	110	188	189
7	111	81	82
7	112	565	566
7	113	258	259
7	114	88	89
7	115	97	98
7	116	33	34
7	117	97	98
7	118	78	79
7	119	106	107
7	120	74	75
7	121	0	0
7	122	0	0
7	123	97	98
7	124	0	0
7	125	0	0
7	126	121	122
7	127	182	183
7	128	473	474
7	129	121	122
7	130	70	71
7	131	193	194
7	132	160	161
7	133	88	89
7	134	106	107
7	135	70	71
7	136	109	110
7	137	103	104
7	138	78	79
7	139	84	85
7	140	0	0
7	141	0	0
7	142	131	132
7	143	95	96
7	144	84	85
7	145	53	54
7	146	91	92
7	147	81	82
7	148	59	60
7	149	45	102
7	150	84	85
7	151	45	102
7	152	204	205
7	153	618	619
7	154	140	141
7	155	124	125
7	156	95	96
7	157	67	68
7	158	88	89
7	159	124	125
7	160	0	0
7	161	0	0
7	162	67	68
7	163	152	153
7	164	70	71
7	165	0	0
7	166	191	192
7	167	59	60
7	168	109	110
7	169	101	170
7	170	328	329
7	171	124	125
7	172	91	92
7	173	109	110
7	174	169	175
7	175	176	177
7	176	314	315
7	177	208	209
7	178	121	122
7	179	131	132
7	180	101	170
7	181	45	102
7	182	297	298
7	183	412	413
7	184	140	141
7	185	103	104
7	186	106	107
7	187	176	177
7	188	0	0
7	189	0	0
7	190	78	79
7	191	0	0
7	192	0	0
7	193	0	0
7	194	0	0
7	195	165	166
7	196	160	161
7	197	218	219
7	198	632	633
7	199	268	269
7	200	261	262
7	201	188	189
7	202	95	96
7	203	152	153
7	204	274	275
7	205	408	409
7	206	160	161
7	207	204	205
7	208	664	665
7	209	234	235
7	210	160	161
7	211	174	212
7	212	222	223
7	213	152	153
7	214	182	183
7	215	204	205
7	216	101	170
7	217	188	189
7	218	246	247
7	219	299	300
7	220	193	194
7	221	127	128
7	222	375	376
7	223	271	272
7	224	140	141
7	225	218	219
7	226	174	212
7	227	256	257
7	228	295	296
7	229	182	183
7	230	169	175
7	231	193	194
7	232	176	177
7	233	191	192
7	234	381	382
7	235	292	293
7	236	227	228
7	237	127	128
7	238	91	92
7	239	131	132
7	240	101	170
7	241	188	189
7	242	204	205
7	243	227	228
7	244	112	113
7	245	227	228
7	246	0	0
7	247	0	0
7	248	165	166
7	249	127	128
7	250	191	192
7	251	246	247
7	252	193	194
7	253	234	235
7	254	246	247
7	255	169	175
7	256	0	0
7	257	0	0
7	258	0	0
7	259	0	0
7	260	246	247
7	261	0	0
7	262	0	0
7	263	199	200
7	264	258	259
7	265	0	0
7	266	0	0
7	267	234	235
7	268	0	0
7	269	0	0
7	270	112	113
7	271	290	291
7	272	279	280
7	273	199	200
7	274	0	0
7	275	307	308
7	276	271	272
7	277	265	266
7	278	197	198
7	279	284	285
7	280	483	484
7	281	265	266
7	282	165	166
7	283	274	275
7	284	0	0
7	285	317	318
7	286	112	113
7	287	234	235
7	288	182	183
7	289	261	262
7	290	311	312
7	291	309	310
7	292	335	336
7	293	324	325
7	294	218	219
7	295	0	0
7	296	0	0
7	297	0	0
7	298	0	0
7	299	0	0
7	300	0	0
7	301	222	223
7	302	297	298
7	303	295	296
7	304	222	223
7	305	197	198
7	306	174	212
7	307	457	458
7	308	552	553
7	309	348	349
7	310	604	605
7	311	922	923
7	312	360	361
7	313	197	198
7	314	377	378
7	315	452	453
7	316	256	257
7	317	322	323
7	318	393	394
7	319	169	175
7	320	256	257
7	321	271	272
7	322	343	344
7	323	0	0
7	324	331	332
7	325	0	0
7	326	268	269
7	327	284	285
7	328	340	341
7	329	368	369
7	330	222	223
7	331	421	422
7	332	350	351
7	333	274	275
7	334	274	275
7	335	548	549
7	336	436	437
7	337	299	300
7	338	261	262
7	339	284	285
7	340	383	384
7	341	397	398
7	342	290	291
7	343	445	446
7	344	0	0
7	345	307	308
7	346	271	272
7	347	324	325
7	348	471	472
7	349	385	386
7	350	727	728
7	351	860	861
7	352	350	351
7	353	307	308
7	354	309	310
7	355	322	323
7	356	350	351
7	357	348	349
7	358	258	259
7	359	324	325
7	360	500	501
7	361	0	0
7	362	331	332
7	363	199	200
7	364	218	219
7	365	208	209
7	366	268	269
7	367	324	325
7	368	467	468
7	369	562	563
7	370	256	257
7	371	279	280
7	372	331	332
7	373	360	361
7	374	340	341
7	375	410	411
7	376	577	578
7	377	542	543
7	378	424	425
7	379	208	209
7	380	292	293
7	381	976	977
7	382	809	810
7	383	719	720
7	384	395	396
7	385	506	507
7	386	399	400
7	387	191	192
7	388	350	351
7	389	299	300
7	390	368	369
7	391	385	386
7	392	258	259
7	393	526	527
7	394	439	440
7	395	443	444
7	396	679	680
7	397	504	505
7	398	469	470
7	399	406	407
7	400	569	570
7	401	284	285
7	402	368	369
7	403	307	308
7	404	317	318
7	405	397	398
7	406	417	418
7	407	487	488
7	408	414	415
7	409	459	460
7	410	0	0
7	411	431	432
7	412	0	0
7	413	0	0
7	414	0	0
7	415	531	532
7	416	406	407
7	417	0	0
7	418	0	0
7	419	328	329
7	420	340	341
7	421	584	585
7	422	533	534
7	423	340	341
7	424	731	732
7	425	521	522
7	426	309	310
7	427	314	315
7	428	417	418
7	429	290	291
7	430	265	266
7	431	920	921
7	432	491	492
7	433	431	432
7	434	408	409
7	435	279	280
7	436	465	466
7	437	739	740
7	438	399	400
7	439	448	449
7	440	0	0
7	441	279	280
7	442	208	209
7	443	0	0
7	444	853	854
7	445	0	0
7	446	0	0
7	447	424	425
7	448	841	842
7	449	557	558
7	450	395	396
7	451	299	300
7	452	654	655
7	453	489	490
7	454	397	398
7	455	368	369
7	456	406	407
7	457	713	714
7	458	635	636
7	459	0	0
7	460	0	0
7	461	297	298
7	462	331	332
7	463	360	361
7	464	395	396
7	465	760	761
7	466	0	0
7	467	524	525
7	468	696	697
7	469	955	956
7	470	0	0
7	471	894	895
7	472	485	486
7	473	502	503
7	474	477	478
7	475	406	407
7	476	393	394
7	477	0	0
7	478	0	0
7	479	421	422
7	480	322	323
7	481	311	312
7	482	477	478
7	483	0	0
7	484	677	678
7	485	0	0
7	486	642	643
7	487	0	0
7	488	0	0
7	489	691	692
7	490	0	0
7	491	528	529
7	492	0	0
7	493	297	298
7	494	436	437
7	495	439	440
7	496	295	296
7	497	311	312
7	498	445	446
7	499	414	415
7	500	645	646
7	501	508	509
7	502	0	0
7	503	0	0
7	504	0	0
7	505	608	609
7	506	736	737
7	507	516	517
7	508	572	573
7	509	0	0
7	510	295	296
7	511	467	468
7	512	381	382
7	513	377	378
7	514	174	212
7	515	502	503
7	516	0	0
7	517	518	519
7	518	0	0
7	519	0	0
7	520	491	492
7	521	967	968
7	522	0	0
7	523	328	329
7	524	748	749
7	525	593	594
7	526	798	799
7	527	627	628
7	528	620	621
7	529	812	813
7	530	465	466
7	531	0	0
7	532	924	925
7	533	0	0
7	534	0	0
7	535	309	310
7	536	491	492
7	537	518	519
7	538	487	488
7	539	516	517
7	540	477	478
7	541	459	460
7	542	891	892
7	543	579	580
7	544	314	315
7	545	477	478
7	546	445	446
7	547	431	432
7	548	0	0
7	549	0	0
7	550	317	318
7	551	489	490
7	552	717	718
7	553	671	672
7	554	526	527
7	555	268	269
7	556	314	315
7	557	0	0
7	558	0	0
7	559	516	517
7	560	328	329
7	561	528	529
7	562	829	830
7	563	589	590
7	564	445	446
7	565	0	0
7	566	0	0
7	567	491	492
7	568	322	323
7	569	0	0
7	570	0	0
7	571	565	566
7	572	587	588
7	573	0	0
7	574	343	344
7	575	385	386
7	576	521	522
7	577	0	0
7	578	0	0
7	579	651	652
7	580	0	0
7	581	500	501
7	582	317	318
7	583	485	486
7	584	0	0
7	585	0	0
7	586	414	415
7	587	0	0
7	588	0	0
7	589	0	0
7	590	638	639
7	591	292	293
7	592	311	312
7	593	0	0
7	594	630	631
7	595	465	466
7	596	457	458
7	597	448	449
7	598	439	440
7	599	502	503
7	600	528	529
7	601	531	532
7	602	485	486
7	603	467	468
7	604	0	0
7	605	612	613
7	606	399	400
7	607	410	411
7	608	0	0
7	609	905	906
7	610	487	488
7	611	292	293
7	612	659	660
7	613	846	847
7	614	439	440
7	615	412	413
7	616	408	409
7	617	587	588
7	618	666	667
7	619	0	0
7	620	694	695
7	621	689	690
7	622	608	609
7	623	500	501
7	624	487	488
7	625	377	378
7	626	459	460
7	627	662	663
7	628	868	869
7	629	410	411
7	630	774	775
7	631	903	904
7	632	715	716
7	633	763	764
7	634	502	503
7	635	0	0
7	636	0	0
7	637	395	396
7	638	779	780
7	639	0	0
7	640	548	549
7	641	516	517
7	642	668	669
7	643	673	674
7	644	542	543
7	645	709	710
7	646	0	0
7	647	410	411
7	648	489	490
7	649	612	613
7	650	343	344
7	651	823	824
7	652	0	0
7	653	448	449
7	654	750	751
7	655	0	0
7	656	620	621
7	657	381	382
7	658	473	474
7	659	782	783
7	660	711	712
7	661	412	413
7	662	0	0
7	663	0	0
7	664	0	0
7	665	755	756
7	666	722	723
7	667	899	900
7	668	0	0
7	669	0	0
7	670	572	573
7	671	0	0
7	672	0	0
7	673	0	0
7	674	0	0
7	675	348	349
7	676	459	460
7	677	850	851
7	678	0	0
7	679	848	849
7	680	918	919
7	681	565	566
7	682	518	519
7	683	565	566
7	684	577	578
7	685	485	486
7	686	562	563
7	687	483	484
7	688	261	262
7	689	752	753
7	690	0	0
7	691	818	819
7	692	786	787
7	693	557	558
7	694	897	898
7	695	743	744
7	696	770	771
7	697	734	735
7	698	412	413
7	699	666	667
7	700	533	534
7	701	375	376
7	702	385	386
7	703	421	422
7	704	290	291
7	705	645	646
7	706	421	422
7	707	489	490
7	708	524	525
7	709	915	916
7	710	0	0
7	711	0	0
7	712	907	908
7	713	0	0
7	714	0	0
7	715	0	0
7	716	0	0
7	717	0	0
7	718	0	0
7	719	0	0
7	720	0	0
7	721	593	594
7	722	0	0
7	723	789	790
7	724	533	534
7	725	383	384
7	726	719	720
7	727	0	0
7	728	0	0
7	729	645	646
7	730	727	728
7	731	0	0
7	732	0	0
7	733	717	718
7	734	984	985
7	735	0	0
7	736	0	0
7	737	0	0
7	738	457	458
7	739	0	0
7	740	0	0
7	741	465	466
7	742	417	418
7	743	0	0
7	744	0	0
7	745	679	680
7	746	408	409
7	747	671	672
7	748	0	0
7	749	972	973
7	750	832	833
7	751	874	875
7	752	0	0
7	753	0	0
7	754	664	665
7	755	0	0
7	756	0	0
7	757	736	737
7	758	521	522
7	759	727	728
7	760	0	0
7	761	0	0
7	762	709	710
7	763	0	0
7	764	0	0
7	765	211	766
7	766	963	964
7	767	691	692
7	768	521	522
7	769	542	543
7	770	0	0
7	771	0	0
7	772	531	532
7	773	381	382
7	774	0	0
7	775	0	0
7	776	736	737
7	777	348	349
7	778	343	344
7	779	795	796
7	780	784	785
7	781	635	636
7	782	0	0
7	783	877	878
7	784	0	0
7	785	0	0
7	786	0	0
7	787	0	0
7	788	397	398
7	789	0	0
7	790	941	942
7	791	457	458
7	792	448	449
7	793	604	605
7	794	612	613
7	795	0	0
7	796	0	0
7	797	696	697
7	798	0	0
7	799	0	0
7	800	689	690
7	801	531	532
7	802	584	585
7	803	671	672
7	804	375	376
7	805	593	594
7	806	736	737
7	807	651	652
7	808	642	643
7	809	0	0
7	810	0	0
7	811	696	697
7	812	0	0
7	813	937	938
7	814	593	594
7	815	691	692
7	816	673	674
7	817	755	756
7	818	0	0
7	819	0	0
7	820	798	799
7	821	763	764
7	822	630	631
7	823	862	863
7	824	0	0
7	825	677	678
7	826	604	605
7	827	587	588
7	828	711	712
7	829	961	962
7	830	987	988
7	831	829	830
7	832	0	0
7	833	0	0
7	834	743	744
7	835	469	470
7	836	587	588
7	837	734	735
7	838	677	678
7	839	770	771
7	840	832	833
7	841	0	0
7	842	0	0
7	843	618	619
7	844	552	553
7	845	719	720
7	846	0	0
7	847	0	0
7	848	0	0
7	849	939	940
7	850	0	0
7	851	881	882
7	852	671	672
7	853	0	0
7	854	0	0
7	855	654	655
7	856	659	660
7	857	719	720
7	858	679	680
7	859	722	723
7	860	0	0
7	861	0	0
7	862	0	0
7	863	0	0
7	864	779	780
7	865	557	558
7	866	711	712
7	867	383	384
7	868	0	0
7	869	0	0
7	870	715	716
7	871	832	833
7	872	627	628
7	873	642	643
7	874	0	0
7	875	0	0
7	876	417	418
7	877	0	0
7	878	0	0
7	879	548	549
7	880	467	468
7	881	999	1000
7	882	0	0
7	883	750	751
7	884	572	573
7	885	504	505
7	886	689	690
7	887	734	735
7	888	528	529
7	889	654	655
7	890	176	177
7	891	993	994
7	892	978	979
7	893	868	869
7	894	0	0
7	895	0	0
7	896	722	723
7	897	0	0
7	898	0	0
7	899	0	0
7	900	0	0
7	901	874	875
7	902	734	735
7	903	0	0
7	904	0	0
7	905	0	0
7	906	0	0
7	907	0	0
7	908	0	0
7	909	903	904
7	910	642	643
7	911	211	766
7	912	748	749
7	913	894	895
7	914	548	549
7	915	0	0
7	916	0	0
7	917	812	813
7	918	0	0
7	919	0	0
7	920	0	0
7	921	981	982
7	922	957	958
7	923	0	0
7	924	0	0
7	925	0	0
7	926	483	484
7	927	483	484
7	928	750	751
7	929	630	631
7	930	436	437
7	931	853	854
7	932	630	631
7	933	755	756
7	934	608	609
7	935	731	732
7	936	414	415
7	937	0	0
7	938	991	992
7	939	0	0
7	940	0	0
7	941	0	0
7	942	0	0
7	943	533	534
7	944	818	819
7	945	452	453
7	946	891	892
7	947	677	678
7	948	654	655
7	949	727	728
7	950	562	563
7	951	812	813
7	952	941	942
7	953	572	573
7	954	715	716
7	955	0	0
7	956	0	0
7	957	0	0
7	958	0	0
7	959	829	830
7	960	436	437
7	961	0	0
7	962	0	0
7	963	0	0
7	964	0	0
7	965	786	787
7	966	668	669
7	967	0	0
7	968	0	0
7	969	651	652
7	970	211	766
7	971	809	810
7	972	0	0
7	973	0	0
7	974	620	621
7	975	431	432
7	976	0	0
7	977	0	0
7	978	0	0
7	979	0	0
7	980	829	830
7	981	0	0
7	982	0	0
7	983	518	519
7	984	0	0
7	985	0	0
7	986	673	674
7	987	0	0
7	988	0	0
7	989	694	695
7	990	579	580
7	991	0	0
7	992	0	0
7	993	0	0
7	994	0	0
7	995	963	964
7	996	666	667
7	997	907	908
7	998	809	810
7	999	0	0
7	1000	0	0
