15	1	0	0
15	2	1	3
15	3	0	0
15	4	1	3
15	5	1	3
15	6	2	7
15	7	9	10
15	8	1	3
15	9	0	0
15	10	0	0
15	11	9	10
15	12	9	10
15	13	6	14
15	14	19	20
15	15	2	7
15	16	2	7
15	17	6	14
15	18	9	10
15	19	24	25
15	20	29	30
15	21	6	14
15	22	6	14
15	23	2	7
15	24	0	0
15	25	0	0
15	26	19	20
15	27	24	25
15	28	19	20
15	29	0	0
15	30	0	0
15	31	29	30
15	32	19	20
15	33	29	30
15	34	24	25
15	35	24	25
15	36	29	30
15	37	13	38
15	38	0	0
15	39	13	38
15	40	13	38
15	41	37	42
15	42	43	44
15	43	0	0
15	44	0	0
15	45	37	42
15	46	37	42
15	47	43	44
15	48	37	42
15	49	43	44
15	50	0	0
