20	1	0	0
20	2	1	3
20	3	0	0
20	4	1	3
20	5	2	6
20	6	20	21
20	7	2	6
20	8	5	9
20	9	11	12
20	10	5	9
20	11	24	25
20	12	35	36
20	13	11	12
20	14	11	12
20	15	11	12
20	16	1	3
20	17	5	9
20	18	1	3
20	19	5	9
20	20	0	0
20	21	0	0
20	22	20	21
20	23	2	6
20	24	0	0
20	25	0	0
20	26	24	25
20	27	8	28
20	28	41	42
20	29	8	28
20	30	20	21
20	31	27	32
20	32	0	0
20	33	20	21
20	34	24	25
20	35	0	0
20	36	0	0
20	37	2	6
20	38	8	28
20	39	24	25
20	40	35	36
20	41	0	0
20	42	47	48
20	43	41	42
20	44	35	36
20	45	31	46
20	46	0	0
20	47	0	0
20	48	0	0
20	49	41	42
20	50	8	28
