22	1	0	0
22	2	1	3
22	3	0	0
22	4	1	3
22	5	1	3
22	6	2	7
22	7	20	21
22	8	6	9
22	9	11	12
22	10	6	9
22	11	31	32
22	12	13	14
22	13	0	0
22	14	0	0
22	15	11	12
22	16	6	9
22	17	13	14
22	18	13	14
22	19	13	14
22	20	0	0
22	21	0	0
22	22	8	23
22	23	36	37
22	24	11	12
22	25	2	7
22	26	22	27
22	27	104	105
22	28	8	23
22	29	2	7
22	30	8	23
22	31	0	0
22	32	0	0
22	33	1	3
22	34	20	21
22	35	20	21
22	36	44	45
22	37	39	40
22	38	8	23
22	39	68	69
22	40	65	66
22	41	20	21
22	42	36	37
22	43	2	7
22	44	63	64
22	45	61	62
22	46	39	40
22	47	31	32
22	48	31	32
22	49	22	27
22	50	26	51
22	51	80	81
22	52	22	27
22	53	39	40
22	54	31	32
22	55	11	12
22	56	22	27
22	57	26	51
22	58	39	40
22	59	36	37
22	60	44	45
22	61	0	0
22	62	0	0
22	63	0	0
22	64	0	0
22	65	0	0
22	66	0	0
22	67	61	62
22	68	0	0
22	69	0	0
22	70	36	37
22	71	61	62
22	72	26	51
22	73	61	62
22	74	26	51
22	75	44	45
22	76	63	64
22	77	68	69
22	78	6	9
22	79	44	45
22	80	88	89
22	81	92	93
22	82	63	64
22	83	50	84
22	84	128	129
22	85	80	81
22	86	80	81
22	87	50	84
22	88	95	96
22	89	107	108
22	90	68	69
22	91	63	64
22	92	98	99
22	93	220	221
22	94	92	93
22	95	190	191
22	96	101	102
22	97	65	66
22	98	241	242
22	99	181	182
22	100	68	69
22	101	144	145
22	102	149	150
22	103	50	84
22	104	117	118
22	105	114	115
22	106	88	89
22	107	151	152
22	108	164	165
22	109	95	96
22	110	104	105
22	111	50	84
22	112	98	99
22	113	101	102
22	114	153	154
22	115	137	138
22	116	92	93
22	117	121	122
22	118	130	131
22	119	117	118
22	120	95	96
22	121	124	125
22	122	194	195
22	123	114	115
22	124	0	0
22	125	0	0
22	126	101	102
22	127	104	105
22	128	162	163
22	129	157	158
22	130	215	216
22	131	0	0
22	132	80	81
22	133	95	96
22	134	124	125
22	135	128	129
22	136	101	102
22	137	177	178
22	138	160	161
22	139	98	99
22	140	128	129
22	141	104	105
22	142	121	122
22	143	117	118
22	144	0	0
22	145	0	0
22	146	128	129
22	147	137	138
22	148	144	145
22	149	0	0
22	150	0	0
22	151	299	300
22	152	175	176
22	153	0	0
22	154	235	236
22	155	121	122
22	156	149	150
22	157	0	0
22	158	206	207
22	159	121	122
22	160	0	0
22	161	0	0
22	162	204	205
22	163	197	198
22	164	0	0
22	165	0	0
22	166	83	167
22	167	168	169
22	168	0	0
22	169	227	228
22	170	162	163
22	171	162	163
22	172	162	163
22	173	157	158
22	174	117	118
22	175	0	0
22	176	0	0
22	177	0	0
22	178	0	0
22	179	124	125
22	180	151	152
22	181	0	0
22	182	0	0
22	183	83	167
22	184	153	154
22	185	144	145
22	186	149	150
22	187	175	176
22	188	130	131
22	189	175	176
22	190	211	212
22	191	0	0
22	192	149	150
22	193	83	167
22	194	0	0
22	195	0	0
22	196	168	169
22	197	0	0
22	198	274	275
22	199	177	178
22	200	65	66
22	201	197	198
22	202	137	138
22	203	92	93
22	204	233	234
22	205	0	0
22	206	218	219
22	207	259	260
22	208	65	66
22	209	137	138
22	210	168	169
22	211	0	0
22	212	0	0
22	213	211	212
22	214	181	182
22	215	0	0
22	216	0	0
22	217	204	205
22	218	0	0
22	219	223	224
22	220	0	0
22	221	263	264
22	222	211	212
22	223	231	232
22	224	283	284
22	225	107	108
22	226	160	161
22	227	249	250
22	228	285	286
22	229	124	125
22	230	204	205
22	231	0	0
22	232	0	0
22	233	0	0
22	234	290	291
22	235	0	0
22	236	0	0
22	237	114	115
22	238	114	115
22	239	190	191
22	240	153	154
22	241	279	280
22	242	0	0
22	243	227	228
22	244	177	178
22	245	220	221
22	246	215	216
22	247	177	178
22	248	181	182
22	249	296	297
22	250	0	0
22	251	88	89
22	252	151	152
22	253	190	191
22	254	220	221
22	255	168	169
22	256	218	219
22	257	190	191
22	258	157	158
22	259	0	0
22	260	271	272
22	261	215	216
22	262	235	236
22	263	293	294
22	264	0	0
22	265	88	89
22	266	215	216
22	267	204	205
22	268	211	212
22	269	220	221
22	270	130	131
22	271	0	0
22	272	0	0
22	273	263	264
22	274	277	278
22	275	0	0
22	276	233	234
22	277	0	0
22	278	0	0
22	279	0	0
22	280	0	0
22	281	157	158
22	282	164	165
22	283	0	0
22	284	0	0
22	285	0	0
22	286	0	0
22	287	279	280
22	288	175	176
22	289	153	154
22	290	0	0
22	291	0	0
22	292	277	278
22	293	0	0
22	294	0	0
22	295	283	284
22	296	0	0
22	297	0	0
22	298	151	152
22	299	0	0
22	300	0	0
