26	1	0	0
26	2	1	3
26	3	0	0
26	4	2	5
26	5	9	10
26	6	2	5
26	7	1	3
26	8	1	3
26	9	0	0
26	10	0	0
26	11	9	10
26	12	9	10
26	13	9	10
26	14	2	5
26	15	1	3
26	16	2	5
26	17	4	18
26	18	19	20
26	19	21	22
26	20	0	0
26	21	0	0
26	22	0	0
26	23	4	18
26	24	4	18
26	25	17	26
26	26	47	48
26	27	25	28
26	28	33	34
26	29	25	28
26	30	19	20
26	31	25	28
26	32	25	28
26	33	0	0
26	34	37	38
26	35	33	34
26	36	33	34
26	37	0	0
26	38	43	44
26	39	17	26
26	40	19	20
26	41	21	22
26	42	37	38
26	43	0	0
26	44	45	46
26	45	0	0
26	46	0	0
26	47	0	0
26	48	0	0
26	49	37	38
26	50	4	18
