8	1	0	0
8	2	1	3
8	3	0	0
8	4	1	3
8	5	2	6
8	6	27	28
8	7	1	3
8	8	1	3
8	9	2	6
8	10	5	11
8	11	13	14
8	12	2	6
8	13	20	21
8	14	42	43
8	15	10	16
8	16	23	24
8	17	13	14
8	18	15	19
8	19	70	71
8	20	0	0
8	21	0	0
8	22	20	21
8	23	44	45
8	24	31	32
8	25	23	24
8	26	2	6
8	27	0	0
8	28	0	0
8	29	15	19
8	30	15	19
8	31	40	41
8	32	34	35
8	33	31	32
8	34	0	0
8	35	0	0
8	36	23	24
8	37	34	35
8	38	10	16
8	39	20	21
8	40	0	0
8	41	0	0
8	42	0	0
8	43	0	0
8	44	55	56
8	45	73	74
8	46	5	11
8	47	10	16
8	48	13	14
8	49	31	32
8	50	31	32
8	51	15	19
8	52	13	14
8	53	18	54
8	54	58	59
8	55	0	0
8	56	0	0
8	57	10	16
8	58	0	0
8	59	81	82
8	60	23	24
8	61	58	59
8	62	58	59
8	63	20	21
8	64	34	35
8	65	27	28
8	66	34	35
8	67	55	56
8	68	27	28
8	69	44	45
8	70	78	79
8	71	0	0
8	72	55	56
8	73	0	0
8	74	0	0
8	75	40	41
8	76	73	74
8	77	27	28
8	78	0	0
8	79	96	97
8	80	42	43
8	81	0	0
8	82	0	0
8	83	81	82
8	84	53	85
8	85	89	90
8	86	5	11
8	87	58	59
8	88	18	54
8	89	93	94
8	90	0	0
8	91	53	85
8	92	53	85
8	93	0	0
8	94	0	0
8	95	44	45
8	96	0	0
8	97	0	0
8	98	93	94
8	99	78	79
8	100	0	0
