8	1	0	0
8	2	1	3
8	3	0	0
8	4	1	3
8	5	1	3
8	6	1	3
8	7	2	8
8	8	9	10
8	9	0	0
8	10	0	0
8	11	9	10
8	12	9	10
8	13	9	10
8	14	2	8
8	15	2	8
8	16	2	8
8	17	7	18
8	18	24	25
8	19	17	20
8	20	22	23
8	21	7	18
8	22	26	27
8	23	33	34
8	24	37	38
8	25	65	66
8	26	104	105
8	27	29	30
8	28	22	23
8	29	0	0
8	30	0	0
8	31	19	32
8	32	62	63
8	33	93	94
8	34	45	46
8	35	19	32
8	36	24	25
8	37	0	0
8	38	0	0
8	39	19	32
8	40	24	25
8	41	17	20
8	42	22	23
8	43	17	20
8	44	19	32
8	45	0	0
8	46	0	0
8	47	37	38
8	48	29	30
8	49	26	27
8	50	33	34
8	51	24	25
8	52	37	38
8	53	17	20
8	54	31	55
8	55	87	88
8	56	33	34
8	57	29	30
8	58	33	34
8	59	29	30
8	60	45	46
8	61	26	27
8	62	136	137
8	63	73	74
8	64	22	23
8	65	0	0
8	66	0	0
8	67	45	46
8	68	7	18
8	69	26	27
8	70	62	63
8	71	45	46
8	72	31	55
8	73	90	91
8	74	80	81
8	75	73	74
8	76	62	63
8	77	62	63
8	78	7	18
8	79	31	55
8	80	99	100
8	81	120	121
8	82	65	66
8	83	65	66
8	84	80	81
8	85	54	86
8	86	154	155
8	87	138	139
8	88	118	119
8	89	73	74
8	90	97	98
8	91	122	123
8	92	37	38
8	93	0	0
8	94	0	0
8	95	54	86
8	96	90	91
8	97	0	0
8	98	0	0
8	99	0	0
8	100	0	0
8	101	65	66
8	102	90	91
8	103	73	74
8	104	0	0
8	105	0	0
8	106	54	86
8	107	99	100
8	108	90	91
8	109	54	86
8	110	31	55
8	111	97	98
8	112	97	98
8	113	99	100
8	114	87	88
8	115	93	94
8	116	97	98
8	117	80	81
8	118	270	271
8	119	287	288
8	120	0	0
8	121	0	0
8	122	0	0
8	123	0	0
8	124	122	123
8	125	104	105
8	126	120	121
8	127	122	123
8	128	122	123
8	129	104	105
8	130	93	94
8	131	120	121
8	132	87	88
8	133	93	94
8	134	104	105
8	135	120	121
8	136	164	165
8	137	158	159
8	138	278	279
8	139	214	215
8	140	80	81
8	141	118	119
8	142	85	143
8	143	152	153
8	144	99	100
8	145	87	88
8	146	138	139
8	147	118	119
8	148	136	137
8	149	138	139
8	150	85	143
8	151	136	137
8	152	256	257
8	153	156	157
8	154	205	206
8	155	160	161
8	156	0	0
8	157	178	179
8	158	203	204
8	159	169	170
8	160	201	202
8	161	171	172
8	162	158	159
8	163	118	119
8	164	192	193
8	165	176	177
8	166	85	143
8	167	85	143
8	168	164	165
8	169	0	0
8	170	0	0
8	171	254	255
8	172	0	0
8	173	142	174
8	174	180	181
8	175	142	174
8	176	0	0
8	177	0	0
8	178	247	248
8	179	199	200
8	180	231	232
8	181	184	185
8	182	142	174
8	183	142	174
8	184	186	187
8	185	258	259
8	186	238	239
8	187	207	208
8	188	184	185
8	189	138	139
8	190	180	181
8	191	152	153
8	192	0	0
8	193	0	0
8	194	171	172
8	195	186	187
8	196	136	137
8	197	160	161
8	198	154	155
8	199	0	0
8	200	0	0
8	201	0	0
8	202	272	273
8	203	0	0
8	204	0	0
8	205	266	267
8	206	211	212
8	207	0	0
8	208	0	0
8	209	201	202
8	210	169	170
8	211	220	221
8	212	0	0
8	213	203	204
8	214	0	0
8	215	0	0
8	216	156	157
8	217	207	208
8	218	169	170
8	219	180	181
8	220	0	0
8	221	222	223
8	222	296	297
8	223	252	253
8	224	199	200
8	225	156	157
8	226	192	193
8	227	203	204
8	228	152	153
8	229	211	212
8	230	176	177
8	231	0	0
8	232	0	0
8	233	184	185
8	234	207	208
8	235	178	179
8	236	173	237
8	237	0	0
8	238	262	263
8	239	0	0
8	240	238	239
8	241	203	204
8	242	178	179
8	243	156	157
8	244	171	172
8	245	171	172
8	246	158	159
8	247	0	0
8	248	0	0
8	249	184	185
8	250	192	193
8	251	231	232
8	252	0	0
8	253	0	0
8	254	280	281
8	255	0	0
8	256	0	0
8	257	0	0
8	258	294	295
8	259	0	0
8	260	186	187
8	261	201	202
8	262	0	0
8	263	0	0
8	264	222	223
8	265	154	155
8	266	0	0
8	267	290	291
8	268	262	263
8	269	220	221
8	270	0	0
8	271	0	0
8	272	298	299
8	273	0	0
8	274	211	212
8	275	158	159
8	276	266	267
8	277	252	253
8	278	0	0
8	279	0	0
8	280	0	0
8	281	285	286
8	282	247	248
8	283	199	200
8	284	154	155
8	285	0	0
8	286	0	0
8	287	0	0
8	288	0	0
8	289	254	255
8	290	0	0
8	291	0	0
8	292	262	263
8	293	287	288
8	294	0	0
8	295	0	0
8	296	0	0
8	297	0	0
8	298	0	0
8	299	0	0
8	300	238	239
