20	1	0	0
20	2	1	3
20	3	0	0
20	4	1	3
20	5	1	3
20	6	1	3
20	7	2	8
20	8	103	104
20	9	7	10
20	10	46	47
20	11	7	10
20	12	2	8
20	13	7	10
20	14	2	8
20	15	2	8
20	16	9	17
20	17	18	19
20	18	30	31
20	19	20	21
20	20	26	27
20	21	0	0
20	22	7	10
20	23	18	19
20	24	20	21
20	25	9	17
20	26	0	0
20	27	0	0
20	28	26	27
20	29	20	21
20	30	165	166
20	31	36	37
20	32	26	27
20	33	16	34
20	34	41	42
20	35	9	17
20	36	0	0
20	37	0	0
20	38	30	31
20	39	16	34
20	40	20	21
20	41	115	116
20	42	53	54
20	43	9	17
20	44	30	31
20	45	26	27
20	46	48	49
20	47	66	67
20	48	0	0
20	49	0	0
20	50	16	34
20	51	33	52
20	52	0	0
20	53	97	98
20	54	72	73
20	55	51	56
20	56	62	63
20	57	30	31
20	58	33	52
20	59	16	34
20	60	46	47
20	61	46	47
20	62	64	65
20	63	133	134
20	64	154	155
20	65	69	70
20	66	0	0
20	67	0	0
20	68	66	67
20	69	79	80
20	70	83	84
20	71	69	70
20	72	81	82
20	73	0	0
20	74	53	54
20	75	18	19
20	76	53	54
20	77	48	49
20	78	69	70
20	79	100	101
20	80	123	124
20	81	0	0
20	82	0	0
20	83	120	121
20	84	125	126
20	85	69	70
20	86	51	56
20	87	64	65
20	88	41	42
20	89	36	37
20	90	18	19
20	91	66	67
20	92	53	54
20	93	79	80
20	94	64	65
20	95	55	96
20	96	108	109
20	97	144	145
20	98	0	0
20	99	33	52
20	100	191	192
20	101	130	131
20	102	100	101
20	103	0	0
20	104	0	0
20	105	97	98
20	106	72	73
20	107	81	82
20	108	163	164
20	109	147	148
20	110	64	65
20	111	95	112
20	112	0	0
20	113	51	56
20	114	79	80
20	115	136	137
20	116	0	0
20	117	72	73
20	118	103	104
20	119	83	84
20	120	198	199
20	121	193	194
20	122	100	101
20	123	0	0
20	124	0	0
20	125	176	177
20	126	0	0
20	127	62	63
20	128	66	67
20	129	108	109
20	130	0	0
20	131	0	0
20	132	100	101
20	133	0	0
20	134	0	0
20	135	81	82
20	136	0	0
20	137	0	0
20	138	136	137
20	139	41	42
20	140	41	42
20	141	125	126
20	142	103	104
20	143	55	96
20	144	0	0
20	145	0	0
20	146	55	96
20	147	0	0
20	148	0	0
20	149	48	49
20	150	125	126
20	151	111	152
20	152	0	0
20	153	125	126
20	154	183	184
20	155	0	0
20	156	147	148
20	157	111	152
20	158	46	47
20	159	95	112
20	160	108	109
20	161	111	152
20	162	123	124
20	163	0	0
20	164	178	179
20	165	0	0
20	166	0	0
20	167	51	56
20	168	120	121
20	169	103	104
20	170	62	63
20	171	81	82
20	172	154	155
20	173	108	109
20	174	136	137
20	175	130	131
20	176	0	0
20	177	0	0
20	178	0	0
20	179	0	0
20	180	120	121
20	181	165	166
20	182	95	112
20	183	0	0
20	184	0	0
20	185	183	184
20	186	163	164
20	187	123	124
20	188	165	166
20	189	72	73
20	190	147	148
20	191	0	0
20	192	0	0
20	193	0	0
20	194	0	0
20	195	183	184
20	196	163	164
20	197	62	63
20	198	0	0
20	199	0	0
20	200	0	0
