32	1	0	0
32	2	1	3
32	3	0	0
32	4	1	3
32	5	2	6
32	6	12	13
32	7	2	6
32	8	1	3
32	9	1	3
32	10	5	11
32	11	16	17
32	12	0	0
32	13	0	0
32	14	2	6
32	15	12	13
32	16	19	20
32	17	36	37
32	18	5	11
32	19	0	0
32	20	0	0
32	21	5	11
32	22	5	11
32	23	16	17
32	24	2	6
32	25	12	13
32	26	12	13
32	27	16	17
32	28	19	20
32	29	19	20
32	30	10	31
32	31	44	45
32	32	10	31
32	33	16	17
32	34	10	31
32	35	19	20
32	36	0	0
32	37	0	0
32	38	30	39
32	39	56	57
32	40	38	41
32	41	88	89
32	42	38	41
32	43	30	39
32	44	142	143
32	45	73	74
32	46	40	47
32	47	48	49
32	48	52	53
32	49	135	136
32	50	38	41
32	51	36	37
32	52	86	87
32	53	78	79
32	54	48	49
32	55	10	31
32	56	66	67
32	57	60	61
32	58	40	47
32	59	56	57
32	60	163	164
32	61	0	0
32	62	46	63
32	63	96	97
32	64	38	41
32	65	44	45
32	66	124	125
32	67	101	102
32	68	48	49
32	69	40	47
32	70	48	49
32	71	40	47
32	72	52	53
32	73	126	127
32	74	196	197
32	75	46	63
32	76	52	53
32	77	46	63
32	78	80	81
32	79	109	110
32	80	167	168
32	81	93	94
32	82	60	61
32	83	44	45
32	84	56	57
32	85	36	37
32	86	0	0
32	87	0	0
32	88	0	0
32	89	151	152
32	90	46	63
32	91	56	57
32	92	88	89
32	93	138	139
32	94	0	0
32	95	73	74
32	96	118	119
32	97	103	104
32	98	80	81
32	99	96	97
32	100	44	45
32	101	0	0
32	102	106	107
32	103	113	114
32	104	173	174
32	105	52	53
32	106	0	0
32	107	0	0
32	108	106	107
32	109	0	0
32	110	189	190
32	111	106	107
32	112	88	89
32	113	0	0
32	114	116	117
32	115	88	89
32	116	0	0
32	117	0	0
32	118	0	0
32	119	128	129
32	120	78	79
32	121	66	67
32	122	86	87
32	123	93	94
32	124	145	146
32	125	140	141
32	126	0	0
32	127	0	0
32	128	0	0
32	129	0	0
32	130	30	39
32	131	118	119
32	132	73	74
32	133	96	97
32	134	118	119
32	135	0	0
32	136	175	176
32	137	30	39
32	138	0	0
32	139	0	0
32	140	0	0
32	141	0	0
32	142	153	154
32	143	0	0
32	144	36	37
32	145	0	0
32	146	0	0
32	147	106	107
32	148	60	61
32	149	103	104
32	150	80	81
32	151	0	0
32	152	0	0
32	153	0	0
32	154	0	0
32	155	153	154
32	156	138	139
32	157	113	114
32	158	62	159
32	159	0	0
32	160	66	67
32	161	66	67
32	162	126	127
32	163	0	0
32	164	0	0
32	165	101	102
32	166	145	146
32	167	0	0
32	168	0	0
32	169	124	125
32	170	135	136
32	171	151	152
32	172	140	141
32	173	182	183
32	174	177	178
32	175	198	199
32	176	0	0
32	177	0	0
32	178	186	187
32	179	151	152
32	180	145	146
32	181	116	117
32	182	0	0
32	183	0	0
32	184	175	176
32	185	153	154
32	186	0	0
32	187	0	0
32	188	109	110
32	189	0	0
32	190	0	0
32	191	128	129
32	192	163	164
32	193	163	164
32	194	177	178
32	195	175	176
32	196	0	0
32	197	0	0
32	198	0	0
32	199	0	0
32	200	0	0
