39	1	0	0
39	2	1	3
39	3	0	0
39	4	2	5
39	5	7	8
39	6	2	5
39	7	0	0
39	8	0	0
39	9	7	8
39	10	2	5
39	11	7	8
39	12	7	8
39	13	1	3
39	14	2	5
39	15	4	16
39	16	25	26
39	17	4	16
39	18	4	16
39	19	4	16
39	20	1	3
39	21	1	3
39	22	15	23
39	23	34	35
39	24	15	23
39	25	48	49
39	26	36	37
39	27	25	26
39	28	15	23
39	29	22	30
39	30	131	132
39	31	22	30
39	32	22	30
39	33	25	26
39	34	40	41
39	35	68	69
39	36	0	0
39	37	0	0
39	38	34	35
39	39	22	30
39	40	50	51
39	41	65	66
39	42	15	23
39	43	29	44
39	44	46	47
39	45	34	35
39	46	53	54
39	47	56	57
39	48	0	0
39	49	0	0
39	50	0	0
39	51	0	0
39	52	34	35
39	53	61	62
39	54	80	81
39	55	48	49
39	56	85	86
39	57	221	222
39	58	43	59
39	59	204	205
39	60	50	51
39	61	324	325
39	62	73	74
39	63	46	47
39	64	43	59
39	65	0	0
39	66	0	0
39	67	61	62
39	68	161	162
39	69	178	179
39	70	46	47
39	71	50	51
39	72	36	37
39	73	110	111
39	74	99	100
39	75	43	59
39	76	53	54
39	77	50	51
39	78	58	79
39	79	156	157
39	80	124	125
39	81	334	335
39	82	46	47
39	83	73	74
39	84	56	57
39	85	90	91
39	86	127	128
39	87	80	81
39	88	56	57
39	89	25	26
39	90	97	98
39	91	95	96
39	92	58	79
39	93	53	54
39	94	68	69
39	95	0	0
39	96	0	0
39	97	0	0
39	98	0	0
39	99	0	0
39	100	0	0
39	101	90	91
39	102	58	79
39	103	78	104
39	104	342	343
39	105	48	49
39	106	61	62
39	107	68	69
39	108	56	57
39	109	48	49
39	110	0	0
39	111	0	0
39	112	78	104
39	113	53	54
39	114	97	98
39	115	78	104
39	116	29	44
39	117	99	100
39	118	36	37
39	119	110	111
39	120	36	37
39	121	65	66
39	122	80	81
39	123	90	91
39	124	142	143
39	125	136	137
39	126	95	96
39	127	170	171
39	128	681	682
39	129	43	59
39	130	29	44
39	131	234	235
39	132	153	154
39	133	110	111
39	134	73	74
39	135	68	69
39	136	0	0
39	137	0	0
39	138	65	66
39	139	73	74
39	140	80	81
39	141	40	41
39	142	0	0
39	143	0	0
39	144	78	104
39	145	127	128
39	146	29	44
39	147	95	96
39	148	65	66
39	149	40	41
39	150	136	137
39	151	90	91
39	152	136	137
39	153	261	262
39	154	194	195
39	155	85	86
39	156	202	203
39	157	273	274
39	158	85	86
39	159	97	98
39	160	136	137
39	161	0	0
39	162	0	0
39	163	40	41
39	164	61	62
39	165	131	132
39	166	156	157
39	167	161	162
39	168	142	143
39	169	161	162
39	170	0	0
39	171	0	0
39	172	153	154
39	173	95	96
39	174	58	79
39	175	124	125
39	176	131	132
39	177	142	143
39	178	0	0
39	179	0	0
39	180	170	171
39	181	142	143
39	182	156	157
39	183	85	86
39	184	127	128
39	185	97	98
39	186	178	179
39	187	110	111
39	188	161	162
39	189	103	190
39	190	393	394
39	191	170	171
39	192	131	132
39	193	124	125
39	194	256	257
39	195	517	518
39	196	99	100
39	197	103	190
39	198	153	154
39	199	124	125
39	200	153	154
39	201	194	195
39	202	431	432
39	203	214	215
39	204	207	208
39	205	231	232
39	206	178	179
39	207	481	482
39	208	238	239
39	209	103	190
39	210	156	157
39	211	127	128
39	212	207	208
39	213	207	208
39	214	267	268
39	215	217	218
39	216	194	195
39	217	219	220
39	218	280	281
39	219	597	598
39	220	433	434
39	221	529	530
39	222	228	229
39	223	221	222
39	224	204	205
39	225	219	220
39	226	219	220
39	227	207	208
39	228	402	403
39	229	244	245
39	230	228	229
39	231	296	297
39	232	249	250
39	233	194	195
39	234	251	252
39	235	436	437
39	236	231	232
39	237	178	179
39	238	696	697
39	239	247	248
39	240	221	222
39	241	99	100
39	242	214	215
39	243	204	205
39	244	0	0
39	245	0	0
39	246	219	220
39	247	310	311
39	248	607	608
39	249	378	379
39	250	263	264
39	251	391	392
39	252	359	360
39	253	103	190
39	254	244	245
39	255	238	239
39	256	0	0
39	257	0	0
39	258	247	248
39	259	204	205
39	260	231	232
39	261	639	640
39	262	285	286
39	263	265	266
39	264	270	271
39	265	846	847
39	266	369	370
39	267	289	290
39	268	291	292
39	269	256	257
39	270	574	575
39	271	321	322
39	272	170	171
39	273	282	283
39	274	490	491
39	275	267	268
39	276	231	232
39	277	247	248
39	278	234	235
39	279	256	257
39	280	301	302
39	281	612	613
39	282	304	305
39	283	646	647
39	284	273	274
39	285	0	0
39	286	0	0
39	287	265	266
39	288	214	215
39	289	353	354
39	290	455	456
39	291	0	0
39	292	792	793
39	293	261	262
39	294	251	252
39	295	291	292
39	296	659	660
39	297	357	358
39	298	238	239
39	299	282	283
39	300	296	297
39	301	366	367
39	302	306	307
39	303	214	215
39	304	389	390
39	305	565	566
39	306	0	0
39	307	0	0
39	308	306	307
39	309	202	203
39	310	428	429
39	311	326	327
39	312	249	250
39	313	273	274
39	314	247	248
39	315	263	264
39	316	189	317
39	317	337	338
39	318	256	257
39	319	202	203
39	320	249	250
39	321	0	0
39	322	0	0
39	323	189	317
39	324	465	466
39	325	580	581
39	326	0	0
39	327	0	0
39	328	316	329
39	329	332	333
39	330	273	274
39	331	251	252
39	332	404	405
39	333	406	407
39	334	583	584
39	335	361	362
39	336	270	271
39	337	363	364
39	338	815	816
39	339	251	252
39	340	265	266
39	341	221	222
39	342	408	409
39	343	349	350
39	344	304	305
39	345	238	239
39	346	326	327
39	347	261	262
39	348	301	302
39	349	380	381
39	350	510	511
39	351	316	329
39	352	301	302
39	353	880	881
39	354	479	480
39	355	301	302
39	356	249	250
39	357	698	699
39	358	946	947
39	359	0	0
39	360	0	0
39	361	0	0
39	362	0	0
39	363	450	451
39	364	666	667
39	365	261	262
39	366	0	0
39	367	0	0
39	368	291	292
39	369	0	0
39	370	0	0
39	371	321	322
39	372	291	292
39	373	316	329
39	374	285	286
39	375	306	307
39	376	189	317
39	377	285	286
39	378	700	701
39	379	382	383
39	380	576	577
39	381	415	416
39	382	578	579
39	383	641	642
39	384	342	343
39	385	217	218
39	386	296	297
39	387	304	305
39	388	342	343
39	389	0	0
39	390	459	460
39	391	0	0
39	392	0	0
39	393	0	0
39	394	413	414
39	395	326	327
39	396	289	290
39	397	342	343
39	398	334	335
39	399	280	281
39	400	282	283
39	401	202	203
39	402	0	0
39	403	0	0
39	404	0	0
39	405	527	528
39	406	467	468
39	407	439	440
39	408	445	446
39	409	476	477
39	410	357	358
39	411	285	286
39	412	280	281
39	413	603	604
39	414	0	0
39	415	498	499
39	416	426	427
39	417	310	311
39	418	391	392
39	419	391	392
39	420	415	416
39	421	334	335
39	422	404	405
39	423	306	307
39	424	366	367
39	425	217	218
39	426	0	0
39	427	610	611
39	428	0	0
39	429	0	0
39	430	326	327
39	431	788	789
39	432	543	544
39	433	521	522
39	434	644	645
39	435	217	218
39	436	0	0
39	437	710	711
39	438	324	325
39	439	920	921
39	440	0	0
39	441	363	364
39	442	349	350
39	443	234	235
39	444	361	362
39	445	956	957
39	446	686	687
39	447	353	354
39	448	431	432
39	449	337	338
39	450	615	616
39	451	484	485
39	452	361	362
39	453	382	383
39	454	234	235
39	455	562	563
39	456	898	899
39	457	445	446
39	458	263	264
39	459	0	0
39	460	635	636
39	461	280	281
39	462	439	440
39	463	332	333
39	464	413	414
39	465	0	0
39	466	0	0
39	467	757	758
39	468	848	849
39	469	289	290
39	470	304	305
39	471	361	362
39	472	334	335
39	473	389	390
39	474	406	407
39	475	263	264
39	476	0	0
39	477	694	695
39	478	337	338
39	479	0	0
39	480	0	0
39	481	734	735
39	482	531	532
39	483	349	350
39	484	0	0
39	485	557	558
39	486	450	451
39	487	479	480
39	488	476	477
39	489	408	409
39	490	798	799
39	491	493	494
39	492	436	437
39	493	547	548
39	494	949	950
39	495	378	379
39	496	380	381
39	497	296	297
39	498	702	703
39	499	0	0
39	500	465	466
39	501	436	437
39	502	445	446
39	503	428	429
39	504	349	350
39	505	363	364
39	506	289	290
39	507	267	268
39	508	439	440
39	509	357	358
39	510	0	0
39	511	802	803
39	512	366	367
39	513	455	456
39	514	369	370
39	515	353	354
39	516	393	394
39	517	0	0
39	518	0	0
39	519	467	468
39	520	415	416
39	521	0	0
39	522	0	0
39	523	321	322
39	524	359	360
39	525	476	477
39	526	439	440
39	527	534	535
39	528	730	731
39	529	781	782
39	530	0	0
39	531	538	539
39	532	875	876
39	533	490	491
39	534	536	537
39	535	833	834
39	536	669	670
39	537	0	0
39	538	552	553
39	539	0	0
39	540	517	518
39	541	465	466
39	542	282	283
39	543	595	596
39	544	961	962
39	545	189	317
39	546	455	456
39	547	663	664
39	548	829	830
39	549	536	537
39	550	357	358
39	551	404	405
39	552	0	0
39	553	0	0
39	554	382	383
39	555	450	451
39	556	431	432
39	557	572	573
39	558	973	974
39	559	529	530
39	560	369	370
39	561	557	558
39	562	0	0
39	563	0	0
39	564	324	325
39	565	706	707
39	566	913	914
39	567	479	480
39	568	408	409
39	569	402	403
39	570	393	394
39	571	337	338
39	572	622	623
39	573	747	748
39	574	0	0
39	575	0	0
39	576	841	842
39	577	712	713
39	578	0	0
39	579	0	0
39	580	0	0
39	581	0	0
39	582	244	245
39	583	0	0
39	584	0	0
39	585	445	446
39	586	363	364
39	587	543	544
39	588	534	535
39	589	510	511
39	590	369	370
39	591	359	360
39	592	479	480
39	593	490	491
39	594	404	405
39	595	0	0
39	596	620	621
39	597	0	0
39	598	605	606
39	599	580	581
39	600	529	530
39	601	465	466
39	602	244	245
39	603	684	685
39	604	0	0
39	605	0	0
39	606	0	0
39	607	654	655
39	608	0	0
39	609	431	432
39	610	854	855
39	611	0	0
39	612	626	627
39	613	629	630
39	614	534	535
39	615	0	0
39	616	813	814
39	617	574	575
39	618	595	596
39	619	476	477
39	620	715	716
39	621	0	0
39	622	877	878
39	623	0	0
39	624	580	581
39	625	605	606
39	626	0	0
39	627	0	0
39	628	436	437
39	629	0	0
39	630	0	0
39	631	310	311
39	632	267	268
39	633	415	416
39	634	580	581
39	635	0	0
39	636	0	0
39	637	459	460
39	638	467	468
39	639	0	0
39	640	0	0
39	641	0	0
39	642	0	0
39	643	393	394
39	644	0	0
39	645	0	0
39	646	0	0
39	647	976	977
39	648	607	608
39	649	615	616
39	650	527	528
39	651	459	460
39	652	428	429
39	653	615	616
39	654	0	0
39	655	0	0
39	656	498	499
39	657	366	367
39	658	557	558
39	659	969	970
39	660	903	904
39	661	629	630
39	662	562	563
39	663	806	807
39	664	0	0
39	665	620	621
39	666	0	0
39	667	0	0
39	668	391	392
39	669	736	737
39	670	0	0
39	671	517	518
39	672	353	354
39	673	547	548
39	674	534	535
39	675	626	627
39	676	521	522
39	677	654	655
39	678	389	390
39	679	547	548
39	680	382	383
39	681	0	0
39	682	0	0
39	683	538	539
39	684	930	931
39	685	778	779
39	686	0	0
39	687	0	0
39	688	467	468
39	689	562	563
39	690	622	623
39	691	572	573
39	692	607	608
39	693	622	623
39	694	0	0
39	695	0	0
39	696	732	733
39	697	0	0
39	698	882	883
39	699	0	0
39	700	0	0
39	701	836	837
39	702	838	839
39	703	843	844
39	704	408	409
39	705	521	522
39	706	939	940
39	707	768	769
39	708	583	584
39	709	635	636
39	710	0	0
39	711	0	0
39	712	888	889
39	713	0	0
39	714	316	329
39	715	0	0
39	716	0	0
39	717	490	491
39	718	635	636
39	719	597	598
39	720	378	379
39	721	681	682
39	722	324	325
39	723	615	616
39	724	610	611
39	725	702	703
39	726	574	575
39	727	455	456
39	728	576	577
39	729	694	695
39	730	0	0
39	731	0	0
39	732	858	859
39	733	862	863
39	734	821	822
39	735	808	809
39	736	0	0
39	737	981	982
39	738	521	522
39	739	654	655
39	740	694	695
39	741	493	494
39	742	702	703
39	743	663	664
39	744	547	548
39	745	228	229
39	746	663	664
39	747	755	756
39	748	0	0
39	749	696	697
39	750	641	642
39	751	612	613
39	752	715	716
39	753	426	427
39	754	538	539
39	755	923	924
39	756	958	959
39	757	884	885
39	758	0	0
39	759	610	611
39	760	529	530
39	761	755	756
39	762	552	553
39	763	402	403
39	764	605	606
39	765	644	645
39	766	620	621
39	767	265	266
39	768	0	0
39	769	0	0
39	770	578	579
39	771	574	575
39	772	543	544
39	773	768	769
39	774	543	544
39	775	669	670
39	776	402	403
39	777	603	604
39	778	0	0
39	779	0	0
39	780	712	713
39	781	0	0
39	782	0	0
39	783	700	701
39	784	270	271
39	785	629	630
39	786	644	645
39	787	747	748
39	788	0	0
39	789	909	910
39	790	607	608
39	791	603	604
39	792	0	0
39	793	800	801
39	794	641	642
39	795	686	687
39	796	629	630
39	797	681	682
39	798	873	874
39	799	864	865
39	800	0	0
39	801	0	0
39	802	0	0
39	803	0	0
39	804	459	460
39	805	605	606
39	806	0	0
39	807	0	0
39	808	0	0
39	809	0	0
39	810	706	707
39	811	666	667
39	812	788	789
39	813	917	918
39	814	0	0
39	815	831	832
39	816	0	0
39	817	635	636
39	818	576	577
39	819	815	816
39	820	712	713
39	821	0	0
39	822	978	979
39	823	538	539
39	824	565	566
39	825	663	664
39	826	321	322
39	827	484	485
39	828	792	793
39	829	0	0
39	830	991	992
39	831	0	0
39	832	0	0
39	833	0	0
39	834	0	0
39	835	686	687
39	836	0	0
39	837	0	0
39	838	971	972
39	839	0	0
39	840	747	748
39	841	894	895
39	842	0	0
39	843	0	0
39	844	0	0
39	845	815	816
39	846	0	0
39	847	0	0
39	848	942	943
39	849	0	0
39	850	498	499
39	851	715	716
39	852	562	563
39	853	612	613
39	854	0	0
39	855	0	0
39	856	310	311
39	857	413	414
39	858	0	0
39	859	0	0
39	860	757	758
39	861	557	558
39	862	0	0
39	863	0	0
39	864	0	0
39	865	0	0
39	866	527	528
39	867	843	844
39	868	433	434
39	869	572	573
39	870	755	756
39	871	813	814
39	872	846	847
39	873	937	938
39	874	0	0
39	875	0	0
39	876	997	998
39	877	933	934
39	878	0	0
39	879	781	782
39	880	0	0
39	881	0	0
39	882	0	0
39	883	0	0
39	884	0	0
39	885	907	908
39	886	877	878
39	887	433	434
39	888	0	0
39	889	0	0
39	890	813	814
39	891	884	885
39	892	597	598
39	893	815	816
39	894	905	906
39	895	0	0
39	896	597	598
39	897	622	623
39	898	0	0
39	899	0	0
39	900	884	885
39	901	706	707
39	902	380	381
39	903	0	0
39	904	0	0
39	905	0	0
39	906	0	0
39	907	0	0
39	908	0	0
39	909	0	0
39	910	0	0
39	911	829	830
39	912	898	899
39	913	0	0
39	914	0	0
39	915	821	822
39	916	686	687
39	917	0	0
39	918	926	927
39	919	712	713
39	920	0	0
39	921	0	0
39	922	831	832
39	923	0	0
39	924	0	0
39	925	576	577
39	926	0	0
39	927	0	0
39	928	578	579
39	929	603	604
39	930	954	955
39	931	0	0
39	932	681	682
39	933	0	0
39	934	0	0
39	935	578	579
39	936	517	518
39	937	0	0
39	938	986	987
39	939	0	0
39	940	0	0
39	941	552	553
39	942	0	0
39	943	0	0
39	944	527	528
39	945	831	832
39	946	0	0
39	947	0	0
39	948	413	414
39	949	0	0
39	950	0	0
39	951	380	381
39	952	270	271
39	953	939	940
39	954	0	0
39	955	0	0
39	956	0	0
39	957	0	0
39	958	0	0
39	959	0	0
39	960	792	793
39	961	0	0
39	962	0	0
39	963	332	333
39	964	654	655
39	965	958	959
39	966	792	793
39	967	802	803
39	968	933	934
39	969	0	0
39	970	0	0
39	971	0	0
39	972	0	0
39	973	0	0
39	974	0	0
39	975	757	758
39	976	0	0
39	977	0	0
39	978	0	0
39	979	0	0
39	980	378	379
39	981	0	0
39	982	0	0
39	983	757	758
39	984	715	716
39	985	813	814
39	986	0	0
39	987	0	0
39	988	877	878
39	989	986	987
39	990	700	701
39	991	0	0
39	992	0	0
39	993	583	584
39	994	894	895
39	995	228	229
39	996	905	906
39	997	0	0
39	998	0	0
39	999	552	553
39	1000	778	779
