23	1	0	0
23	2	1	3
23	3	0	0
23	4	1	3
23	5	2	6
23	6	18	19
23	7	1	3
23	8	1	3
23	9	5	10
23	10	22	23
23	11	9	12
23	12	16	17
23	13	5	10
23	14	5	10
23	15	9	12
23	16	36	37
23	17	27	28
23	18	0	0
23	19	0	0
23	20	16	17
23	21	18	19
23	22	31	32
23	23	0	0
23	24	22	23
23	25	22	23
23	26	9	12
23	27	0	0
23	28	0	0
23	29	5	10
23	30	9	12
23	31	0	0
23	32	0	0
23	33	27	28
23	34	11	35
23	35	49	50
23	36	0	0
23	37	0	0
23	38	16	17
23	39	16	17
23	40	27	28
23	41	22	23
23	42	2	6
23	43	18	19
23	44	2	6
23	45	36	37
23	46	2	6
23	47	27	28
23	48	18	19
23	49	0	0
23	50	0	0
