35	1	0	0
35	2	1	3
35	3	0	0
35	4	2	5
35	5	11	12
35	6	2	5
35	7	1	3
35	8	1	3
35	9	2	5
35	10	1	3
35	11	0	0
35	12	0	0
35	13	4	14
35	14	20	21
35	15	2	5
35	16	4	14
35	17	11	12
35	18	13	19
35	19	24	25
35	20	49	50
35	21	22	23
35	22	0	0
35	23	0	0
35	24	27	28
35	25	64	65
35	26	11	12
35	27	43	44
35	28	39	40
35	29	24	25
35	30	20	21
35	31	24	25
35	32	18	33
35	33	75	76
35	34	32	35
35	35	147	148
35	36	27	28
35	37	13	19
35	38	20	21
35	39	0	0
35	40	0	0
35	41	27	28
35	42	22	23
35	43	0	0
35	44	0	0
35	45	11	12
35	46	18	33
35	47	34	48
35	48	77	78
35	49	0	0
35	50	0	0
35	51	22	23
35	52	34	48
35	53	20	21
35	54	49	50
35	55	43	44
35	56	49	50
35	57	34	48
35	58	34	48
35	59	27	28
35	60	43	44
35	61	18	33
35	62	32	35
35	63	4	14
35	64	85	86
35	65	71	72
35	66	47	67
35	67	105	106
35	68	22	23
35	69	4	14
35	70	64	65
35	71	0	0
35	72	0	0
35	73	24	25
35	74	18	33
35	75	87	88
35	76	91	92
35	77	114	115
35	78	89	90
35	79	49	50
35	80	32	35
35	81	71	72
35	82	64	65
35	83	47	67
35	84	32	35
35	85	0	0
35	86	0	0
35	87	98	99
35	88	130	131
35	89	110	111
35	90	0	0
35	91	0	0
35	92	101	102
35	93	64	65
35	94	91	92
35	95	71	72
35	96	77	78
35	97	91	92
35	98	0	0
35	99	173	174
35	100	39	40
35	101	150	151
35	102	116	117
35	103	98	99
35	104	71	72
35	105	0	0
35	106	0	0
35	107	43	44
35	108	13	19
35	109	13	19
35	110	118	119
35	111	112	113
35	112	0	0
35	113	191	192
35	114	179	180
35	115	124	125
35	116	0	0
35	117	0	0
35	118	120	121
35	119	163	164
35	120	0	0
35	121	153	154
35	122	120	121
35	123	120	121
35	124	0	0
35	125	0	0
35	126	87	88
35	127	112	113
35	128	66	129
35	129	176	177
35	130	161	162
35	131	159	160
35	132	47	67
35	133	105	106
35	134	124	125
35	135	116	117
35	136	114	115
35	137	87	88
35	138	77	78
35	139	120	121
35	140	101	102
35	141	114	115
35	142	101	102
35	143	118	119
35	144	130	131
35	145	101	102
35	146	77	78
35	147	0	0
35	148	0	0
35	149	147	148
35	150	0	0
35	151	0	0
35	152	147	148
35	153	0	0
35	154	0	0
35	155	91	92
35	156	66	129
35	157	116	117
35	158	98	99
35	159	0	0
35	160	0	0
35	161	0	0
35	162	0	0
35	163	0	0
35	164	187	188
35	165	163	164
35	166	163	164
35	167	163	164
35	168	116	117
35	169	153	154
35	170	110	111
35	171	85	86
35	172	89	90
35	173	0	0
35	174	0	0
35	175	124	125
35	176	0	0
35	177	0	0
35	178	150	151
35	179	0	0
35	180	196	197
35	181	130	131
35	182	173	174
35	183	179	180
35	184	173	174
35	185	176	177
35	186	130	131
35	187	0	0
35	188	0	0
35	189	114	115
35	190	118	119
35	191	194	195
35	192	0	0
35	193	176	177
35	194	0	0
35	195	0	0
35	196	0	0
35	197	0	0
35	198	98	99
35	199	124	125
35	200	39	40
