38	1	0	0
38	2	1	3
38	3	0	0
38	4	2	5
38	5	7	8
38	6	1	3
38	7	0	0
38	8	0	0
38	9	7	8
38	10	4	11
38	11	14	15
38	12	4	11
38	13	7	8
38	14	54	55
38	15	16	17
38	16	0	0
38	17	0	0
38	18	2	5
38	19	2	5
38	20	1	3
38	21	7	8
38	22	4	11
38	23	16	17
38	24	10	25
38	25	45	46
38	26	4	11
38	27	16	17
38	28	2	5
38	29	16	17
38	30	1	3
38	31	14	15
38	32	24	33
38	33	60	61
38	34	10	25
38	35	24	33
38	36	10	25
38	37	10	25
38	38	32	39
38	39	42	43
38	40	24	33
38	41	14	15
38	42	0	0
38	43	50	51
38	44	42	43
38	45	70	71
38	46	47	48
38	47	56	57
38	48	72	73
38	49	32	39
38	50	77	78
38	51	98	99
38	52	38	53
38	53	0	0
38	54	0	0
38	55	0	0
38	56	0	0
38	57	0	0
38	58	38	53
38	59	56	57
38	60	66	67
38	61	64	65
38	62	32	39
38	63	14	15
38	64	0	0
38	65	83	84
38	66	0	0
38	67	92	93
38	68	45	46
38	69	32	39
38	70	0	0
38	71	0	0
38	72	0	0
38	73	0	0
38	74	60	61
38	75	70	71
38	76	42	43
38	77	0	0
38	78	0	0
38	79	66	67
38	80	70	71
38	81	60	61
38	82	54	55
38	83	0	0
38	84	88	89
38	85	83	84
38	86	64	65
38	87	66	67
38	88	0	0
38	89	0	0
38	90	24	33
38	91	64	65
38	92	0	0
38	93	0	0
38	94	64	65
38	95	52	96
38	96	0	0
38	97	88	89
38	98	0	0
38	99	0	0
38	100	0	0
