15	1	0	0
15	2	1	3
15	3	0	0
15	4	1	3
15	5	2	6
15	6	9	10
15	7	2	6
15	8	1	3
15	9	0	0
15	10	0	0
15	11	2	6
15	12	2	6
15	13	9	10
15	14	5	15
15	15	23	24
15	16	1	3
15	17	14	18
15	18	174	175
15	19	9	10
15	20	17	21
15	21	108	109
15	22	5	15
15	23	30	31
15	24	43	44
15	25	14	18
15	26	9	10
15	27	5	15
15	28	20	29
15	29	35	36
15	30	0	0
15	31	0	0
15	32	5	15
15	33	14	18
15	34	30	31
15	35	48	49
15	36	41	42
15	37	30	31
15	38	28	39
15	39	61	62
15	40	14	18
15	41	51	52
15	42	87	88
15	43	0	0
15	44	0	0
15	45	17	21
15	46	41	42
15	47	23	24
15	48	102	103
15	49	92	93
15	50	17	21
15	51	183	184
15	52	429	430
15	53	43	44
15	54	17	21
15	55	35	36
15	56	28	39
15	57	38	58
15	58	237	238
15	59	48	49
15	60	48	49
15	61	69	70
15	62	90	91
15	63	41	42
15	64	51	52
15	65	30	31
15	66	57	67
15	67	94	95
15	68	41	42
15	69	71	72
15	70	80	81
15	71	163	164
15	72	76	77
15	73	69	70
15	74	48	49
15	75	43	44
15	76	0	0
15	77	185	186
15	78	38	58
15	79	61	62
15	80	191	192
15	81	227	228
15	82	35	36
15	83	28	39
15	84	38	58
15	85	57	67
15	86	43	44
15	87	129	130
15	88	155	156
15	89	28	39
15	90	135	136
15	91	133	134
15	92	0	0
15	93	104	105
15	94	97	98
15	95	106	107
15	96	20	29
15	97	147	148
15	98	141	142
15	99	87	88
15	100	69	70
15	101	92	93
15	102	137	138
15	103	113	114
15	104	510	511
15	105	143	144
15	106	288	289
15	107	223	224
15	108	127	128
15	109	248	249
15	110	51	52
15	111	80	81
15	112	69	70
15	113	253	254
15	114	176	177
15	115	102	103
15	116	35	36
15	117	61	62
15	118	113	114
15	119	20	29
15	120	92	93
15	121	92	93
15	122	87	88
15	123	23	24
15	124	20	29
15	125	106	107
15	126	87	88
15	127	193	194
15	128	263	264
15	129	395	396
15	130	397	398
15	131	51	52
15	132	94	95
15	133	179	180
15	134	407	408
15	135	196	197
15	136	517	518
15	137	251	252
15	138	311	312
15	139	97	98
15	140	106	107
15	141	187	188
15	142	499	500
15	143	0	0
15	144	0	0
15	145	141	142
15	146	106	107
15	147	259	260
15	148	926	927
15	149	143	144
15	150	129	130
15	151	90	91
15	152	135	136
15	153	71	72
15	154	135	136
15	155	229	230
15	156	212	213
15	157	76	77
15	158	104	105
15	159	38	58
15	160	143	144
15	161	137	138
15	162	90	91
15	163	0	0
15	164	207	208
15	165	80	81
15	166	94	95
15	167	94	95
15	168	135	136
15	169	23	24
15	170	141	142
15	171	66	172
15	172	261	262
15	173	108	109
15	174	302	303
15	175	198	199
15	176	0	0
15	177	0	0
15	178	137	138
15	179	313	314
15	180	743	744
15	181	155	156
15	182	61	62
15	183	431	432
15	184	255	256
15	185	189	190
15	186	290	291
15	187	0	0
15	188	205	206
15	189	0	0
15	190	0	0
15	191	221	222
15	192	245	246
15	193	494	495
15	194	750	751
15	195	193	194
15	196	541	542
15	197	219	220
15	198	235	236
15	199	339	340
15	200	90	91
15	201	76	77
15	202	66	172
15	203	71	72
15	204	97	98
15	205	215	216
15	206	294	295
15	207	491	492
15	208	343	344
15	209	176	177
15	210	171	211
15	211	370	371
15	212	0	0
15	213	0	0
15	214	183	184
15	215	217	218
15	216	375	376
15	217	461	462
15	218	241	242
15	219	479	480
15	220	325	326
15	221	763	764
15	222	0	0
15	223	0	0
15	224	385	386
15	225	205	206
15	226	97	98
15	227	270	271
15	228	487	488
15	229	0	0
15	230	0	0
15	231	174	175
15	232	71	72
15	233	215	216
15	234	143	144
15	235	0	0
15	236	0	0
15	237	387	388
15	238	578	579
15	239	179	180
15	240	185	186
15	241	0	0
15	242	0	0
15	243	189	190
15	244	212	213
15	245	736	737
15	246	427	428
15	247	137	138
15	248	305	306
15	249	358	359
15	250	227	228
15	251	0	0
15	252	0	0
15	253	0	0
15	254	0	0
15	255	0	0
15	256	0	0
15	257	219	220
15	258	163	164
15	259	265	266
15	260	276	277
15	261	381	382
15	262	530	531
15	263	521	522
15	264	0	0
15	265	283	284
15	266	348	349
15	267	133	134
15	268	259	260
15	269	193	194
15	270	0	0
15	271	292	293
15	272	212	213
15	273	248	249
15	274	212	213
15	275	261	262
15	276	657	658
15	277	455	456
15	278	133	134
15	279	127	128
15	280	248	249
15	281	276	277
15	282	171	211
15	283	477	478
15	284	286	287
15	285	191	192
15	286	878	879
15	287	435	436
15	288	368	369
15	289	413	414
15	290	0	0
15	291	0	0
15	292	0	0
15	293	0	0
15	294	624	625
15	295	321	322
15	296	163	164
15	297	255	256
15	298	259	260
15	299	174	175
15	300	248	249
15	301	286	287
15	302	356	357
15	303	573	574
15	304	288	289
15	305	315	316
15	306	474	475
15	307	305	306
15	308	171	211
15	309	237	238
15	310	196	197
15	311	0	0
15	312	0	0
15	313	425	426
15	314	366	367
15	315	0	0
15	316	0	0
15	317	104	105
15	318	147	148
15	319	205	206
15	320	185	186
15	321	546	547
15	322	0	0
15	323	283	284
15	324	265	266
15	325	0	0
15	326	0	0
15	327	286	287
15	328	174	175
15	329	198	199
15	330	276	277
15	331	104	105
15	332	207	208
15	333	227	228
15	334	66	172
15	335	185	186
15	336	210	337
15	337	532	533
15	338	251	252
15	339	0	0
15	340	0	0
15	341	229	230
15	342	255	256
15	343	0	0
15	344	0	0
15	345	207	208
15	346	325	326
15	347	311	312
15	348	649	650
15	349	470	471
15	350	223	224
15	351	321	322
15	352	223	224
15	353	315	316
15	354	288	289
15	355	343	344
15	356	0	0
15	357	0	0
15	358	840	841
15	359	652	653
15	360	255	256
15	361	251	252
15	362	245	246
15	363	76	77
15	364	325	326
15	365	227	228
15	366	0	0
15	367	0	0
15	368	437	438
15	369	0	0
15	370	440	441
15	371	920	921
15	372	133	134
15	373	259	260
15	374	311	312
15	375	621	622
15	376	564	565
15	377	302	303
15	378	313	314
15	379	235	236
15	380	283	284
15	381	450	451
15	382	820	821
15	383	368	369
15	384	261	262
15	385	908	909
15	386	561	562
15	387	393	394
15	388	693	694
15	389	163	164
15	390	219	220
15	391	315	316
15	392	147	148
15	393	645	646
15	394	0	0
15	395	0	0
15	396	0	0
15	397	0	0
15	398	0	0
15	399	127	128
15	400	147	148
15	401	263	264
15	402	251	252
15	403	348	349
15	404	368	369
15	405	370	371
15	406	387	388
15	407	420	421
15	408	485	486
15	409	193	194
15	410	358	359
15	411	102	103
15	412	57	67
15	413	0	0
15	414	0	0
15	415	397	398
15	416	336	417
15	417	882	883
15	418	187	188
15	419	315	316
15	420	796	797
15	421	0	0
15	422	385	386
15	423	393	394
15	424	276	277
15	425	0	0
15	426	0	0
15	427	0	0
15	428	0	0
15	429	609	610
15	430	980	981
15	431	0	0
15	432	0	0
15	433	425	426
15	434	413	414
15	435	0	0
15	436	0	0
15	437	0	0
15	438	457	458
15	439	221	222
15	440	583	584
15	441	606	607
15	442	57	67
15	443	325	326
15	444	176	177
15	445	370	371
15	446	420	421
15	447	241	242
15	448	416	449
15	449	507	508
15	450	0	0
15	451	0	0
15	452	368	369
15	453	229	230
15	454	261	262
15	455	731	732
15	456	515	516
15	457	483	484
15	458	0	0
15	459	102	103
15	460	385	386
15	461	0	0
15	462	0	0
15	463	66	172
15	464	413	414
15	465	171	211
15	466	395	396
15	467	375	376
15	468	292	293
15	469	356	357
15	470	910	911
15	471	748	749
15	472	207	208
15	473	187	188
15	474	0	0
15	475	0	0
15	476	375	376
15	477	600	601
15	478	0	0
15	479	0	0
15	480	0	0
15	481	437	438
15	482	217	218
15	483	0	0
15	484	733	734
15	485	872	873
15	486	990	991
15	487	725	726
15	488	639	640
15	489	286	287
15	490	263	264
15	491	0	0
15	492	0	0
15	493	479	480
15	494	0	0
15	495	0	0
15	496	321	322
15	497	387	388
15	498	237	238
15	499	586	587
15	500	836	837
15	501	440	441
15	502	413	414
15	503	348	349
15	504	395	396
15	505	499	500
15	506	235	236
15	507	611	612
15	508	708	709
15	509	455	456
15	510	0	0
15	511	0	0
15	512	265	266
15	513	470	471
15	514	407	408
15	515	803	804
15	516	537	538
15	517	933	934
15	518	571	572
15	519	176	177
15	520	321	322
15	521	0	0
15	522	0	0
15	523	215	216
15	524	210	337
15	525	429	430
15	526	189	190
15	527	375	376
15	528	283	284
15	529	292	293
15	530	629	630
15	531	756	757
15	532	801	802
15	533	589	590
15	534	427	428
15	535	474	475
15	536	215	216
15	537	0	0
15	538	0	0
15	539	245	246
15	540	477	478
15	541	862	863
15	542	789	790
15	543	397	398
15	544	381	382
15	545	381	382
15	546	0	0
15	547	0	0
15	548	435	436
15	549	485	486
15	550	265	266
15	551	510	511
15	552	499	500
15	553	485	486
15	554	470	471
15	555	245	246
15	556	187	188
15	557	235	236
15	558	348	349
15	559	288	289
15	560	474	475
15	561	632	633
15	562	942	943
15	563	546	547
15	564	0	0
15	565	0	0
15	566	313	314
15	567	313	314
15	568	521	522
15	569	292	293
15	570	483	484
15	571	727	728
15	572	915	916
15	573	0	0
15	574	0	0
15	575	366	367
15	576	457	458
15	577	479	480
15	578	951	952
15	579	660	661
15	580	397	398
15	581	270	271
15	582	237	238
15	583	784	785
15	584	0	0
15	585	108	109
15	586	901	902
15	587	845	846
15	588	219	220
15	589	643	644
15	590	771	772
15	591	253	254
15	592	183	184
15	593	429	430
15	594	241	242
15	595	311	312
15	596	427	428
15	597	435	436
15	598	571	572
15	599	302	303
15	600	0	0
15	601	0	0
15	602	356	357
15	603	483	484
15	604	179	180
15	605	589	590
15	606	0	0
15	607	957	958
15	608	339	340
15	609	0	0
15	610	0	0
15	611	0	0
15	612	829	830
15	613	474	475
15	614	510	511
15	615	491	492
15	616	457	458
15	617	80	81
15	618	487	488
15	619	440	441
15	620	611	612
15	621	0	0
15	622	0	0
15	623	191	192
15	624	0	0
15	625	626	627
15	626	0	0
15	627	0	0
15	628	155	156
15	629	697	698
15	630	853	854
15	631	370	371
15	632	669	670
15	633	682	683
15	634	541	542
15	635	263	264
15	636	494	495
15	637	573	574
15	638	179	180
15	639	0	0
15	640	0	0
15	641	127	128
15	642	530	531
15	643	808	809
15	644	729	730
15	645	695	696
15	646	684	685
15	647	487	488
15	648	479	480
15	649	0	0
15	650	702	703
15	651	477	478
15	652	0	0
15	653	0	0
15	654	541	542
15	655	198	199
15	656	521	522
15	657	868	869
15	658	0	0
15	659	305	306
15	660	817	818
15	661	0	0
15	662	660	661
15	663	499	500
15	664	491	492
15	665	223	224
15	666	416	449
15	667	589	590
15	668	530	531
15	669	706	707
15	670	781	782
15	671	483	484
15	672	366	367
15	673	155	156
15	674	217	218
15	675	339	340
15	676	537	538
15	677	606	607
15	678	517	518
15	679	457	458
15	680	494	495
15	681	336	417
15	682	0	0
15	683	687	688
15	684	0	0
15	685	691	692
15	686	294	295
15	687	0	0
15	688	0	0
15	689	624	625
15	690	407	408
15	691	0	0
15	692	0	0
15	693	0	0
15	694	0	0
15	695	0	0
15	696	0	0
15	697	699	700
15	698	0	0
15	699	0	0
15	700	0	0
15	701	470	471
15	702	0	0
15	703	0	0
15	704	205	206
15	705	621	622
15	706	0	0
15	707	0	0
15	708	0	0
15	709	723	724
15	710	477	478
15	711	697	698
15	712	699	700
15	713	217	218
15	714	606	607
15	715	521	522
15	716	425	426
15	717	339	340
15	718	507	508
15	719	530	531
15	720	600	601
15	721	440	441
15	722	129	130
15	723	0	0
15	724	774	775
15	725	0	0
15	726	0	0
15	727	0	0
15	728	0	0
15	729	0	0
15	730	0	0
15	731	739	740
15	732	923	924
15	733	0	0
15	734	0	0
15	735	733	734
15	736	0	0
15	737	0	0
15	738	491	492
15	739	0	0
15	740	0	0
15	741	129	130
15	742	253	254
15	743	0	0
15	744	949	950
15	745	356	357
15	746	564	565
15	747	429	430
15	748	0	0
15	749	0	0
15	750	0	0
15	751	0	0
15	752	750	751
15	753	629	630
15	754	573	574
15	755	691	692
15	756	0	0
15	757	765	766
15	758	586	587
15	759	385	386
15	760	189	190
15	761	578	579
15	762	583	584
15	763	0	0
15	764	0	0
15	765	0	0
15	766	0	0
15	767	198	199
15	768	682	683
15	769	729	730
15	770	425	426
15	771	799	800
15	772	887	888
15	773	210	337
15	774	986	987
15	775	0	0
15	776	624	625
15	777	695	696
15	778	691	692
15	779	739	740
15	780	437	438
15	781	0	0
15	782	0	0
15	783	632	633
15	784	0	0
15	785	0	0
15	786	302	303
15	787	541	542
15	788	294	295
15	789	0	0
15	790	0	0
15	791	731	732
15	792	699	700
15	793	196	197
15	794	183	184
15	795	578	579
15	796	0	0
15	797	0	0
15	798	765	766
15	799	843	844
15	800	0	0
15	801	0	0
15	802	903	904
15	803	0	0
15	804	0	0
15	805	510	511
15	806	645	646
15	807	733	734
15	808	0	0
15	809	0	0
15	810	706	707
15	811	660	661
15	812	485	486
15	813	723	724
15	814	455	456
15	815	437	438
15	816	305	306
15	817	0	0
15	818	833	834
15	819	750	751
15	820	0	0
15	821	0	0
15	822	624	625
15	823	487	488
15	824	578	579
15	825	564	565
15	826	639	640
15	827	141	142
15	828	431	432
15	829	0	0
15	830	0	0
15	831	407	408
15	832	750	751
15	833	855	856
15	834	0	0
15	835	461	462
15	836	0	0
15	837	0	0
15	838	697	698
15	839	381	382
15	840	0	0
15	841	0	0
15	842	781	782
15	843	0	0
15	844	850	851
15	845	848	849
15	846	939	940
15	847	843	844
15	848	0	0
15	849	0	0
15	850	0	0
15	851	0	0
15	852	801	802
15	853	0	0
15	854	0	0
15	855	0	0
15	856	0	0
15	857	708	709
15	858	546	547
15	859	796	797
15	860	803	804
15	861	395	396
15	862	0	0
15	863	0	0
15	864	435	436
15	865	801	802
15	866	455	456
15	867	843	844
15	868	891	892
15	869	0	0
15	870	853	854
15	871	781	782
15	872	0	0
15	873	0	0
15	874	450	451
15	875	763	764
15	876	763	764
15	877	461	462
15	878	0	0
15	879	0	0
15	880	645	646
15	881	606	607
15	882	0	0
15	883	0	0
15	884	609	610
15	885	774	775
15	886	609	610
15	887	0	0
15	888	0	0
15	889	589	590
15	890	739	740
15	891	0	0
15	892	0	0
15	893	657	658
15	894	515	516
15	895	270	271
15	896	727	728
15	897	887	888
15	898	343	344
15	899	611	612
15	900	645	646
15	901	0	0
15	902	906	907
15	903	0	0
15	904	0	0
15	905	808	809
15	906	997	998
15	907	975	976
15	908	0	0
15	909	0	0
15	910	0	0
15	911	0	0
15	912	546	547
15	913	507	508
15	914	829	830
15	915	0	0
15	916	0	0
15	917	882	883
15	918	840	841
15	919	108	109
15	920	0	0
15	921	0	0
15	922	629	630
15	923	0	0
15	924	0	0
15	925	784	785
15	926	936	937
15	927	983	984
15	928	682	683
15	929	253	254
15	930	571	572
15	931	221	222
15	932	763	764
15	933	947	948
15	934	0	0
15	935	887	888
15	936	993	994
15	937	0	0
15	938	669	670
15	939	0	0
15	940	0	0
15	941	845	846
15	942	0	0
15	943	0	0
15	944	691	692
15	945	882	883
15	946	878	879
15	947	0	0
15	948	0	0
15	949	0	0
15	950	0	0
15	951	0	0
15	952	0	0
15	953	221	222
15	954	756	757
15	955	515	516
15	956	926	927
15	957	0	0
15	958	0	0
15	959	573	574
15	960	765	766
15	961	868	869
15	962	708	709
15	963	901	902
15	964	915	916
15	965	191	192
15	966	229	230
15	967	887	888
15	968	901	902
15	969	901	902
15	970	358	359
15	971	639	640
15	972	829	830
15	973	789	790
15	974	933	934
15	975	0	0
15	976	0	0
15	977	657	658
15	978	784	785
15	979	855	856
15	980	0	0
15	981	0	0
15	982	829	830
15	983	0	0
15	984	0	0
15	985	693	694
15	986	0	0
15	987	0	0
15	988	731	732
15	989	983	984
15	990	0	0
15	991	0	0
15	992	113	114
15	993	0	0
15	994	0	0
15	995	891	892
15	996	855	856
15	997	0	0
15	998	0	0
15	999	649	650
15	1000	891	892
