49	1	0	0
49	2	1	3
49	3	0	0
49	4	1	3
49	5	2	6
49	6	9	10
49	7	1	3
49	8	2	6
49	9	0	0
49	10	0	0
49	11	1	3
49	12	9	10
49	13	9	10
49	14	2	6
49	15	2	6
49	16	5	17
49	17	22	23
49	18	16	19
49	19	24	25
49	20	9	10
49	21	5	17
49	22	138	139
49	23	38	39
49	24	73	74
49	25	36	37
49	26	5	17
49	27	24	25
49	28	5	17
49	29	18	30
49	30	34	35
49	31	24	25
49	32	16	19
49	33	18	30
49	34	45	46
49	35	41	42
49	36	84	85
49	37	47	48
49	38	0	0
49	39	0	0
49	40	34	35
49	41	109	110
49	42	52	53
49	43	38	39
49	44	34	35
49	45	68	69
49	46	63	64
49	47	0	0
49	48	0	0
49	49	18	30
49	50	41	42
49	51	38	39
49	52	54	55
49	53	128	129
49	54	0	0
49	55	0	0
49	56	29	57
49	57	98	99
49	58	34	35
49	59	41	42
49	60	54	55
49	61	41	42
49	62	54	55
49	63	95	96
49	64	66	67
49	65	52	53
49	66	0	0
49	67	0	0
49	68	105	106
49	69	135	136
49	70	24	25
49	71	54	55
49	72	63	64
49	73	130	131
49	74	116	117
49	75	36	37
49	76	36	37
49	77	45	46
49	78	16	19
49	79	45	46
49	80	47	48
49	81	16	19
49	82	36	37
49	83	63	64
49	84	0	0
49	85	0	0
49	86	38	39
49	87	52	53
49	88	63	64
49	89	45	46
49	90	73	74
49	91	84	85
49	92	73	74
49	93	18	30
49	94	52	53
49	95	0	0
49	96	0	0
49	97	47	48
49	98	102	103
49	99	233	234
49	100	22	23
49	101	73	74
49	102	193	194
49	103	155	156
49	104	102	103
49	105	0	0
49	106	0	0
49	107	95	96
49	108	84	85
49	109	118	119
49	110	111	112
49	111	0	0
49	112	0	0
49	113	105	106
49	114	109	110
49	115	68	69
49	116	0	0
49	117	0	0
49	118	0	0
49	119	0	0
49	120	56	121
49	121	140	141
49	122	22	23
49	123	68	69
49	124	68	69
49	125	95	96
49	126	116	117
49	127	56	121
49	128	0	0
49	129	0	0
49	130	0	0
49	131	0	0
49	132	95	96
49	133	130	131
49	134	66	67
49	135	0	0
49	136	0	0
49	137	111	112
49	138	0	0
49	139	0	0
49	140	190	191
49	141	152	153
49	142	138	139
49	143	135	136
49	144	138	139
49	145	98	99
49	146	128	129
49	147	138	139
49	148	111	112
49	149	140	141
49	150	22	23
49	151	56	121
49	152	174	175
49	153	161	162
49	154	111	112
49	155	345	346
49	156	163	164
49	157	116	117
49	158	116	117
49	159	135	136
49	160	135	136
49	161	250	251
49	162	217	218
49	163	222	223
49	164	172	173
49	165	130	131
49	166	66	67
49	167	161	162
49	168	152	153
49	169	128	129
49	170	161	162
49	171	118	119
49	172	0	0
49	173	0	0
49	174	178	179
49	175	280	281
49	176	109	110
49	177	140	141
49	178	213	214
49	179	196	197
49	180	161	162
49	181	109	110
49	182	155	156
49	183	140	141
49	184	98	99
49	185	47	48
49	186	105	106
49	187	163	164
49	188	105	106
49	189	102	103
49	190	328	329
49	191	200	201
49	192	128	129
49	193	202	203
49	194	210	211
49	195	152	153
49	196	351	352
49	197	243	244
49	198	98	99
49	199	178	179
49	200	258	259
49	201	231	232
49	202	290	291
49	203	389	390
49	204	163	164
49	205	193	194
49	206	200	201
49	207	152	153
49	208	178	179
49	209	172	173
49	210	255	256
49	211	220	221
49	212	118	119
49	213	248	249
49	214	321	322
49	215	202	203
49	216	178	179
49	217	239	240
49	218	297	298
49	219	118	119
49	220	0	0
49	221	0	0
49	222	0	0
49	223	0	0
49	224	202	203
49	225	193	194
49	226	163	164
49	227	84	85
49	228	222	223
49	229	217	218
49	230	202	203
49	231	653	654
49	232	301	302
49	233	299	300
49	234	375	376
49	235	102	103
49	236	222	223
49	237	210	211
49	238	233	234
49	239	575	576
49	240	307	308
49	241	213	214
49	242	196	197
49	243	0	0
49	244	0	0
49	245	196	197
49	246	217	218
49	247	66	67
49	248	0	0
49	249	0	0
49	250	274	275
49	251	288	289
49	252	231	232
49	253	231	232
49	254	210	211
49	255	0	0
49	256	0	0
49	257	239	240
49	258	335	336
49	259	349	350
49	260	193	194
49	261	174	175
49	262	255	256
49	263	248	249
49	264	196	197
49	265	243	244
49	266	155	156
49	267	250	251
49	268	250	251
49	269	243	244
49	270	243	244
49	271	155	156
49	272	217	218
49	273	220	221
49	274	356	357
49	275	392	393
49	276	231	232
49	277	200	201
49	278	258	259
49	279	233	234
49	280	466	467
49	281	325	326
49	282	274	275
49	283	280	281
49	284	190	191
49	285	56	121
49	286	239	240
49	287	255	256
49	288	531	532
49	289	431	432
49	290	0	0
49	291	0	0
49	292	274	275
49	293	200	201
49	294	258	259
49	295	250	251
49	296	213	214
49	297	312	313
49	298	339	340
49	299	318	319
49	300	445	446
49	301	400	401
49	302	419	420
49	303	190	191
49	304	190	191
49	305	258	259
49	306	297	298
49	307	0	0
49	308	0	0
49	309	301	302
49	310	213	214
49	311	130	131
49	312	0	0
49	313	0	0
49	314	307	308
49	315	248	249
49	316	255	256
49	317	29	57
49	318	364	365
49	319	421	422
49	320	312	313
49	321	0	0
49	322	0	0
49	323	297	298
49	324	299	300
49	325	413	414
49	326	425	426
49	327	239	240
49	328	360	361
49	329	437	438
49	330	172	173
49	331	328	329
49	332	307	308
49	333	29	57
49	334	297	298
49	335	715	716
49	336	343	344
49	337	174	175
49	338	29	57
49	339	0	0
49	340	0	0
49	341	312	313
49	342	301	302
49	343	0	0
49	344	0	0
49	345	501	502
49	346	409	410
49	347	274	275
49	348	233	234
49	349	385	386
49	350	353	354
49	351	0	0
49	352	0	0
49	353	0	0
49	354	0	0
49	355	301	302
49	356	0	0
49	357	0	0
49	358	321	322
49	359	353	354
49	360	415	416
49	361	497	498
49	362	356	357
49	363	328	329
49	364	0	0
49	365	0	0
49	366	321	322
49	367	356	357
49	368	220	221
49	369	343	344
49	370	172	173
49	371	339	340
49	372	312	313
49	373	339	340
49	374	339	340
49	375	378	379
49	376	454	455
49	377	307	308
49	378	590	591
49	379	428	429
49	380	325	326
49	381	375	376
49	382	328	329
49	383	290	291
49	384	220	221
49	385	0	0
49	386	0	0
49	387	345	346
49	388	321	322
49	389	0	0
49	390	0	0
49	391	356	357
49	392	0	0
49	393	0	0
49	394	248	249
49	395	210	211
49	396	345	346
49	397	385	386
49	398	385	386
49	399	392	393
49	400	0	0
49	401	0	0
49	402	375	376
49	403	385	386
49	404	389	390
49	405	318	319
49	406	174	175
49	407	120	408
49	408	527	528
49	409	0	0
49	410	0	0
49	411	280	281
49	412	360	361
49	413	0	0
49	414	0	0
49	415	443	444
49	416	489	490
49	417	351	352
49	418	335	336
49	419	0	0
49	420	0	0
49	421	0	0
49	422	0	0
49	423	400	401
49	424	378	379
49	425	0	0
49	426	0	0
49	427	318	319
49	428	0	0
49	429	0	0
49	430	345	346
49	431	0	0
49	432	0	0
49	433	392	393
49	434	325	326
49	435	389	390
49	436	353	354
49	437	463	464
49	438	524	525
49	439	428	429
49	440	428	429
49	441	290	291
49	442	425	426
49	443	0	0
49	444	0	0
49	445	448	449
49	446	514	515
49	447	421	422
49	448	0	0
49	449	0	0
49	450	335	336
49	451	353	354
49	452	431	432
49	453	343	344
49	454	478	479
49	455	582	583
49	456	400	401
49	457	431	432
49	458	454	455
49	459	299	300
49	460	288	289
49	461	454	455
49	462	375	376
49	463	504	505
49	464	482	483
49	465	428	429
49	466	495	496
49	467	480	481
49	468	280	281
49	469	325	326
49	470	364	365
49	471	454	455
49	472	400	401
49	473	425	426
49	474	318	319
49	475	351	352
49	476	378	379
49	477	351	352
49	478	0	0
49	479	0	0
49	480	0	0
49	481	0	0
49	482	0	0
49	483	0	0
49	484	437	438
49	485	448	449
49	486	448	449
49	487	299	300
49	488	120	408
49	489	0	0
49	490	0	0
49	491	448	449
49	492	415	416
49	493	343	344
49	494	425	426
49	495	0	0
49	496	0	0
49	497	579	580
49	498	636	637
49	499	288	289
49	500	463	464
49	501	0	0
49	502	0	0
49	503	463	464
49	504	0	0
49	505	0	0
49	506	437	438
49	507	504	505
49	508	413	414
49	509	431	432
49	510	378	379
49	511	482	483
49	512	466	467
49	513	415	416
49	514	0	0
49	515	0	0
49	516	222	223
49	517	290	291
49	518	288	289
49	519	478	479
49	520	120	408
49	521	413	414
49	522	392	393
49	523	497	498
49	524	547	548
49	525	598	599
49	526	480	481
49	527	535	536
49	528	545	546
49	529	409	410
49	530	501	502
49	531	0	0
49	532	0	0
49	533	364	365
49	534	389	390
49	535	888	889
49	536	668	669
49	537	421	422
49	538	482	483
49	539	463	464
49	540	501	502
49	541	524	525
49	542	466	467
49	543	535	536
49	544	497	498
49	545	681	682
49	546	550	551
49	547	0	0
49	548	0	0
49	549	497	498
49	550	565	566
49	551	624	625
49	552	409	410
49	553	413	414
49	554	501	502
49	555	489	490
49	556	415	416
49	557	535	536
49	558	531	532
49	559	421	422
49	560	545	546
49	561	482	483
49	562	478	479
49	563	478	479
49	564	409	410
49	565	593	594
49	566	619	620
49	567	535	536
49	568	480	481
49	569	364	365
49	570	480	481
49	571	514	515
49	572	349	350
49	573	565	566
49	574	565	566
49	575	0	0
49	576	0	0
49	577	120	408
49	578	489	490
49	579	0	0
49	580	0	0
49	581	419	420
49	582	0	0
49	583	0	0
49	584	419	420
49	585	495	496
49	586	419	420
49	587	524	525
49	588	466	467
49	589	547	548
49	590	0	0
49	591	0	0
49	592	545	546
49	593	627	628
49	594	663	664
49	595	579	580
49	596	547	548
49	597	547	548
49	598	0	0
49	599	0	0
49	600	335	336
49	601	598	599
49	602	575	576
49	603	504	505
49	604	575	576
49	605	445	446
49	606	593	594
49	607	531	532
49	608	437	438
49	609	575	576
49	610	579	580
49	611	360	361
49	612	550	551
49	613	504	505
49	614	443	444
49	615	514	515
49	616	593	594
49	617	598	599
49	618	443	444
49	619	649	650
49	620	645	646
49	621	524	525
49	622	495	496
49	623	619	620
49	624	631	632
49	625	699	700
49	626	590	591
49	627	657	658
49	628	783	784
49	629	565	566
49	630	593	594
49	631	843	844
49	632	728	729
49	633	582	583
49	634	495	496
49	635	582	583
49	636	0	0
49	637	0	0
49	638	582	583
49	639	349	350
49	640	445	446
49	641	619	620
49	642	636	637
49	643	445	446
49	644	624	625
49	645	688	689
49	646	775	776
49	647	550	551
49	648	443	444
49	649	762	763
49	650	0	0
49	651	527	528
49	652	550	551
49	653	685	686
49	654	713	714
49	655	631	632
49	656	649	650
49	657	0	0
49	658	0	0
49	659	636	637
49	660	653	654
49	661	545	546
49	662	349	350
49	663	719	720
49	664	670	671
49	665	624	625
49	666	627	628
49	667	489	490
49	668	717	718
49	669	705	706
49	670	0	0
49	671	0	0
49	672	590	591
49	673	657	658
49	674	590	591
49	675	653	654
49	676	619	620
49	677	653	654
49	678	407	679
49	679	721	722
49	680	624	625
49	681	694	695
49	682	821	822
49	683	514	515
49	684	627	628
49	685	0	0
49	686	0	0
49	687	670	671
49	688	0	0
49	689	0	0
49	690	681	682
49	691	531	532
49	692	645	646
49	693	407	679
49	694	739	740
49	695	709	710
49	696	579	580
49	697	649	650
49	698	649	650
49	699	841	842
49	700	772	773
49	701	699	700
49	702	645	646
49	703	407	679
49	704	663	664
49	705	830	831
49	706	994	995
49	707	685	686
49	708	705	706
49	709	743	744
49	710	731	732
49	711	694	695
49	712	598	599
49	713	0	0
49	714	0	0
49	715	0	0
49	716	0	0
49	717	723	724
49	718	725	726
49	719	0	0
49	720	0	0
49	721	800	801
49	722	770	771
49	723	892	893
49	724	987	988
49	725	837	838
49	726	0	0
49	727	717	718
49	728	790	791
49	729	812	813
49	730	645	646
49	731	747	748
49	732	793	794
49	733	636	637
49	734	723	724
49	735	721	722
49	736	681	682
49	737	360	361
49	738	717	718
49	739	756	757
49	740	797	798
49	741	723	724
49	742	685	686
49	743	766	767
49	744	856	857
49	745	527	528
49	746	688	689
49	747	0	0
49	748	0	0
49	749	719	720
49	750	699	700
49	751	688	689
49	752	657	658
49	753	731	732
49	754	657	658
49	755	663	664
49	756	815	816
49	757	764	765
49	758	670	671
49	759	681	682
49	760	688	689
49	761	663	664
49	762	0	0
49	763	0	0
49	764	0	0
49	765	0	0
49	766	0	0
49	767	0	0
49	768	709	710
49	769	728	729
49	770	900	901
49	771	875	876
49	772	0	0
49	773	923	924
49	774	772	773
49	775	0	0
49	776	0	0
49	777	631	632
49	778	770	771
49	779	728	729
49	780	725	726
49	781	705	706
49	782	407	679
49	783	0	0
49	784	0	0
49	785	764	765
49	786	685	686
49	787	775	776
49	788	739	740
49	789	728	729
49	790	0	0
49	791	0	0
49	792	775	776
49	793	0	0
49	794	0	0
49	795	668	669
49	796	725	726
49	797	0	0
49	798	802	803
49	799	627	628
49	800	869	870
49	801	865	866
49	802	0	0
49	803	0	0
49	804	770	771
49	805	797	798
49	806	739	740
49	807	790	791
49	808	762	763
49	809	723	724
49	810	670	671
49	811	797	798
49	812	0	0
49	813	0	0
49	814	713	714
49	815	0	0
49	816	0	0
49	817	802	803
49	818	694	695
49	819	694	695
49	820	790	791
49	821	885	886
49	822	0	0
49	823	731	732
49	824	721	722
49	825	721	722
49	826	678	827
49	827	839	840
49	828	821	822
49	829	527	528
49	830	849	850
49	831	832	833
49	832	916	917
49	833	858	859
49	834	739	740
49	835	717	718
49	836	770	771
49	837	0	0
49	838	0	0
49	839	862	863
49	840	0	0
49	841	902	903
49	842	852	853
49	843	883	884
49	844	0	0
49	845	797	798
49	846	815	816
49	847	725	726
49	848	821	822
49	849	925	926
49	850	934	935
49	851	715	716
49	852	0	0
49	853	0	0
49	854	699	700
49	855	849	850
49	856	0	0
49	857	0	0
49	858	0	0
49	859	0	0
49	860	800	801
49	861	678	827
49	862	0	0
49	863	896	897
49	864	631	632
49	865	908	909
49	866	0	0
49	867	821	822
49	868	830	831
49	869	952	953
49	870	998	999
49	871	790	791
49	872	869	870
49	873	852	853
49	874	705	706
49	875	956	957
49	876	0	0
49	877	793	794
49	878	802	803
49	879	865	866
49	880	668	669
49	881	762	763
49	882	862	863
49	883	0	0
49	884	0	0
49	885	958	959
49	886	921	922
49	887	839	840
49	888	0	0
49	889	0	0
49	890	764	765
49	891	756	757
49	892	0	0
49	893	0	0
49	894	747	748
49	895	802	803
49	896	912	913
49	897	927	928
49	898	849	850
49	899	885	886
49	900	910	911
49	901	0	0
49	902	0	0
49	903	0	0
49	904	902	903
49	905	888	889
49	906	892	893
49	907	839	840
49	908	0	0
49	909	938	939
49	910	965	966
49	911	0	0
49	912	0	0
49	913	0	0
49	914	762	763
49	915	747	748
49	916	0	0
49	917	0	0
49	918	849	850
49	919	883	884
49	920	668	669
49	921	0	0
49	922	0	0
49	923	0	0
49	924	0	0
49	925	0	0
49	926	0	0
49	927	0	0
49	928	0	0
49	929	852	853
49	930	875	876
49	931	875	876
49	932	892	893
49	933	709	710
49	934	0	0
49	935	0	0
49	936	764	765
49	937	715	716
49	938	0	0
49	939	989	990
49	940	743	744
49	941	875	876
49	942	900	901
49	943	747	748
49	944	775	776
49	945	925	926
49	946	888	889
49	947	772	773
49	948	812	813
49	949	885	886
49	950	715	716
49	951	830	831
49	952	0	0
49	953	0	0
49	954	841	842
49	955	888	889
49	956	0	0
49	957	0	0
49	958	0	0
49	959	0	0
49	960	902	903
49	961	925	926
49	962	934	935
49	963	783	784
49	964	885	886
49	965	0	0
49	966	0	0
49	967	892	893
49	968	713	714
49	969	678	827
49	970	900	901
49	971	713	714
49	972	934	935
49	973	678	827
49	974	952	953
49	975	910	911
49	976	756	757
49	977	952	953
49	978	832	833
49	979	902	903
49	980	812	813
49	981	862	863
49	982	830	831
49	983	921	922
49	984	883	884
49	985	841	842
49	986	856	857
49	987	0	0
49	988	0	0
49	989	0	0
49	990	0	0
49	991	927	928
49	992	826	993
49	993	0	0
49	994	0	0
49	995	0	0
49	996	952	953
49	997	900	901
49	998	0	0
49	999	0	0
49	1000	912	913
