5	1	0	0
5	2	1	3
5	3	0	0
5	4	2	5
5	5	7	8
5	6	2	5
5	7	0	0
5	8	0	0
5	9	4	10
5	10	35	36
5	11	1	3
5	12	2	5
5	13	2	5
5	14	9	15
5	15	25	26
5	16	7	8
5	17	14	18
5	18	57	58
5	19	7	8
5	20	14	18
5	21	4	10
5	22	1	3
5	23	1	3
5	24	14	18
5	25	42	43
5	26	37	38
5	27	25	26
5	28	25	26
5	29	7	8
5	30	14	18
5	31	9	15
5	32	4	10
5	33	25	26
5	34	9	15
5	35	50	51
5	36	47	48
5	37	40	41
5	38	68	69
5	39	9	15
5	40	0	0
5	41	0	0
5	42	94	95
5	43	53	54
5	44	42	43
5	45	42	43
5	46	35	36
5	47	0	0
5	48	0	0
5	49	40	41
5	50	0	0
5	51	0	0
5	52	40	41
5	53	0	0
5	54	0	0
5	55	40	41
5	56	47	48
5	57	75	76
5	58	60	61
5	59	57	58
5	60	117	118
5	61	80	81
5	62	47	48
5	63	42	43
5	64	50	51
5	65	47	48
5	66	53	54
5	67	35	36
5	68	0	0
5	69	0	0
5	70	53	54
5	71	53	54
5	72	68	69
5	73	68	69
5	74	4	10
5	75	102	103
5	76	92	93
5	77	37	38
5	78	37	38
5	79	60	61
5	80	107	108
5	81	83	84
5	82	37	38
5	83	0	0
5	84	0	0
5	85	80	81
5	86	60	61
5	87	17	88
5	88	125	126
5	89	17	88
5	90	50	51
5	91	17	88
5	92	98	99
5	93	185	186
5	94	0	0
5	95	0	0
5	96	60	61
5	97	57	58
5	98	0	0
5	99	0	0
5	100	57	58
5	101	17	88
5	102	188	189
5	103	122	123
5	104	92	93
5	105	92	93
5	106	75	76
5	107	0	0
5	108	0	0
5	109	102	103
5	110	102	103
5	111	94	95
5	112	87	113
5	113	142	143
5	114	94	95
5	115	83	84
5	116	75	76
5	117	0	0
5	118	163	164
5	119	87	113
5	120	94	95
5	121	68	69
5	122	0	0
5	123	0	0
5	124	80	81
5	125	171	172
5	126	130	131
5	127	35	36
5	128	80	81
5	129	92	93
5	130	167	168
5	131	219	220
5	132	117	118
5	133	112	134
5	134	180	181
5	135	130	131
5	136	107	108
5	137	98	99
5	138	102	103
5	139	50	51
5	140	117	118
5	141	125	126
5	142	144	145
5	143	241	242
5	144	243	244
5	145	155	156
5	146	133	147
5	147	151	152
5	148	98	99
5	149	130	131
5	150	130	131
5	151	260	261
5	152	190	191
5	153	151	152
5	154	125	126
5	155	192	193
5	156	221	222
5	157	155	156
5	158	117	118
5	159	146	160
5	160	174	175
5	161	144	145
5	162	151	152
5	163	0	0
5	164	0	0
5	165	98	99
5	166	142	143
5	167	0	0
5	168	198	199
5	169	167	168
5	170	133	147
5	171	200	201
5	172	0	0
5	173	107	108
5	174	0	0
5	175	288	289
5	176	83	84
5	177	151	152
5	178	144	145
5	179	112	134
5	180	238	239
5	181	0	0
5	182	87	113
5	183	107	108
5	184	87	113
5	185	0	0
5	186	0	0
5	187	83	84
5	188	0	0
5	189	0	0
5	190	224	225
5	191	0	0
5	192	217	218
5	193	0	0
5	194	125	126
5	195	192	193
5	196	133	147
5	197	155	156
5	198	227	228
5	199	203	204
5	200	206	207
5	201	0	0
5	202	198	199
5	203	0	0
5	204	0	0
5	205	171	172
5	206	230	231
5	207	213	214
5	208	180	181
5	209	200	201
5	210	167	168
5	211	144	145
5	212	198	199
5	213	0	0
5	214	0	0
5	215	180	181
5	216	180	181
5	217	0	0
5	218	0	0
5	219	0	0
5	220	0	0
5	221	262	263
5	222	252	253
5	223	190	191
5	224	0	0
5	225	0	0
5	226	122	123
5	227	0	0
5	228	0	0
5	229	185	186
5	230	0	0
5	231	0	0
5	232	75	76
5	233	159	234
5	234	256	257
5	235	221	222
5	236	185	186
5	237	163	164
5	238	0	0
5	239	254	255
5	240	163	164
5	241	0	0
5	242	268	269
5	243	0	0
5	244	0	0
5	245	122	123
5	246	227	228
5	247	243	244
5	248	190	191
5	249	188	189
5	250	133	147
5	251	224	225
5	252	0	0
5	253	0	0
5	254	0	0
5	255	0	0
5	256	0	0
5	257	0	0
5	258	224	225
5	259	198	199
5	260	0	0
5	261	271	272
5	262	273	274
5	263	0	0
5	264	262	263
5	265	171	172
5	266	206	207
5	267	146	160
5	268	0	0
5	269	0	0
5	270	174	175
5	271	275	276
5	272	0	0
5	273	0	0
5	274	0	0
5	275	0	0
5	276	279	280
5	277	122	123
5	278	203	204
5	279	281	282
5	280	0	0
5	281	0	0
5	282	0	0
5	283	112	134
5	284	260	261
5	285	281	282
5	286	192	193
5	287	238	239
5	288	0	0
5	289	0	0
5	290	155	156
5	291	200	201
5	292	241	242
5	293	271	272
5	294	159	234
5	295	273	274
5	296	268	269
5	297	174	175
5	298	167	168
5	299	192	193
5	300	217	218
