23	1	0	0
23	2	1	3
23	3	0	0
23	4	1	3
23	5	1	3
23	6	2	7
23	7	24	25
23	8	6	9
23	9	55	56
23	10	2	7
23	11	8	12
23	12	15	16
23	13	6	9
23	14	2	7
23	15	18	19
23	16	53	54
23	17	6	9
23	18	45	46
23	19	26	27
23	20	15	16
23	21	2	7
23	22	1	3
23	23	18	19
23	24	0	0
23	25	0	0
23	26	0	0
23	27	0	0
23	28	8	12
23	29	6	9
23	30	24	25
23	31	24	25
23	32	18	19
23	33	8	12
23	34	8	12
23	35	26	27
23	36	11	37
23	37	49	50
23	38	15	16
23	39	15	16
23	40	18	19
23	41	36	42
23	42	94	95
23	43	26	27
23	44	26	27
23	45	0	0
23	46	0	0
23	47	36	42
23	48	36	42
23	49	66	67
23	50	80	81
23	51	11	37
23	52	24	25
23	53	62	63
23	54	70	71
23	55	72	73
23	56	87	88
23	57	11	37
23	58	36	42
23	59	53	54
23	60	11	37
23	61	45	46
23	62	0	0
23	63	0	0
23	64	55	56
23	65	62	63
23	66	97	98
23	67	151	152
23	68	45	46
23	69	49	50
23	70	0	0
23	71	0	0
23	72	0	0
23	73	0	0
23	74	72	73
23	75	45	46
23	76	53	54
23	77	55	56
23	78	55	56
23	79	62	63
23	80	111	112
23	81	90	91
23	82	53	54
23	83	72	73
23	84	80	81
23	85	62	63
23	86	72	73
23	87	0	0
23	88	0	0
23	89	80	81
23	90	148	149
23	91	109	110
23	92	49	50
23	93	66	67
23	94	172	173
23	95	103	104
23	96	80	81
23	97	205	206
23	98	127	128
23	99	94	95
23	100	70	71
23	101	49	50
23	102	87	88
23	103	119	120
23	104	106	107
23	105	90	91
23	106	279	280
23	107	121	122
23	108	103	104
23	109	0	0
23	110	0	0
23	111	305	306
23	112	160	161
23	113	111	112
23	114	94	95
23	115	97	98
23	116	106	107
23	117	41	118
23	118	123	124
23	119	212	213
23	120	130	131
23	121	183	184
23	122	601	602
23	123	136	137
23	124	134	135
23	125	123	124
23	126	121	122
23	127	0	0
23	128	0	0
23	129	119	120
23	130	194	195
23	131	179	180
23	132	87	88
23	133	70	71
23	134	166	167
23	135	158	159
23	136	138	139
23	137	164	165
23	138	162	163
23	139	144	145
23	140	97	98
23	141	136	137
23	142	111	112
23	143	119	120
23	144	153	154
23	145	254	255
23	146	138	139
23	147	134	135
23	148	0	0
23	149	0	0
23	150	130	131
23	151	276	277
23	152	232	233
23	153	295	296
23	154	198	199
23	155	106	107
23	156	106	107
23	157	148	149
23	158	307	308
23	159	189	190
23	160	0	0
23	161	0	0
23	162	223	224
23	163	390	391
23	164	169	170
23	165	241	242
23	166	341	342
23	167	257	258
23	168	160	161
23	169	365	366
23	170	220	221
23	171	166	167
23	172	339	340
23	173	0	0
23	174	164	165
23	175	151	152
23	176	138	139
23	177	158	159
23	178	109	110
23	179	0	0
23	180	0	0
23	181	138	139
23	182	90	91
23	183	0	0
23	184	0	0
23	185	164	165
23	186	41	118
23	187	94	95
23	188	87	88
23	189	265	266
23	190	645	646
23	191	153	154
23	192	109	110
23	193	70	71
23	194	0	0
23	195	0	0
23	196	162	163
23	197	111	112
23	198	0	0
23	199	0	0
23	200	109	110
23	201	134	135
23	202	144	145
23	203	127	128
23	204	158	159
23	205	0	0
23	206	0	0
23	207	189	190
23	208	134	135
23	209	166	167
23	210	97	98
23	211	103	104
23	212	847	848
23	213	429	430
23	214	160	161
23	215	160	161
23	216	212	213
23	217	158	159
23	218	90	91
23	219	144	145
23	220	293	294
23	221	228	229
23	222	179	180
23	223	226	227
23	224	487	488
23	225	162	163
23	226	0	0
23	227	0	0
23	228	0	0
23	229	0	0
23	230	205	206
23	231	121	122
23	232	0	0
23	233	0	0
23	234	123	124
23	235	166	167
23	236	66	67
23	237	232	233
23	238	66	67
23	239	220	221
23	240	223	224
23	241	248	249
23	242	299	300
23	243	103	104
23	244	136	137
23	245	164	165
23	246	226	227
23	247	220	221
23	248	405	406
23	249	323	324
23	250	172	173
23	251	198	199
23	252	169	170
23	253	241	242
23	254	344	345
23	255	282	283
23	256	198	199
23	257	505	506
23	258	260	261
23	259	121	122
23	260	302	303
23	261	297	298
23	262	226	227
23	263	183	184
23	264	127	128
23	265	288	289
23	266	678	679
23	267	119	120
23	268	130	131
23	269	223	224
23	270	254	255
23	271	232	233
23	272	228	229
23	273	153	154
23	274	117	275
23	275	286	287
23	276	0	0
23	277	0	0
23	278	194	195
23	279	352	353
23	280	382	383
23	281	144	145
23	282	0	0
23	283	0	0
23	284	248	249
23	285	162	163
23	286	523	524
23	287	310	311
23	288	0	0
23	289	0	0
23	290	136	137
23	291	117	275
23	292	169	170
23	293	0	0
23	294	0	0
23	295	0	0
23	296	0	0
23	297	0	0
23	298	0	0
23	299	359	360
23	300	367	368
23	301	41	118
23	302	0	0
23	303	0	0
23	304	299	300
23	305	0	0
23	306	0	0
23	307	335	336
23	308	409	410
23	309	212	213
23	310	462	463
23	311	629	630
23	312	198	199
23	313	282	283
23	314	127	128
23	315	226	227
23	316	241	242
23	317	293	294
23	318	241	242
23	319	297	298
23	320	117	275
23	321	265	266
23	322	307	308
23	323	0	0
23	324	0	0
23	325	279	280
23	326	169	170
23	327	274	328
23	328	441	442
23	329	297	298
23	330	248	249
23	331	148	149
23	332	307	308
23	333	327	334
23	334	369	370
23	335	337	338
23	336	413	414
23	337	0	0
23	338	0	0
23	339	371	372
23	340	422	423
23	341	376	377
23	342	348	349
23	343	257	258
23	344	0	0
23	345	0	0
23	346	333	347
23	347	387	388
23	348	507	508
23	349	668	669
23	350	254	255
23	351	337	338
23	352	0	0
23	353	0	0
23	354	183	184
23	355	254	255
23	356	274	328
23	357	153	154
23	358	344	345
23	359	0	0
23	360	0	0
23	361	310	311
23	362	282	283
23	363	130	131
23	364	327	334
23	365	538	539
23	366	589	590
23	367	0	0
23	368	0	0
23	369	530	531
23	370	380	381
23	371	896	897
23	372	670	671
23	373	337	338
23	374	148	149
23	375	369	370
23	376	464	465
23	377	520	521
23	378	295	296
23	379	295	296
23	380	484	485
23	381	548	549
23	382	0	0
23	383	0	0
23	384	382	383
23	385	274	328
23	386	307	308
23	387	0	0
23	388	837	838
23	389	333	347
23	390	395	396
23	391	662	663
23	392	365	366
23	393	297	298
23	394	339	340
23	395	0	0
23	396	0	0
23	397	333	347
23	398	390	391
23	399	260	261
23	400	117	275
23	401	179	180
23	402	194	195
23	403	341	342
23	404	288	289
23	405	0	0
23	406	0	0
23	407	299	300
23	408	339	340
23	409	542	543
23	410	534	535
23	411	41	118
23	412	405	406
23	413	0	0
23	414	0	0
23	415	282	283
23	416	409	410
23	417	376	377
23	418	189	190
23	419	376	377
23	420	335	336
23	421	344	345
23	422	503	504
23	423	456	457
23	424	223	224
23	425	346	426
23	426	0	0
23	427	205	206
23	428	123	124
23	429	0	0
23	430	0	0
23	431	344	345
23	432	359	360
23	433	387	388
23	434	232	233
23	435	346	426
23	436	265	266
23	437	327	334
23	438	395	396
23	439	346	426
23	440	305	306
23	441	528	529
23	442	445	446
23	443	352	353
23	444	172	173
23	445	564	565
23	446	706	707
23	447	341	342
23	448	302	303
23	449	260	261
23	450	387	388
23	451	151	152
23	452	337	338
23	453	425	454
23	454	720	721
23	455	413	414
23	456	0	0
23	457	0	0
23	458	346	426
23	459	429	430
23	460	276	277
23	461	395	396
23	462	480	481
23	463	716	717
23	464	0	0
23	465	0	0
23	466	295	296
23	467	395	396
23	468	348	349
23	469	359	360
23	470	257	258
23	471	327	334
23	472	260	261
23	473	367	368
23	474	335	336
23	475	288	289
23	476	189	190
23	477	371	372
23	478	376	377
23	479	183	184
23	480	545	546
23	481	653	654
23	482	279	280
23	483	380	381
23	484	0	0
23	485	493	494
23	486	464	465
23	487	0	0
23	488	0	0
23	489	323	324
23	490	456	457
23	491	299	300
23	492	286	287
23	493	737	738
23	494	811	812
23	495	288	289
23	496	220	221
23	497	279	280
23	498	456	457
23	499	422	423
23	500	212	213
23	501	179	180
23	502	429	430
23	503	0	0
23	504	0	0
23	505	612	613
23	506	689	690
23	507	0	0
23	508	0	0
23	509	265	266
23	510	352	353
23	511	323	324
23	512	413	414
23	513	257	258
23	514	505	506
23	515	286	287
23	516	274	328
23	517	339	340
23	518	464	465
23	519	484	485
23	520	0	0
23	521	0	0
23	522	480	481
23	523	606	607
23	524	764	765
23	525	507	508
23	526	365	366
23	527	323	324
23	528	617	618
23	529	0	0
23	530	553	554
23	531	0	0
23	532	425	454
23	533	409	410
23	534	0	0
23	535	0	0
23	536	335	336
23	537	484	485
23	538	0	0
23	539	0	0
23	540	507	508
23	541	380	381
23	542	0	0
23	543	0	0
23	544	429	430
23	545	893	894
23	546	558	559
23	547	456	457
23	548	571	572
23	549	849	850
23	550	172	173
23	551	493	494
23	552	538	539
23	553	734	735
23	554	555	556
23	555	0	0
23	556	566	567
23	557	359	360
23	558	619	620
23	559	0	0
23	560	387	388
23	561	228	229
23	562	276	277
23	563	382	383
23	564	592	593
23	565	665	666
23	566	973	974
23	567	718	719
23	568	367	368
23	569	409	410
23	570	464	465
23	571	585	586
23	572	876	877
23	573	425	454
23	574	425	454
23	575	553	554
23	576	555	556
23	577	538	539
23	578	571	572
23	579	530	531
23	580	286	287
23	581	558	559
23	582	493	494
23	583	441	442
23	584	333	347
23	585	640	641
23	586	788	789
23	587	564	565
23	588	538	539
23	589	0	0
23	590	0	0
23	591	553	554
23	592	802	803
23	593	938	939
23	594	348	349
23	595	503	504
23	596	380	381
23	597	310	311
23	598	480	481
23	599	302	303
23	600	592	593
23	601	0	0
23	602	0	0
23	603	530	531
23	604	453	605
23	605	723	724
23	606	819	820
23	607	853	854
23	608	382	383
23	609	341	342
23	610	503	504
23	611	293	294
23	612	0	0
23	613	0	0
23	614	571	572
23	615	413	414
23	616	369	370
23	617	759	760
23	618	795	796
23	619	0	0
23	620	0	0
23	621	534	535
23	622	534	535
23	623	371	372
23	624	194	195
23	625	305	306
23	626	612	613
23	627	248	249
23	628	542	543
23	629	909	910
23	630	634	635
23	631	555	556
23	632	390	391
23	633	528	529
23	634	693	694
23	635	888	889
23	636	228	229
23	637	422	423
23	638	441	442
23	639	371	372
23	640	714	715
23	641	898	899
23	642	520	521
23	643	619	620
23	644	487	488
23	645	704	705
23	646	953	954
23	647	520	521
23	648	305	306
23	649	390	391
23	650	589	590
23	651	405	406
23	652	640	641
23	653	944	945
23	654	841	842
23	655	484	485
23	656	302	303
23	657	422	423
23	658	445	446
23	659	585	586
23	660	487	488
23	661	505	506
23	662	0	0
23	663	0	0
23	664	558	559
23	665	761	762
23	666	989	990
23	667	505	506
23	668	0	0
23	669	0	0
23	670	0	0
23	671	0	0
23	672	619	620
23	673	566	567
23	674	293	294
23	675	585	586
23	676	566	567
23	677	534	535
23	678	0	0
23	679	0	0
23	680	493	494
23	681	487	488
23	682	640	641
23	683	668	669
23	684	670	671
23	685	678	679
23	686	445	446
23	687	653	654
23	688	665	666
23	689	0	0
23	690	0	0
23	691	528	529
23	692	589	590
23	693	709	710
23	694	729	730
23	695	545	546
23	696	445	446
23	697	678	679
23	698	480	481
23	699	276	277
23	700	555	556
23	701	617	618
23	702	548	549
23	703	566	567
23	704	0	0
23	705	0	0
23	706	0	0
23	707	977	978
23	708	507	508
23	709	839	840
23	710	743	744
23	711	629	630
23	712	706	707
23	713	662	663
23	714	0	0
23	715	732	733
23	716	749	750
23	717	0	0
23	718	0	0
23	719	775	776
23	720	833	834
23	721	773	774
23	722	716	717
23	723	725	726
23	724	0	0
23	725	790	791
23	726	825	826
23	727	592	593
23	728	617	618
23	729	940	941
23	730	0	0
23	731	592	593
23	732	0	0
23	733	0	0
23	734	855	856
23	735	851	852
23	736	718	719
23	737	980	981
23	738	745	746
23	739	589	590
23	740	352	353
23	741	629	630
23	742	725	726
23	743	0	0
23	744	0	0
23	745	752	753
23	746	822	823
23	747	520	521
23	748	310	311
23	749	835	836
23	750	0	0
23	751	653	654
23	752	0	0
23	753	0	0
23	754	542	543
23	755	670	671
23	756	729	730
23	757	571	572
23	758	729	730
23	759	904	905
23	760	0	0
23	761	770	771
23	762	807	808
23	763	558	559
23	764	0	0
23	765	920	921
23	766	718	719
23	767	601	602
23	768	665	666
23	769	718	719
23	770	0	0
23	771	0	0
23	772	601	602
23	773	0	0
23	774	0	0
23	775	817	818
23	776	927	928
23	777	634	635
23	778	743	744
23	779	585	586
23	780	693	694
23	781	503	504
23	782	629	630
23	783	725	726
23	784	151	152
23	785	612	613
23	786	441	442
23	787	612	613
23	788	965	966
23	789	0	0
23	790	0	0
23	791	0	0
23	792	367	368
23	793	720	721
23	794	670	671
23	795	0	0
23	796	827	828
23	797	729	730
23	798	689	690
23	799	704	705
23	800	369	370
23	801	653	654
23	802	0	0
23	803	0	0
23	804	689	690
23	805	205	206
23	806	530	531
23	807	858	859
23	808	890	891
23	809	348	349
23	810	678	679
23	811	845	846
23	812	975	976
23	813	720	721
23	814	564	565
23	815	606	607
23	816	709	710
23	817	900	901
23	818	0	0
23	819	872	873
23	820	0	0
23	821	732	733
23	822	0	0
23	823	0	0
23	824	761	762
23	825	869	870
23	826	946	947
23	827	0	0
23	828	0	0
23	829	720	721
23	830	619	620
23	831	725	726
23	832	723	724
23	833	0	0
23	834	0	0
23	835	0	0
23	836	0	0
23	837	915	916
23	838	0	0
23	839	0	0
23	840	0	0
23	841	912	913
23	842	0	0
23	843	665	666
23	844	737	738
23	845	0	0
23	846	0	0
23	847	0	0
23	848	0	0
23	849	0	0
23	850	863	864
23	851	0	0
23	852	0	0
23	853	991	992
23	854	0	0
23	855	881	882
23	856	967	968
23	857	827	828
23	858	0	0
23	859	0	0
23	860	847	848
23	861	752	753
23	862	807	808
23	863	0	0
23	864	986	987
23	865	453	605
23	866	841	842
23	867	825	826
23	868	645	646
23	869	0	0
23	870	0	0
23	871	851	852
23	872	0	0
23	873	0	0
23	874	819	820
23	875	462	463
23	876	0	0
23	877	0	0
23	878	709	710
23	879	706	707
23	880	869	870
23	881	0	0
23	882	0	0
23	883	745	746
23	884	662	663
23	885	790	791
23	886	869	870
23	887	749	750
23	888	0	0
23	889	0	0
23	890	971	972
23	891	0	0
23	892	714	715
23	893	925	926
23	894	0	0
23	895	807	808
23	896	0	0
23	897	0	0
23	898	993	994
23	899	0	0
23	900	0	0
23	901	0	0
23	902	822	823
23	903	709	710
23	904	0	0
23	905	982	983
23	906	837	838
23	907	869	870
23	908	893	894
23	909	0	0
23	910	0	0
23	911	851	852
23	912	0	0
23	913	0	0
23	914	795	796
23	915	0	0
23	916	0	0
23	917	523	524
23	918	548	549
23	919	617	618
23	920	0	0
23	921	0	0
23	922	734	735
23	923	462	463
23	924	827	828
23	925	0	0
23	926	0	0
23	927	0	0
23	928	0	0
23	929	795	796
23	930	743	744
23	931	553	554
23	932	365	366
23	933	734	735
23	934	604	935
23	935	962	963
23	936	737	738
23	937	545	546
23	938	0	0
23	939	0	0
23	940	0	0
23	941	0	0
23	942	893	894
23	943	706	707
23	944	956	957
23	945	0	0
23	946	0	0
23	947	0	0
23	948	825	826
23	949	542	543
23	950	734	735
23	951	811	812
23	952	858	859
23	953	0	0
23	954	0	0
23	955	893	894
23	956	0	0
23	957	0	0
23	958	827	828
23	959	606	607
23	960	825	826
23	961	716	717
23	962	0	0
23	963	0	0
23	964	849	850
23	965	0	0
23	966	0	0
23	967	0	0
23	968	996	997
23	969	548	549
23	970	743	744
23	971	0	0
23	972	0	0
23	973	0	0
23	974	0	0
23	975	0	0
23	976	0	0
23	977	0	0
23	978	0	0
23	979	833	834
23	980	0	0
23	981	0	0
23	982	0	0
23	983	0	0
23	984	564	565
23	985	845	846
23	986	0	0
23	987	0	0
23	988	898	899
23	989	0	0
23	990	0	0
23	991	0	0
23	992	0	0
23	993	0	0
23	994	0	0
23	995	946	947
23	996	0	0
23	997	0	0
23	998	849	850
23	999	405	406
23	1000	993	994
