8	1	0	0
8	2	1	3
8	3	0	0
8	4	1	3
8	5	1	3
8	6	2	7
8	7	43	44
8	8	1	3
8	9	6	10
8	10	11	12
8	11	20	21
8	12	46	47
8	13	9	14
8	14	15	16
8	15	59	60
8	16	35	36
8	17	15	16
8	18	11	12
8	19	11	12
8	20	0	0
8	21	0	0
8	22	11	12
8	23	9	14
8	24	6	10
8	25	13	26
8	26	77	78
8	27	6	10
8	28	6	10
8	29	20	21
8	30	13	26
8	31	15	16
8	32	15	16
8	33	13	26
8	34	2	7
8	35	37	38
8	36	41	42
8	37	0	0
8	38	0	0
8	39	13	26
8	40	37	38
8	41	0	0
8	42	0	0
8	43	0	0
8	44	0	0
8	45	41	42
8	46	0	0
8	47	0	0
8	48	46	47
8	49	20	21
8	50	46	47
8	51	9	14
8	52	9	14
8	53	41	42
8	54	2	7
8	55	20	21
8	56	43	44
8	57	37	38
8	58	46	47
8	59	64	65
8	60	82	83
8	61	25	62
8	62	125	126
8	63	41	42
8	64	0	0
8	65	0	0
8	66	35	36
8	67	37	38
8	68	43	44
8	69	59	60
8	70	2	7
8	71	35	36
8	72	59	60
8	73	59	60
8	74	35	36
8	75	43	44
8	76	64	65
8	77	109	110
8	78	91	92
8	79	61	80
8	80	84	85
8	81	64	65
8	82	0	0
8	83	0	0
8	84	122	123
8	85	137	138
8	86	79	87
8	87	94	95
8	88	84	85
8	89	84	85
8	90	61	80
8	91	0	0
8	92	102	103
8	93	61	80
8	94	99	100
8	95	135	136
8	96	25	62
8	97	86	98
8	98	148	149
8	99	104	105
8	100	173	174
8	101	84	85
8	102	106	107
8	103	0	0
8	104	117	118
8	105	115	116
8	106	0	0
8	107	0	0
8	108	77	78
8	109	140	141
8	110	120	121
8	111	104	105
8	112	99	100
8	113	91	92
8	114	25	62
8	115	232	233
8	116	380	381
8	117	198	199
8	118	142	143
8	119	61	80
8	120	177	178
8	121	223	224
8	122	128	129
8	123	230	231
8	124	99	100
8	125	145	146
8	126	209	210
8	127	64	65
8	128	201	202
8	129	160	161
8	130	102	103
8	131	91	92
8	132	102	103
8	133	109	110
8	134	122	123
8	135	189	190
8	136	0	0
8	137	250	251
8	138	180	181
8	139	104	105
8	140	242	243
8	141	319	320
8	142	170	171
8	143	156	157
8	144	99	100
8	145	0	0
8	146	0	0
8	147	106	107
8	148	168	169
8	149	0	0
8	150	82	83
8	151	25	62
8	152	79	87
8	153	142	143
8	154	109	110
8	155	109	110
8	156	277	278
8	157	185	186
8	158	135	136
8	159	128	129
8	160	240	241
8	161	263	264
8	162	120	121
8	163	135	136
8	164	91	92
8	165	148	149
8	166	106	107
8	167	82	83
8	168	196	197
8	169	0	0
8	170	0	0
8	171	213	214
8	172	104	105
8	173	356	357
8	174	205	206
8	175	156	157
8	176	142	143
8	177	0	0
8	178	0	0
8	179	140	141
8	180	402	403
8	181	396	397
8	182	156	157
8	183	156	157
8	184	137	138
8	185	0	0
8	186	0	0
8	187	160	161
8	188	117	118
8	189	221	222
8	190	217	218
8	191	177	178
8	192	86	98
8	193	86	98
8	194	102	103
8	195	125	126
8	196	0	0
8	197	496	497
8	198	336	337
8	199	203	204
8	200	82	83
8	201	428	429
8	202	0	0
8	203	384	385
8	204	211	212
8	205	430	431
8	206	0	0
8	207	86	98
8	208	94	95
8	209	282	283
8	210	261	262
8	211	0	0
8	212	0	0
8	213	0	0
8	214	0	0
8	215	120	121
8	216	203	204
8	217	0	0
8	218	313	314
8	219	201	202
8	220	196	197
8	221	346	347
8	222	246	247
8	223	0	0
8	224	0	0
8	225	189	190
8	226	117	118
8	227	177	178
8	228	77	78
8	229	148	149
8	230	0	0
8	231	301	302
8	232	343	344
8	233	254	255
8	234	128	129
8	235	97	236
8	236	365	366
8	237	137	138
8	238	232	233
8	239	198	199
8	240	259	260
8	241	393	394
8	242	0	0
8	243	0	0
8	244	230	231
8	245	160	161
8	246	0	0
8	247	286	287
8	248	221	222
8	249	198	199
8	250	275	276
8	251	0	0
8	252	177	178
8	253	211	212
8	254	280	281
8	255	298	299
8	256	173	174
8	257	94	95
8	258	185	186
8	259	0	0
8	260	0	0
8	261	0	0
8	262	268	269
8	263	451	452
8	264	324	325
8	265	79	87
8	266	106	107
8	267	240	241
8	268	0	0
8	269	445	446
8	270	250	251
8	271	135	136
8	272	240	241
8	273	217	218
8	274	221	222
8	275	391	392
8	276	326	327
8	277	0	0
8	278	0	0
8	279	261	262
8	280	0	0
8	281	0	0
8	282	0	0
8	283	0	0
8	284	254	255
8	285	217	218
8	286	466	467
8	287	433	434
8	288	117	118
8	289	232	233
8	290	122	123
8	291	242	243
8	292	120	121
8	293	235	294
8	294	423	424
8	295	128	129
8	296	221	222
8	297	180	181
8	298	0	0
8	299	0	0
8	300	205	206
8	301	442	443
8	302	348	349
8	303	246	247
8	304	298	299
8	305	230	231
8	306	115	116
8	307	170	171
8	308	275	276
8	309	223	224
8	310	230	231
8	311	94	95
8	312	148	149
8	313	0	0
8	314	455	456
8	315	140	141
8	316	261	262
8	317	301	302
8	318	145	146
8	319	0	0
8	320	0	0
8	321	201	202
8	322	246	247
8	323	235	294
8	324	0	0
8	325	0	0
8	326	0	0
8	327	0	0
8	328	170	171
8	329	205	206
8	330	254	255
8	331	137	138
8	332	217	218
8	333	261	262
8	334	201	202
8	335	223	224
8	336	352	353
8	337	0	0
8	338	268	269
8	339	173	174
8	340	145	146
8	341	223	224
8	342	189	190
8	343	360	361
8	344	421	422
8	345	313	314
8	346	408	409
8	347	400	401
8	348	0	0
8	349	0	0
8	350	185	186
8	351	240	241
8	352	0	0
8	353	0	0
8	354	232	233
8	355	122	123
8	356	0	0
8	357	485	486
8	358	275	276
8	359	235	294
8	360	0	0
8	361	0	0
8	362	275	276
8	363	254	255
8	364	356	357
8	365	0	0
8	366	0	0
8	367	268	269
8	368	235	294
8	369	298	299
8	370	125	126
8	371	160	161
8	372	250	251
8	373	280	281
8	374	142	143
8	375	140	141
8	376	348	349
8	377	293	378
8	378	0	0
8	379	79	87
8	380	0	0
8	381	0	0
8	382	180	181
8	383	268	269
8	384	0	0
8	385	0	0
8	386	246	247
8	387	185	186
8	388	77	78
8	389	301	302
8	390	242	243
8	391	398	399
8	392	0	0
8	393	0	0
8	394	0	0
8	395	196	197
8	396	0	0
8	397	410	411
8	398	0	0
8	399	0	0
8	400	0	0
8	401	470	471
8	402	474	475
8	403	406	407
8	404	211	212
8	405	198	199
8	406	0	0
8	407	437	438
8	408	447	448
8	409	415	416
8	410	453	454
8	411	0	0
8	412	263	264
8	413	356	357
8	414	250	251
8	415	0	0
8	416	0	0
8	417	97	236
8	418	293	378
8	419	293	378
8	420	356	357
8	421	0	0
8	422	0	0
8	423	0	0
8	424	0	0
8	425	168	169
8	426	365	366
8	427	180	181
8	428	464	465
8	429	0	0
8	430	0	0
8	431	0	0
8	432	408	409
8	433	0	0
8	434	0	0
8	435	282	283
8	436	380	381
8	437	0	0
8	438	0	0
8	439	423	424
8	440	421	422
8	441	97	236
8	442	0	0
8	443	0	0
8	444	393	394
8	445	0	0
8	446	0	0
8	447	0	0
8	448	0	0
8	449	408	409
8	450	336	337
8	451	0	0
8	452	0	0
8	453	0	0
8	454	0	0
8	455	468	469
8	456	0	0
8	457	173	174
8	458	415	416
8	459	280	281
8	460	259	260
8	461	428	429
8	462	442	443
8	463	433	434
8	464	0	0
8	465	0	0
8	466	0	0
8	467	0	0
8	468	0	0
8	469	0	0
8	470	0	0
8	471	0	0
8	472	442	443
8	473	396	397
8	474	0	0
8	475	481	482
8	476	336	337
8	477	464	465
8	478	447	448
8	479	402	403
8	480	205	206
8	481	0	0
8	482	0	0
8	483	423	424
8	484	343	344
8	485	0	0
8	486	0	0
8	487	485	486
8	488	170	171
8	489	145	146
8	490	125	126
8	491	280	281
8	492	380	381
8	493	415	416
8	494	406	407
8	495	481	482
8	496	0	0
8	497	0	0
8	498	286	287
8	499	377	500
8	500	0	0
