30	1	0	0
30	2	1	3
30	3	0	0
30	4	1	3
30	5	1	3
30	6	1	3
30	7	2	8
30	8	9	10
30	9	0	0
30	10	0	0
30	11	9	10
30	12	7	13
30	13	14	15
30	14	19	20
30	15	46	47
30	16	2	8
30	17	12	18
30	18	30	31
30	19	0	0
30	20	0	0
30	21	2	8
30	22	2	8
30	23	19	20
30	24	9	10
30	25	19	20
30	26	19	20
30	27	9	10
30	28	12	18
30	29	12	18
30	30	61	62
30	31	33	34
30	32	7	13
30	33	38	39
30	34	49	50
30	35	17	36
30	36	43	44
30	37	17	36
30	38	0	0
30	39	0	0
30	40	7	13
30	41	35	42
30	42	0	0
30	43	53	54
30	44	76	77
30	45	14	15
30	46	0	0
30	47	0	0
30	48	7	13
30	49	0	0
30	50	0	0
30	51	14	15
30	52	49	50
30	53	90	91
30	54	68	69
30	55	43	44
30	56	41	57
30	57	92	93
30	58	12	18
30	59	30	31
30	60	41	57
30	61	96	97
30	62	64	65
30	63	33	34
30	64	0	0
30	65	0	0
30	66	30	31
30	67	35	42
30	68	0	0
30	69	0	0
30	70	14	15
30	71	61	62
30	72	64	65
30	73	49	50
30	74	33	34
30	75	38	39
30	76	0	0
30	77	0	0
30	78	49	50
30	79	61	62
30	80	38	39
30	81	64	65
30	82	30	31
30	83	43	44
30	84	17	36
30	85	46	47
30	86	35	42
30	87	53	54
30	88	41	57
30	89	38	39
30	90	0	0
30	91	0	0
30	92	0	0
30	93	0	0
30	94	64	65
30	95	35	42
30	96	0	0
30	97	0	0
30	98	46	47
30	99	90	91
30	100	33	34
