32	1	0	0
32	2	1	3
32	3	0	0
32	4	2	5
32	5	31	32
32	6	4	7
32	7	28	29
32	8	2	5
32	9	1	3
32	10	2	5
32	11	4	7
32	12	2	5
32	13	1	3
32	14	6	15
32	15	16	17
32	16	58	59
32	17	21	22
32	18	1	3
32	19	16	17
32	20	16	17
32	21	63	64
32	22	74	75
32	23	4	7
32	24	21	22
32	25	4	7
32	26	16	17
32	27	6	15
32	28	45	46
32	29	34	35
32	30	6	15
32	31	0	0
32	32	0	0
32	33	31	32
32	34	0	0
32	35	0	0
32	36	34	35
32	37	31	32
32	38	31	32
32	39	6	15
32	40	21	22
32	41	28	29
32	42	28	29
32	43	21	22
32	44	28	29
32	45	0	0
32	46	0	0
32	47	45	46
32	48	34	35
32	49	34	35
32	50	14	51
32	51	53	54
32	52	14	51
32	53	0	0
32	54	80	81
32	55	50	56
32	56	95	96
32	57	50	56
32	58	60	61
32	59	66	67
32	60	0	0
32	61	0	0
32	62	60	61
32	63	0	0
32	64	0	0
32	65	14	51
32	66	0	0
32	67	0	0
32	68	50	56
32	69	50	56
32	70	60	61
32	71	14	51
32	72	53	54
32	73	53	54
32	74	0	0
32	75	0	0
32	76	63	64
32	77	58	59
32	78	63	64
32	79	58	59
32	80	93	94
32	81	0	0
32	82	63	64
32	83	45	46
32	84	74	75
32	85	80	81
32	86	45	46
32	87	66	67
32	88	58	59
32	89	80	81
32	90	53	54
32	91	60	61
32	92	74	75
32	93	99	100
32	94	0	0
32	95	0	0
32	96	0	0
32	97	93	94
32	98	80	81
32	99	0	0
32	100	0	0
