30	1	0	0
30	2	1	3
30	3	0	0
30	4	1	3
30	5	2	6
30	6	11	12
30	7	2	6
30	8	2	6
30	9	2	6
30	10	1	3
30	11	0	0
30	12	0	0
30	13	1	3
30	14	11	12
30	15	11	12
30	16	11	12
30	17	5	18
30	18	19	20
30	19	23	24
30	20	46	47
30	21	5	18
30	22	19	20
30	23	0	0
30	24	0	0
30	25	17	26
30	26	29	30
30	27	19	20
30	28	19	20
30	29	35	36
30	30	32	33
30	31	17	26
30	32	88	89
30	33	44	45
30	34	5	18
30	35	75	76
30	36	38	39
30	37	32	33
30	38	0	0
30	39	0	0
30	40	25	41
30	41	48	49
30	42	23	24
30	43	5	18
30	44	0	0
30	45	0	0
30	46	0	0
30	47	0	0
30	48	65	66
30	49	51	52
30	50	23	24
30	51	94	95
30	52	69	70
30	53	23	24
30	54	46	47
30	55	32	33
30	56	51	52
30	57	44	45
30	58	48	49
30	59	48	49
30	60	40	61
30	61	0	0
30	62	32	33
30	63	29	30
30	64	29	30
30	65	96	97
30	66	105	106
30	67	46	47
30	68	48	49
30	69	114	115
30	70	101	102
30	71	60	72
30	72	90	91
30	73	40	61
30	74	60	72
30	75	0	0
30	76	0	0
30	77	38	39
30	78	51	52
30	79	44	45
30	80	75	76
30	81	51	52
30	82	65	66
30	83	35	36
30	84	25	41
30	85	25	41
30	86	60	72
30	87	60	72
30	88	0	0
30	89	0	0
30	90	129	130
30	91	116	117
30	92	35	36
30	93	65	66
30	94	98	99
30	95	0	0
30	96	124	125
30	97	119	120
30	98	0	0
30	99	0	0
30	100	96	97
30	101	0	0
30	102	0	0
30	103	25	41
30	104	38	39
30	105	127	128
30	106	109	110
30	107	98	99
30	108	69	70
30	109	0	0
30	110	0	0
30	111	94	95
30	112	71	113
30	113	139	140
30	114	0	0
30	115	0	0
30	116	147	148
30	117	173	174
30	118	94	95
30	119	0	0
30	120	0	0
30	121	46	47
30	122	44	45
30	123	98	99
30	124	0	0
30	125	0	0
30	126	75	76
30	127	0	0
30	128	0	0
30	129	164	165
30	130	170	171
30	131	109	110
30	132	38	39
30	133	124	125
30	134	96	97
30	135	127	128
30	136	124	125
30	137	96	97
30	138	127	128
30	139	143	144
30	140	167	168
30	141	29	30
30	142	69	70
30	143	0	0
30	144	0	0
30	145	90	91
30	146	69	70
30	147	0	0
30	148	178	179
30	149	17	26
30	150	71	113
30	151	109	110
30	152	40	61
30	153	71	113
30	154	124	125
30	155	127	128
30	156	147	148
30	157	143	144
30	158	116	117
30	159	109	110
30	160	90	91
30	161	98	99
30	162	114	115
30	163	143	144
30	164	0	0
30	165	0	0
30	166	129	130
30	167	0	0
30	168	0	0
30	169	75	76
30	170	190	191
30	171	175	176
30	172	119	120
30	173	0	0
30	174	0	0
30	175	180	181
30	176	0	0
30	177	167	168
30	178	0	0
30	179	184	185
30	180	188	189
30	181	0	0
30	182	112	183
30	183	192	193
30	184	0	0
30	185	0	0
30	186	71	113
30	187	105	106
30	188	0	0
30	189	0	0
30	190	0	0
30	191	0	0
30	192	0	0
30	193	0	0
30	194	167	168
30	195	65	66
30	196	180	181
30	197	129	130
30	198	182	199
30	199	0	0
30	200	0	0
