15	1	0	0
15	2	1	3
15	3	0	0
15	4	2	5
15	5	9	10
15	6	1	3
15	7	4	8
15	8	17	18
15	9	0	0
15	10	0	0
15	11	9	10
15	12	7	13
15	13	19	20
15	14	7	13
15	15	7	13
15	16	4	8
15	17	27	28
15	18	68	69
15	19	30	31
15	20	33	34
15	21	17	18
15	22	17	18
15	23	1	3
15	24	19	20
15	25	9	10
15	26	7	13
15	27	0	0
15	28	0	0
15	29	27	28
15	30	35	36
15	31	0	0
15	32	4	8
15	33	52	53
15	34	60	61
15	35	0	0
15	36	0	0
15	37	35	36
15	38	1	3
15	39	4	8
15	40	9	10
15	41	30	31
15	42	12	43
15	43	54	55
15	44	30	31
15	45	30	31
15	46	27	28
15	47	33	34
15	48	12	43
15	49	19	20
15	50	17	18
15	51	19	20
15	52	0	0
15	53	0	0
15	54	0	0
15	55	56	57
15	56	74	75
15	57	72	73
15	58	35	36
15	59	27	28
15	60	0	0
15	61	0	0
15	62	42	63
15	63	86	87
15	64	12	43
15	65	56	57
15	66	52	53
15	67	56	57
15	68	0	0
15	69	0	0
15	70	56	57
15	71	52	53
15	72	84	85
15	73	0	0
15	74	96	97
15	75	0	0
15	76	33	34
15	77	12	43
15	78	52	53
15	79	2	5
15	80	74	75
15	81	42	63
15	82	35	36
15	83	68	69
15	84	0	0
15	85	0	0
15	86	0	0
15	87	0	0
15	88	62	89
15	89	98	99
15	90	33	34
15	91	88	92
15	92	0	0
15	93	72	73
15	94	72	73
15	95	2	5
15	96	0	0
15	97	0	0
15	98	0	0
15	99	0	0
15	100	96	97
