3	1	0	0
3	2	1	3
3	3	0	0
3	4	1	3
3	5	1	3
3	6	1	3
3	7	2	8
3	8	10	11
3	9	2	8
3	10	0	0
3	11	0	0
3	12	2	8
3	13	10	11
3	14	2	8
3	15	10	11
3	16	10	11
3	17	7	18
3	18	38	39
3	19	17	20
3	20	21	22
3	21	32	33
3	22	23	24
3	23	25	26
3	24	77	78
3	25	0	0
3	26	0	0
3	27	21	22
3	28	7	18
3	29	21	22
3	30	23	24
3	31	7	18
3	32	44	45
3	33	55	56
3	34	17	20
3	35	25	26
3	36	25	26
3	37	7	18
3	38	62	63
3	39	156	157
3	40	38	39
3	41	25	26
3	42	23	24
3	43	23	24
3	44	0	0
3	45	0	0
3	46	44	45
3	47	38	39
3	48	32	33
3	49	44	45
3	50	32	33
3	51	21	22
3	52	44	45
3	53	38	39
3	54	32	33
3	55	0	0
3	56	0	0
3	57	17	20
3	58	17	20
3	59	19	60
3	60	87	88
3	61	19	60
3	62	0	0
3	63	0	0
3	64	55	56
3	65	59	66
3	66	69	70
3	67	62	63
3	68	59	66
3	69	103	104
3	70	0	0
3	71	62	63
3	72	55	56
3	73	59	66
3	74	65	75
3	75	89	90
3	76	69	70
3	77	0	0
3	78	0	0
3	79	55	56
3	80	59	66
3	81	65	75
3	82	65	75
3	83	62	63
3	84	77	78
3	85	74	86
3	86	92	93
3	87	118	119
3	88	98	99
3	89	95	96
3	90	113	114
3	91	77	78
3	92	162	163
3	93	134	135
3	94	92	93
3	95	110	111
3	96	124	125
3	97	74	86
3	98	100	101
3	99	0	0
3	100	199	200
3	101	131	132
3	102	87	88
3	103	164	165
3	104	108	109
3	105	92	93
3	106	77	78
3	107	19	60
3	108	115	116
3	109	0	0
3	110	283	284
3	111	0	0
3	112	19	60
3	113	176	177
3	114	0	0
3	115	139	140
3	116	0	0
3	117	113	114
3	118	172	173
3	119	0	0
3	120	103	104
3	121	98	99
3	122	65	75
3	123	89	90
3	124	128	129
3	125	238	239
3	126	85	127
3	127	201	202
3	128	0	0
3	129	150	151
3	130	92	93
3	131	0	0
3	132	0	0
3	133	124	125
3	134	141	142
3	135	189	190
3	136	85	127
3	137	128	129
3	138	100	101
3	139	0	0
3	140	0	0
3	141	0	0
3	142	144	145
3	143	95	96
3	144	146	147
3	145	0	0
3	146	186	187
3	147	0	0
3	148	87	88
3	149	110	111
3	150	191	192
3	151	0	0
3	152	113	114
3	153	139	140
3	154	128	129
3	155	118	119
3	156	0	0
3	157	0	0
3	158	124	125
3	159	103	104
3	160	156	157
3	161	146	147
3	162	194	195
3	163	167	168
3	164	222	223
3	165	169	170
3	166	108	109
3	167	182	183
3	168	196	197
3	169	225	226
3	170	233	234
3	171	134	135
3	172	227	228
3	173	203	204
3	174	118	119
3	175	87	88
3	176	218	219
3	177	249	250
3	178	162	163
3	179	146	147
3	180	85	127
3	181	162	163
3	182	278	279
3	183	216	217
3	184	103	104
3	185	134	135
3	186	0	0
3	187	285	286
3	188	150	151
3	189	259	260
3	190	0	0
3	191	0	0
3	192	0	0
3	193	131	132
3	194	231	232
3	195	0	0
3	196	0	0
3	197	0	0
3	198	167	168
3	199	0	0
3	200	0	0
3	201	0	0
3	202	0	0
3	203	0	0
3	204	0	0
3	205	201	202
3	206	113	114
3	207	156	157
3	208	139	140
3	209	203	204
3	210	167	168
3	211	203	204
3	212	128	129
3	213	95	96
3	214	95	96
3	215	164	165
3	216	0	0
3	217	0	0
3	218	0	0
3	219	0	0
3	220	182	183
3	221	69	70
3	222	0	0
3	223	0	0
3	224	131	132
3	225	0	0
3	226	0	0
3	227	0	0
3	228	0	0
3	229	227	228
3	230	227	228
3	231	262	263
3	232	0	0
3	233	0	0
3	234	0	0
3	235	85	127
3	236	115	116
3	237	196	197
3	238	273	274
3	239	247	248
3	240	199	200
3	241	238	239
3	242	186	187
3	243	69	70
3	244	231	232
3	245	182	183
3	246	176	177
3	247	280	281
3	248	0	0
3	249	0	0
3	250	0	0
3	251	118	119
3	252	196	197
3	253	218	219
3	254	201	202
3	255	201	202
3	256	182	183
3	257	199	200
3	258	231	232
3	259	292	293
3	260	0	0
3	261	150	151
3	262	0	0
3	263	268	269
3	264	194	195
3	265	172	173
3	266	98	99
3	267	108	109
3	268	0	0
3	269	0	0
3	270	144	145
3	271	167	168
3	272	247	248
3	273	0	0
3	274	290	291
3	275	268	269
3	276	115	116
3	277	216	217
3	278	0	0
3	279	0	0
3	280	0	0
3	281	0	0
3	282	227	228
3	283	0	0
3	284	0	0
3	285	0	0
3	286	0	0
3	287	203	204
3	288	194	195
3	289	108	109
3	290	0	0
3	291	0	0
3	292	0	0
3	293	0	0
3	294	216	217
3	295	189	190
3	296	189	190
3	297	98	99
3	298	222	223
3	299	191	192
3	300	0	0
