4	1	0	0
4	2	1	3
4	3	0	0
4	4	1	3
4	5	1	3
4	6	1	3
4	7	2	8
4	8	9	10
4	9	0	0
4	10	0	0
4	11	9	10
4	12	9	10
4	13	2	8
4	14	2	8
4	15	9	10
4	16	2	8
4	17	7	18
4	18	56	57
4	19	7	18
4	20	17	21
4	21	26	27
4	22	7	18
4	23	17	21
4	24	7	18
4	25	17	21
4	26	0	0
4	27	28	29
4	28	36	37
4	29	38	39
4	30	26	27
4	31	26	27
4	32	17	21
4	33	20	34
4	34	43	44
4	35	28	29
4	36	0	0
4	37	0	0
4	38	0	0
4	39	0	0
4	40	20	34
4	41	20	34
4	42	20	34
4	43	76	77
4	44	52	53
4	45	26	27
4	46	38	39
4	47	33	48
4	48	49	50
4	49	97	98
4	50	90	91
4	51	43	44
4	52	54	55
4	53	65	66
4	54	0	0
4	55	0	0
4	56	0	0
4	57	0	0
4	58	49	50
4	59	52	53
4	60	33	48
4	61	52	53
4	62	28	29
4	63	43	44
4	64	28	29
4	65	0	0
4	66	87	88
4	67	38	39
4	68	33	48
4	69	56	57
4	70	38	39
4	71	65	66
4	72	56	57
4	73	33	48
4	74	56	57
4	75	52	53
4	76	82	83
4	77	0	0
4	78	54	55
4	79	76	77
4	80	47	81
4	81	99	100
4	82	0	0
4	83	0	0
4	84	36	37
4	85	76	77
4	86	82	83
4	87	0	0
4	88	0	0
4	89	65	66
4	90	0	0
4	91	0	0
4	92	80	93
4	93	0	0
4	94	36	37
4	95	36	37
4	96	49	50
4	97	0	0
4	98	0	0
4	99	0	0
4	100	0	0
