29	1	0	0
29	2	1	3
29	3	0	0
29	4	2	5
29	5	9	10
29	6	1	3
29	7	1	3
29	8	1	3
29	9	0	0
29	10	0	0
29	11	2	5
29	12	4	13
29	13	16	17
29	14	4	13
29	15	9	10
29	16	30	31
29	17	77	78
29	18	4	13
29	19	16	17
29	20	16	17
29	21	2	5
29	22	16	17
29	23	4	13
29	24	12	25
29	25	36	37
29	26	9	10
29	27	9	10
29	28	12	25
29	29	12	25
29	30	0	0
29	31	0	0
29	32	30	31
29	33	2	5
29	34	24	35
29	35	66	67
29	36	42	43
29	37	39	40
29	38	24	35
29	39	46	47
29	40	53	54
29	41	12	25
29	42	120	121
29	43	50	51
29	44	30	31
29	45	42	43
29	46	0	0
29	47	0	0
29	48	46	47
29	49	42	43
29	50	0	0
29	51	0	0
29	52	30	31
29	53	0	0
29	54	0	0
29	55	53	54
29	56	46	47
29	57	53	54
29	58	39	40
29	59	24	35
29	60	50	51
29	61	39	40
29	62	36	37
29	63	39	40
29	64	42	43
29	65	53	54
29	66	82	83
29	67	96	97
29	68	50	51
29	69	66	67
29	70	46	47
29	71	24	35
29	72	36	37
29	73	34	74
29	74	94	95
29	75	36	37
29	76	50	51
29	77	0	0
29	78	0	0
29	79	34	74
29	80	77	78
29	81	66	67
29	82	112	113
29	83	92	93
29	84	73	85
29	85	0	0
29	86	73	85
29	87	84	88
29	88	243	244
29	89	84	88
29	90	34	74
29	91	34	74
29	92	103	104
29	93	0	0
29	94	130	131
29	95	118	119
29	96	250	251
29	97	226	227
29	98	87	99
29	99	284	285
29	100	66	67
29	101	96	97
29	102	77	78
29	103	0	0
29	104	0	0
29	105	98	106
29	106	142	143
29	107	87	99
29	108	73	85
29	109	103	104
29	110	96	97
29	111	92	93
29	112	0	0
29	113	215	216
29	114	96	97
29	115	77	78
29	116	105	117
29	117	136	137
29	118	0	0
29	119	132	133
29	120	0	0
29	121	0	0
29	122	84	88
29	123	118	119
29	124	98	106
29	125	112	113
29	126	118	119
29	127	105	117
29	128	116	129
29	129	167	168
29	130	182	183
29	131	138	139
29	132	177	178
29	133	235	236
29	134	98	106
29	135	98	106
29	136	208	209
29	137	162	163
29	138	158	159
29	139	0	0
29	140	128	141
29	141	151	152
29	142	0	0
29	143	259	260
29	144	84	88
29	145	103	104
29	146	82	83
29	147	132	133
29	148	142	143
29	149	120	121
29	150	105	117
29	151	262	263
29	152	175	176
29	153	130	131
29	154	103	104
29	155	94	95
29	156	140	157
29	157	160	161
29	158	271	272
29	159	0	0
29	160	0	0
29	161	205	206
29	162	0	0
29	163	164	165
29	164	170	171
29	165	188	189
29	166	116	129
29	167	229	230
29	168	173	174
29	169	94	95
29	170	0	0
29	171	0	0
29	172	158	159
29	173	179	180
29	174	269	270
29	175	221	222
29	176	203	204
29	177	0	0
29	178	0	0
29	179	0	0
29	180	0	0
29	181	132	133
29	182	287	288
29	183	185	186
29	184	151	152
29	185	193	194
29	186	0	0
29	187	82	83
29	188	224	225
29	189	197	198
29	190	177	178
29	191	177	178
29	192	94	95
29	193	0	0
29	194	0	0
29	195	167	168
29	196	116	129
29	197	0	0
29	198	0	0
29	199	116	129
29	200	164	165
29	201	82	83
29	202	73	85
29	203	0	0
29	204	0	0
29	205	299	300
29	206	0	0
29	207	177	178
29	208	0	0
29	209	0	0
29	210	130	131
29	211	158	159
29	212	92	93
29	213	118	119
29	214	112	113
29	215	0	0
29	216	0	0
29	217	185	186
29	218	160	161
29	219	208	209
29	220	208	209
29	221	0	0
29	222	237	238
29	223	208	209
29	224	0	0
29	225	0	0
29	226	0	0
29	227	232	233
29	228	226	227
29	229	0	0
29	230	248	249
29	231	167	168
29	232	0	0
29	233	0	0
29	234	162	163
29	235	0	0
29	236	0	0
29	237	0	0
29	238	0	0
29	239	105	117
29	240	179	180
29	241	224	225
29	242	237	238
29	243	0	0
29	244	0	0
29	245	243	244
29	246	182	183
29	247	232	233
29	248	273	274
29	249	0	0
29	250	0	0
29	251	0	0
29	252	205	206
29	253	182	183
29	254	128	141
29	255	164	165
29	256	158	159
29	257	162	163
29	258	193	194
29	259	0	0
29	260	297	298
29	261	179	180
29	262	0	0
29	263	292	293
29	264	232	233
29	265	175	176
29	266	203	204
29	267	162	163
29	268	175	176
29	269	0	0
29	270	0	0
29	271	0	0
29	272	0	0
29	273	289	290
29	274	0	0
29	275	259	260
29	276	232	233
29	277	151	152
29	278	259	260
29	279	193	194
29	280	142	143
29	281	197	198
29	282	138	139
29	283	132	133
29	284	0	0
29	285	0	0
29	286	167	168
29	287	0	0
29	288	0	0
29	289	0	0
29	290	0	0
29	291	289	290
29	292	0	0
29	293	295	296
29	294	221	222
29	295	0	0
29	296	0	0
29	297	0	0
29	298	0	0
29	299	0	0
29	300	0	0
