18	1	0	0
18	2	1	3
18	3	0	0
18	4	1	3
18	5	2	6
18	6	33	34
18	7	5	8
18	8	12	13
18	9	1	3
18	10	2	6
18	11	5	8
18	12	19	20
18	13	27	28
18	14	12	13
18	15	1	3
18	16	2	6
18	17	12	13
18	18	5	8
18	19	0	0
18	20	0	0
18	21	5	8
18	22	12	13
18	23	2	6
18	24	7	25
18	25	55	56
18	26	7	25
18	27	0	0
18	28	0	0
18	29	24	30
18	30	40	41
18	31	24	30
18	32	19	20
18	33	0	0
18	34	0	0
18	35	27	28
18	36	27	28
18	37	29	38
18	38	94	95
18	39	29	38
18	40	49	50
18	41	59	60
18	42	19	20
18	43	24	30
18	44	24	30
18	45	29	38
18	46	29	38
18	47	7	25
18	48	19	20
18	49	168	169
18	50	109	110
18	51	37	52
18	52	81	82
18	53	37	52
18	54	49	50
18	55	0	0
18	56	69	70
18	57	49	50
18	58	55	56
18	59	87	88
18	60	63	64
18	61	51	62
18	62	90	91
18	63	83	84
18	64	0	0
18	65	49	50
18	66	40	41
18	67	51	62
18	68	27	28
18	69	162	163
18	70	0	0
18	71	69	70
18	72	59	60
18	73	55	56
18	74	33	34
18	75	33	34
18	76	69	70
18	77	51	62
18	78	59	60
18	79	69	70
18	80	63	64
18	81	104	105
18	82	0	0
18	83	0	0
18	84	0	0
18	85	33	34
18	86	37	52
18	87	0	0
18	88	100	101
18	89	55	56
18	90	92	93
18	91	98	99
18	92	96	97
18	93	123	124
18	94	117	118
18	95	106	107
18	96	0	0
18	97	160	161
18	98	149	150
18	99	183	184
18	100	0	0
18	101	0	0
18	102	100	101
18	103	7	25
18	104	128	129
18	105	192	193
18	106	139	140
18	107	0	0
18	108	106	107
18	109	155	156
18	110	0	0
18	111	59	60
18	112	51	62
18	113	96	97
18	114	109	110
18	115	104	105
18	116	83	84
18	117	158	159
18	118	0	0
18	119	117	118
18	120	109	110
18	121	94	95
18	122	81	82
18	123	0	0
18	124	0	0
18	125	61	126
18	126	136	137
18	127	106	107
18	128	151	152
18	129	0	0
18	130	100	101
18	131	128	129
18	132	125	133
18	133	0	0
18	134	61	126
18	135	94	95
18	136	164	165
18	137	146	147
18	138	83	84
18	139	173	174
18	140	141	142
18	141	166	167
18	142	0	0
18	143	83	84
18	144	63	64
18	145	123	124
18	146	0	0
18	147	0	0
18	148	63	64
18	149	153	154
18	150	0	0
18	151	0	0
18	152	0	0
18	153	190	191
18	154	0	0
18	155	0	0
18	156	0	0
18	157	104	105
18	158	0	0
18	159	198	199
18	160	0	0
18	161	0	0
18	162	0	0
18	163	0	0
18	164	0	0
18	165	0	0
18	166	0	0
18	167	0	0
18	168	0	0
18	169	178	179
18	170	40	41
18	171	104	105
18	172	158	159
18	173	0	0
18	174	0	0
18	175	149	150
18	176	168	169
18	177	155	156
18	178	0	0
18	179	0	0
18	180	168	169
18	181	61	126
18	182	117	118
18	183	0	0
18	184	185	186
18	185	0	0
18	186	0	0
18	187	158	159
18	188	183	184
18	189	109	110
18	190	0	0
18	191	196	197
18	192	0	0
18	193	0	0
18	194	92	93
18	195	90	91
18	196	0	0
18	197	0	0
18	198	0	0
18	199	0	0
18	200	136	137
