17	1	0	0
17	2	1	3
17	3	0	0
17	4	1	3
17	5	1	3
17	6	2	7
17	7	11	12
17	8	2	7
17	9	2	7
17	10	2	7
17	11	0	0
17	12	0	0
17	13	11	12
17	14	11	12
17	15	1	3
17	16	11	12
17	17	6	18
17	18	42	43
17	19	6	18
17	20	6	18
17	21	6	18
17	22	17	23
17	23	38	39
17	24	22	25
17	25	27	28
17	26	17	23
17	27	116	117
17	28	68	69
17	29	17	23
17	30	22	25
17	31	27	28
17	32	22	25
17	33	24	34
17	34	50	51
17	35	27	28
17	36	27	28
17	37	17	23
17	38	60	61
17	39	194	195
17	40	33	41
17	41	52	53
17	42	65	66
17	43	62	63
17	44	33	41
17	45	42	43
17	46	24	34
17	47	33	41
17	48	22	25
17	49	24	34
17	50	75	76
17	51	56	57
17	52	123	124
17	53	54	55
17	54	168	169
17	55	136	137
17	56	58	59
17	57	151	152
17	58	339	340
17	59	83	84
17	60	121	122
17	61	101	102
17	62	0	0
17	63	0	0
17	64	62	63
17	65	0	0
17	66	0	0
17	67	65	66
17	68	73	74
17	69	119	120
17	70	54	55
17	71	33	41
17	72	60	61
17	73	95	96
17	74	97	98
17	75	88	89
17	76	491	492
17	77	75	76
17	78	60	61
17	79	54	55
17	80	58	59
17	81	42	43
17	82	58	59
17	83	92	93
17	84	86	87
17	85	75	76
17	86	0	0
17	87	0	0
17	88	333	334
17	89	133	134
17	90	38	39
17	91	86	87
17	92	0	0
17	93	0	0
17	94	86	87
17	95	0	0
17	96	0	0
17	97	0	0
17	98	0	0
17	99	50	51
17	100	73	74
17	101	0	0
17	102	0	0
17	103	83	84
17	104	68	69
17	105	50	51
17	106	88	89
17	107	56	57
17	108	42	43
17	109	56	57
17	110	40	111
17	111	149	150
17	112	56	57
17	113	65	66
17	114	60	61
17	115	101	102
17	116	158	159
17	117	146	147
17	118	95	96
17	119	387	388
17	120	434	435
17	121	0	0
17	122	0	0
17	123	451	452
17	124	141	142
17	125	86	87
17	126	83	84
17	127	24	34
17	128	62	63
17	129	116	117
17	130	119	120
17	131	75	76
17	132	101	102
17	133	189	190
17	134	183	184
17	135	40	111
17	136	347	348
17	137	144	145
17	138	110	139
17	139	255	256
17	140	95	96
17	141	156	157
17	142	214	215
17	143	73	74
17	144	153	154
17	145	185	186
17	146	776	777
17	147	396	397
17	148	141	142
17	149	173	174
17	150	160	161
17	151	178	179
17	152	212	213
17	153	176	177
17	154	349	350
17	155	73	74
17	156	187	188
17	157	220	221
17	158	226	227
17	159	0	0
17	160	261	262
17	161	314	315
17	162	95	96
17	163	54	55
17	164	101	102
17	165	62	63
17	166	88	89
17	167	58	59
17	168	724	725
17	169	420	421
17	170	119	120
17	171	40	111
17	172	121	122
17	173	366	367
17	174	646	647
17	175	40	111
17	176	0	0
17	177	0	0
17	178	381	382
17	179	818	819
17	180	133	134
17	181	151	152
17	182	176	177
17	183	0	0
17	184	0	0
17	185	239	240
17	186	300	301
17	187	0	0
17	188	264	265
17	189	0	0
17	190	0	0
17	191	183	184
17	192	138	193
17	193	242	243
17	194	259	260
17	195	357	358
17	196	50	51
17	197	141	142
17	198	187	188
17	199	146	147
17	200	192	201
17	201	329	330
17	202	158	159
17	203	92	93
17	204	153	154
17	205	136	137
17	206	144	145
17	207	123	124
17	208	146	147
17	209	83	84
17	210	123	124
17	211	38	39
17	212	422	423
17	213	216	217
17	214	282	283
17	215	269	270
17	216	0	0
17	217	0	0
17	218	52	53
17	219	185	186
17	220	273	274
17	221	295	296
17	222	168	169
17	223	158	159
17	224	194	195
17	225	160	161
17	226	0	0
17	227	0	0
17	228	138	193
17	229	168	169
17	230	178	179
17	231	185	186
17	232	123	124
17	233	116	117
17	234	187	188
17	235	97	98
17	236	189	190
17	237	97	98
17	238	192	201
17	239	0	0
17	240	0	0
17	241	38	39
17	242	309	310
17	243	287	288
17	244	176	177
17	245	136	137
17	246	138	193
17	247	88	89
17	248	136	137
17	249	121	122
17	250	194	195
17	251	141	142
17	252	226	227
17	253	97	98
17	254	52	53
17	255	0	0
17	256	456	457
17	257	151	152
17	258	119	120
17	259	0	0
17	260	0	0
17	261	275	276
17	262	320	321
17	263	121	122
17	264	0	0
17	265	0	0
17	266	226	227
17	267	226	227
17	268	212	213
17	269	827	828
17	270	342	343
17	271	68	69
17	272	212	213
17	273	0	0
17	274	0	0
17	275	306	307
17	276	291	292
17	277	194	195
17	278	255	256
17	279	239	240
17	280	149	150
17	281	269	270
17	282	530	531
17	283	499	500
17	284	138	193
17	285	189	190
17	286	275	276
17	287	538	539
17	288	303	304
17	289	255	256
17	290	92	93
17	291	383	384
17	292	482	483
17	293	183	184
17	294	116	117
17	295	0	0
17	296	0	0
17	297	158	159
17	298	295	296
17	299	192	201
17	300	0	0
17	301	0	0
17	302	261	262
17	303	617	618
17	304	414	415
17	305	192	201
17	306	344	345
17	307	373	374
17	308	214	215
17	309	528	529
17	310	476	477
17	311	133	134
17	312	144	145
17	313	178	179
17	314	324	325
17	315	0	0
17	316	275	276
17	317	144	145
17	318	239	240
17	319	92	93
17	320	0	0
17	321	327	328
17	322	212	213
17	323	146	147
17	324	436	437
17	325	462	463
17	326	259	260
17	327	874	875
17	328	335	336
17	329	606	607
17	330	400	401
17	331	261	262
17	332	214	215
17	333	403	404
17	334	354	355
17	335	0	0
17	336	389	390
17	337	261	262
17	338	151	152
17	339	501	502
17	340	671	672
17	341	52	53
17	342	0	0
17	343	0	0
17	344	416	417
17	345	0	0
17	346	220	221
17	347	505	506
17	348	352	353
17	349	0	0
17	350	0	0
17	351	275	276
17	352	649	650
17	353	441	442
17	354	0	0
17	355	0	0
17	356	333	334
17	357	0	0
17	358	0	0
17	359	220	221
17	360	160	161
17	361	214	215
17	362	342	343
17	363	327	328
17	364	149	150
17	365	354	355
17	366	485	486
17	367	0	0
17	368	354	355
17	369	220	221
17	370	303	304
17	371	335	336
17	372	65	66
17	373	507	508
17	374	0	0
17	375	133	134
17	376	373	374
17	377	295	296
17	378	357	358
17	379	303	304
17	380	156	157
17	381	0	0
17	382	0	0
17	383	624	625
17	384	0	0
17	385	160	161
17	386	314	315
17	387	0	0
17	388	0	0
17	389	0	0
17	390	0	0
17	391	354	355
17	392	320	321
17	393	339	340
17	394	239	240
17	395	185	186
17	396	0	0
17	397	0	0
17	398	352	353
17	399	366	367
17	400	697	698
17	401	653	654
17	402	333	334
17	403	0	0
17	404	0	0
17	405	357	358
17	406	349	350
17	407	396	397
17	408	303	304
17	409	314	315
17	410	153	154
17	411	387	388
17	412	366	367
17	413	396	397
17	414	453	454
17	415	432	433
17	416	0	0
17	417	0	0
17	418	335	336
17	419	153	154
17	420	572	573
17	421	575	576
17	422	0	0
17	423	0	0
17	424	273	274
17	425	187	188
17	426	291	292
17	427	349	350
17	428	416	417
17	429	149	150
17	430	287	288
17	431	383	384
17	432	588	589
17	433	519	520
17	434	0	0
17	435	0	0
17	436	449	450
17	437	487	488
17	438	295	296
17	439	434	435
17	440	416	417
17	441	0	0
17	442	0	0
17	443	342	343
17	444	373	374
17	445	383	384
17	446	383	384
17	447	259	260
17	448	352	353
17	449	555	556
17	450	545	546
17	451	524	525
17	452	560	561
17	453	489	490
17	454	0	0
17	455	420	421
17	456	493	494
17	457	974	975
17	458	349	350
17	459	264	265
17	460	68	69
17	461	403	404
17	462	899	900
17	463	464	465
17	464	0	0
17	465	923	924
17	466	314	315
17	467	453	454
17	468	156	157
17	469	287	288
17	470	287	288
17	471	414	415
17	472	333	334
17	473	451	452
17	474	451	452
17	475	329	330
17	476	503	504
17	477	567	568
17	478	335	336
17	479	432	433
17	480	324	325
17	481	422	423
17	482	0	0
17	483	790	791
17	484	173	174
17	485	0	0
17	486	565	566
17	487	557	558
17	488	0	0
17	489	800	801
17	490	744	745
17	491	678	679
17	492	582	583
17	493	547	548
17	494	634	635
17	495	168	169
17	496	242	243
17	497	242	243
17	498	456	457
17	499	0	0
17	500	0	0
17	501	0	0
17	502	0	0
17	503	515	516
17	504	0	0
17	505	619	620
17	506	526	527
17	507	0	0
17	508	0	0
17	509	462	463
17	510	291	292
17	511	414	415
17	512	327	328
17	513	416	417
17	514	400	401
17	515	0	0
17	516	738	739
17	517	462	463
17	518	381	382
17	519	0	0
17	520	0	0
17	521	436	437
17	522	487	488
17	523	515	516
17	524	792	793
17	525	621	622
17	526	0	0
17	527	0	0
17	528	628	629
17	529	0	0
17	530	0	0
17	531	0	0
17	532	485	486
17	533	255	256
17	534	515	516
17	535	291	292
17	536	462	463
17	537	422	423
17	538	889	890
17	539	580	581
17	540	173	174
17	541	156	157
17	542	493	494
17	543	403	404
17	544	499	500
17	545	0	0
17	546	0	0
17	547	610	611
17	548	0	0
17	549	189	190
17	550	342	343
17	551	282	283
17	552	259	260
17	553	173	174
17	554	507	508
17	555	0	0
17	556	0	0
17	557	0	0
17	558	0	0
17	559	420	421
17	560	0	0
17	561	878	879
17	562	545	546
17	563	560	561
17	564	339	340
17	565	876	877
17	566	0	0
17	567	756	757
17	568	694	695
17	569	493	494
17	570	557	558
17	571	482	483
17	572	0	0
17	573	643	644
17	574	557	558
17	575	586	587
17	576	948	949
17	577	487	488
17	578	309	310
17	579	420	421
17	580	0	0
17	581	591	592
17	582	0	0
17	583	765	766
17	584	441	442
17	585	178	179
17	586	0	0
17	587	0	0
17	588	594	595
17	589	706	707
17	590	582	583
17	591	0	0
17	592	657	658
17	593	329	330
17	594	771	772
17	595	614	615
17	596	456	457
17	597	489	490
17	598	344	345
17	599	324	325
17	600	264	265
17	601	586	587
17	602	555	556
17	603	242	243
17	604	329	330
17	605	400	401
17	606	735	736
17	607	0	0
17	608	538	539
17	609	501	502
17	610	700	701
17	611	0	0
17	612	476	477
17	613	403	404
17	614	667	668
17	615	0	0
17	616	588	589
17	617	954	955
17	618	0	0
17	619	0	0
17	620	0	0
17	621	641	642
17	622	0	0
17	623	555	556
17	624	0	0
17	625	0	0
17	626	565	566
17	627	524	525
17	628	685	686
17	629	787	788
17	630	400	401
17	631	501	502
17	632	621	622
17	633	507	508
17	634	987	988
17	635	783	784
17	636	436	437
17	637	485	486
17	638	547	548
17	639	505	506
17	640	586	587
17	641	0	0
17	642	0	0
17	643	0	0
17	644	0	0
17	645	594	595
17	646	0	0
17	647	860	861
17	648	557	558
17	649	0	0
17	650	0	0
17	651	216	217
17	652	482	483
17	653	714	715
17	654	880	881
17	655	614	615
17	656	634	635
17	657	841	842
17	658	920	921
17	659	373	374
17	660	634	635
17	661	366	367
17	662	515	516
17	663	499	500
17	664	547	548
17	665	591	592
17	666	567	568
17	667	0	0
17	668	0	0
17	669	507	508
17	670	606	607
17	671	0	0
17	672	0	0
17	673	501	502
17	674	414	415
17	675	657	658
17	676	634	635
17	677	572	573
17	678	0	0
17	679	0	0
17	680	591	592
17	681	482	483
17	682	588	589
17	683	110	139
17	684	575	576
17	685	720	721
17	686	703	704
17	687	617	618
17	688	621	622
17	689	309	310
17	690	324	325
17	691	628	629
17	692	547	548
17	693	453	454
17	694	708	709
17	695	0	0
17	696	273	274
17	697	0	0
17	698	0	0
17	699	582	583
17	700	0	0
17	701	0	0
17	702	641	642
17	703	718	719
17	704	0	0
17	705	436	437
17	706	0	0
17	707	0	0
17	708	0	0
17	709	937	938
17	710	320	321
17	711	387	388
17	712	464	465
17	713	503	504
17	714	845	846
17	715	746	747
17	716	309	310
17	717	352	353
17	718	813	814
17	719	0	0
17	720	731	732
17	721	740	741
17	722	269	270
17	723	453	454
17	724	729	730
17	725	758	759
17	726	273	274
17	727	183	184
17	728	560	561
17	729	0	0
17	730	935	936
17	731	0	0
17	732	0	0
17	733	678	679
17	734	545	546
17	735	0	0
17	736	798	799
17	737	606	607
17	738	778	779
17	739	865	866
17	740	0	0
17	741	0	0
17	742	545	546
17	743	528	529
17	744	748	749
17	745	0	0
17	746	0	0
17	747	872	873
17	748	0	0
17	749	970	971
17	750	575	576
17	751	449	450
17	752	269	270
17	753	678	679
17	754	591	592
17	755	748	749
17	756	993	994
17	757	836	837
17	758	0	0
17	759	768	769
17	760	621	622
17	761	216	217
17	762	614	615
17	763	493	494
17	764	320	321
17	765	0	0
17	766	0	0
17	767	740	741
17	768	0	0
17	769	0	0
17	770	476	477
17	771	0	0
17	772	0	0
17	773	339	340
17	774	387	388
17	775	714	715
17	776	0	0
17	777	0	0
17	778	927	928
17	779	795	796
17	780	560	561
17	781	756	757
17	782	538	539
17	783	0	0
17	784	939	940
17	785	778	779
17	786	456	457
17	787	0	0
17	788	0	0
17	789	756	757
17	790	0	0
17	791	0	0
17	792	0	0
17	793	0	0
17	794	657	658
17	795	912	913
17	796	820	821
17	797	746	747
17	798	0	0
17	799	0	0
17	800	869	870
17	801	806	807
17	802	731	732
17	803	738	739
17	804	200	805
17	805	0	0
17	806	0	0
17	807	815	816
17	808	718	719
17	809	657	658
17	810	176	177
17	811	667	668
17	812	357	358
17	813	0	0
17	814	830	831
17	815	0	0
17	816	0	0
17	817	685	686
17	818	0	0
17	819	0	0
17	820	0	0
17	821	0	0
17	822	389	390
17	823	771	772
17	824	756	757
17	825	628	629
17	826	575	576
17	827	0	0
17	828	0	0
17	829	464	465
17	830	0	0
17	831	0	0
17	832	694	695
17	833	538	539
17	834	216	217
17	835	524	525
17	836	906	907
17	837	850	851
17	838	804	839
17	839	0	0
17	840	758	759
17	841	0	0
17	842	0	0
17	843	282	283
17	844	396	397
17	845	0	0
17	846	0	0
17	847	792	793
17	848	678	679
17	849	491	492
17	850	0	0
17	851	0	0
17	852	836	837
17	853	422	423
17	854	586	587
17	855	617	618
17	856	617	618
17	857	758	759
17	858	327	328
17	859	628	629
17	860	0	0
17	861	0	0
17	862	838	863
17	863	0	0
17	864	555	556
17	865	978	979
17	866	0	0
17	867	434	435
17	868	264	265
17	869	962	963
17	870	0	0
17	871	860	861
17	872	0	0
17	873	0	0
17	874	0	0
17	875	914	915
17	876	0	0
17	877	893	894
17	878	0	0
17	879	0	0
17	880	943	944
17	881	932	933
17	882	519	520
17	883	565	566
17	884	874	875
17	885	820	821
17	886	815	816
17	887	880	881
17	888	451	452
17	889	0	0
17	890	957	958
17	891	499	500
17	892	838	863
17	893	0	0
17	894	0	0
17	895	441	442
17	896	697	698
17	897	700	701
17	898	798	799
17	899	0	0
17	900	0	0
17	901	580	581
17	902	836	837
17	903	524	525
17	904	619	620
17	905	744	745
17	906	0	0
17	907	0	0
17	908	434	435
17	909	700	701
17	910	765	766
17	911	838	863
17	912	0	0
17	913	0	0
17	914	0	0
17	915	0	0
17	916	765	766
17	917	667	668
17	918	572	573
17	919	526	527
17	920	0	0
17	921	0	0
17	922	619	620
17	923	0	0
17	924	0	0
17	925	582	583
17	926	649	650
17	927	0	0
17	928	0	0
17	929	783	784
17	930	748	749
17	931	790	791
17	932	945	946
17	933	0	0
17	934	619	620
17	935	0	0
17	936	0	0
17	937	0	0
17	938	0	0
17	939	0	0
17	940	0	0
17	941	432	433
17	942	869	870
17	943	0	0
17	944	0	0
17	945	0	0
17	946	0	0
17	947	449	450
17	948	0	0
17	949	0	0
17	950	610	611
17	951	491	492
17	952	927	928
17	953	795	796
17	954	0	0
17	955	968	969
17	956	945	946
17	957	0	0
17	958	0	0
17	959	878	879
17	960	671	672
17	961	503	504
17	962	0	0
17	963	0	0
17	964	850	851
17	965	771	772
17	966	731	732
17	967	740	741
17	968	0	0
17	969	0	0
17	970	0	0
17	971	0	0
17	972	641	642
17	973	697	698
17	974	982	983
17	975	0	0
17	976	765	766
17	977	827	828
17	978	0	0
17	979	0	0
17	980	838	863
17	981	485	486
17	982	0	0
17	983	0	0
17	984	580	581
17	985	708	709
17	986	912	913
17	987	0	0
17	988	0	0
17	989	389	390
17	990	714	715
17	991	441	442
17	992	565	566
17	993	0	0
17	994	0	0
17	995	449	450
17	996	685	686
17	997	878	879
17	998	614	615
17	999	694	695
17	1000	300	301
