25	1	0	0
25	2	1	3
25	3	0	0
25	4	1	3
25	5	1	3
25	6	2	7
25	7	27	28
25	8	6	9
25	9	16	17
25	10	1	3
25	11	2	7
25	12	2	7
25	13	6	9
25	14	6	9
25	15	6	9
25	16	19	20
25	17	29	30
25	18	2	7
25	19	0	0
25	20	0	0
25	21	16	17
25	22	8	23
25	23	65	66
25	24	8	23
25	25	22	26
25	26	32	33
25	27	0	0
25	28	0	0
25	29	0	0
25	30	0	0
25	31	8	23
25	32	175	176
25	33	37	38
25	34	27	28
25	35	22	26
25	36	8	23
25	37	40	41
25	38	51	52
25	39	22	26
25	40	76	77
25	41	126	127
25	42	32	33
25	43	37	38
25	44	25	45
25	45	166	167
25	46	25	45
25	47	16	17
25	48	44	49
25	49	54	55
25	50	37	38
25	51	70	71
25	52	0	0
25	53	25	45
25	54	79	80
25	55	0	0
25	56	51	52
25	57	51	52
25	58	48	59
25	59	170	171
25	60	27	28
25	61	25	45
25	62	51	52
25	63	22	26
25	64	37	38
25	65	110	111
25	66	67	68
25	67	134	135
25	68	136	137
25	69	19	20
25	70	0	0
25	71	0	0
25	72	40	41
25	73	32	33
25	74	70	71
25	75	54	55
25	76	0	0
25	77	0	0
25	78	76	77
25	79	120	121
25	80	0	0
25	81	27	28
25	82	58	83
25	83	87	88
25	84	70	71
25	85	70	71
25	86	79	80
25	87	92	93
25	88	94	95
25	89	40	41
25	90	82	91
25	91	181	182
25	92	100	101
25	93	123	124
25	94	98	99
25	95	103	104
25	96	16	17
25	97	40	41
25	98	187	188
25	99	0	0
25	100	238	239
25	101	198	199
25	102	76	77
25	103	108	109
25	104	0	0
25	105	103	104
25	106	76	77
25	107	94	95
25	108	228	229
25	109	128	129
25	110	160	161
25	111	267	268
25	112	48	59
25	113	58	83
25	114	32	33
25	115	67	68
25	116	110	111
25	117	29	30
25	118	58	83
25	119	79	80
25	120	178	179
25	121	193	194
25	122	79	80
25	123	0	0
25	124	163	164
25	125	100	101
25	126	0	0
25	127	0	0
25	128	0	0
25	129	138	139
25	130	98	99
25	131	58	83
25	132	82	91
25	133	108	109
25	134	0	0
25	135	0	0
25	136	0	0
25	137	0	0
25	138	0	0
25	139	0	0
25	140	123	124
25	141	94	95
25	142	65	66
25	143	82	91
25	144	29	30
25	145	87	88
25	146	65	66
25	147	48	59
25	148	19	20
25	149	48	59
25	150	128	129
25	151	128	129
25	152	120	121
25	153	54	55
25	154	103	104
25	155	90	156
25	156	226	227
25	157	94	95
25	158	98	99
25	159	44	49
25	160	0	0
25	161	0	0
25	162	136	137
25	163	250	251
25	164	269	270
25	165	128	129
25	166	183	184
25	167	209	210
25	168	160	161
25	169	103	104
25	170	0	0
25	171	0	0
25	172	98	99
25	173	82	91
25	174	90	156
25	175	0	0
25	176	200	201
25	177	136	137
25	178	196	197
25	179	236	237
25	180	163	164
25	181	207	208
25	182	0	0
25	183	0	0
25	184	0	0
25	185	138	139
25	186	160	161
25	187	0	0
25	188	298	299
25	189	155	190
25	190	0	0
25	191	87	88
25	192	29	30
25	193	263	264
25	194	205	206
25	195	181	182
25	196	0	0
25	197	0	0
25	198	221	222
25	199	223	224
25	200	0	0
25	201	0	0
25	202	189	203
25	203	0	0
25	204	123	124
25	205	0	0
25	206	0	0
25	207	0	0
25	208	0	0
25	209	214	215
25	210	0	0
25	211	160	161
25	212	189	203
25	213	108	109
25	214	243	244
25	215	290	291
25	216	189	203
25	217	44	49
25	218	110	111
25	219	205	206
25	220	120	121
25	221	0	0
25	222	0	0
25	223	295	296
25	224	292	293
25	225	54	55
25	226	279	280
25	227	0	0
25	228	0	0
25	229	0	0
25	230	166	167
25	231	136	137
25	232	189	203
25	233	221	222
25	234	138	139
25	235	44	49
25	236	0	0
25	237	0	0
25	238	248	249
25	239	0	0
25	240	193	194
25	241	202	242
25	242	256	257
25	243	0	0
25	244	0	0
25	245	202	242
25	246	181	182
25	247	87	88
25	248	259	260
25	249	0	0
25	250	0	0
25	251	0	0
25	252	110	111
25	253	90	156
25	254	226	227
25	255	200	201
25	256	286	287
25	257	0	0
25	258	90	156
25	259	0	0
25	260	0	0
25	261	207	208
25	262	238	239
25	263	0	0
25	264	0	0
25	265	263	264
25	266	187	188
25	267	0	0
25	268	0	0
25	269	0	0
25	270	271	272
25	271	0	0
25	272	0	0
25	273	223	224
25	274	19	20
25	275	134	135
25	276	236	237
25	277	108	109
25	278	163	164
25	279	0	0
25	280	0	0
25	281	238	239
25	282	202	242
25	283	178	179
25	284	67	68
25	285	248	249
25	286	0	0
25	287	0	0
25	288	238	239
25	289	120	121
25	290	0	0
25	291	0	0
25	292	0	0
25	293	0	0
25	294	123	124
25	295	0	0
25	296	0	0
25	297	166	167
25	298	0	0
25	299	0	0
25	300	65	66
