35	1	0	0
35	2	1	3
35	3	0	0
35	4	1	3
35	5	2	6
35	6	13	14
35	7	1	3
35	8	2	6
35	9	5	10
35	10	16	17
35	11	2	6
35	12	5	10
35	13	0	0
35	14	0	0
35	15	2	6
35	16	18	19
35	17	45	46
35	18	0	0
35	19	0	0
35	20	9	21
35	21	75	76
35	22	13	14
35	23	16	17
35	24	20	25
35	25	39	40
35	26	9	21
35	27	13	14
35	28	5	10
35	29	1	3
35	30	18	19
35	31	9	21
35	32	16	17
35	33	20	25
35	34	9	21
35	35	18	19
35	36	13	14
35	37	20	25
35	38	20	25
35	39	63	64
35	40	42	43
35	41	16	17
35	42	48	49
35	43	58	59
35	44	18	19
35	45	0	0
35	46	0	0
35	47	39	40
35	48	55	56
35	49	73	74
35	50	45	46
35	51	39	40
35	52	45	46
35	53	45	46
35	54	5	10
35	55	0	0
35	56	0	0
35	57	39	40
35	58	87	88
35	59	65	66
35	60	48	49
35	61	48	49
35	62	48	49
35	63	105	106
35	64	93	94
35	65	0	0
35	66	0	0
35	67	42	43
35	68	58	59
35	69	58	59
35	70	55	56
35	71	42	43
35	72	63	64
35	73	0	0
35	74	0	0
35	75	118	119
35	76	77	78
35	77	85	86
35	78	108	109
35	79	42	43
35	80	77	78
35	81	77	78
35	82	73	74
35	83	63	64
35	84	63	64
35	85	0	0
35	86	0	0
35	87	0	0
35	88	0	0
35	89	85	86
35	90	65	66
35	91	58	59
35	92	85	86
35	93	101	102
35	94	103	104
35	95	55	56
35	96	73	74
35	97	77	78
35	98	75	76
35	99	75	76
35	100	93	94
35	101	0	0
35	102	0	0
35	103	0	0
35	104	0	0
35	105	146	147
35	106	124	125
35	107	93	94
35	108	0	0
35	109	0	0
35	110	85	86
35	111	103	104
35	112	103	104
35	113	103	104
35	114	105	106
35	115	93	94
35	116	108	109
35	117	65	66
35	118	128	129
35	119	130	131
35	120	108	109
35	121	73	74
35	122	65	66
35	123	55	56
35	124	0	0
35	125	0	0
35	126	105	106
35	127	101	102
35	128	0	0
35	129	0	0
35	130	0	0
35	131	0	0
35	132	75	76
35	133	130	131
35	134	128	129
35	135	124	125
35	136	105	106
35	137	130	131
35	138	118	119
35	139	118	119
35	140	118	119
35	141	108	109
35	142	128	129
35	143	101	102
35	144	128	129
35	145	124	125
35	146	0	0
35	147	0	0
35	148	87	88
35	149	101	102
35	150	87	88
35	151	146	147
35	152	124	125
35	153	130	131
35	154	146	147
35	155	146	147
35	156	87	88
35	157	24	158
35	158	162	163
35	159	24	158
35	160	157	161
35	161	169	170
35	162	167	168
35	163	230	231
35	164	157	161
35	165	157	161
35	166	157	161
35	167	173	174
35	168	185	186
35	169	221	222
35	170	202	203
35	171	169	170
35	172	167	168
35	173	180	181
35	174	214	215
35	175	160	176
35	176	208	209
35	177	169	170
35	178	167	168
35	179	173	174
35	180	219	220
35	181	193	194
35	182	167	168
35	183	175	184
35	184	294	295
35	185	276	277
35	186	241	242
35	187	175	184
35	188	173	174
35	189	175	184
35	190	185	186
35	191	175	184
35	192	180	181
35	193	0	0
35	194	0	0
35	195	169	170
35	196	24	158
35	197	193	194
35	198	24	158
35	199	180	181
35	200	173	174
35	201	185	186
35	202	360	361
35	203	205	206
35	204	202	203
35	205	227	228
35	206	266	267
35	207	202	203
35	208	273	274
35	209	225	226
35	210	185	186
35	211	193	194
35	212	202	203
35	213	208	209
35	214	217	218
35	215	291	292
35	216	180	181
35	217	0	0
35	218	0	0
35	219	0	0
35	220	0	0
35	221	0	0
35	222	0	0
35	223	162	163
35	224	208	209
35	225	237	238
35	226	232	233
35	227	271	272
35	228	492	493
35	229	208	209
35	230	302	303
35	231	244	245
35	232	251	252
35	233	0	0
35	234	214	215
35	235	183	236
35	236	323	324
35	237	403	404
35	238	281	282
35	239	235	240
35	240	339	340
35	241	308	309
35	242	447	448
35	243	230	231
35	244	469	470
35	245	262	263
35	246	193	194
35	247	235	240
35	248	239	249
35	249	296	297
35	250	244	245
35	251	388	389
35	252	422	423
35	253	241	242
35	254	183	236
35	255	237	238
35	256	183	236
35	257	205	206
35	258	217	218
35	259	230	231
35	260	230	231
35	261	160	176
35	262	0	0
35	263	486	487
35	264	239	249
35	265	225	226
35	266	353	354
35	267	284	285
35	268	244	245
35	269	251	252
35	270	227	228
35	271	471	472
35	272	0	0
35	273	0	0
35	274	300	301
35	275	219	220
35	276	327	328
35	277	0	0
35	278	160	176
35	279	232	233
35	280	225	226
35	281	286	287
35	282	373	374
35	283	276	277
35	284	0	0
35	285	0	0
35	286	355	356
35	287	383	384
35	288	214	215
35	289	227	228
35	290	225	226
35	291	0	0
35	292	0	0
35	293	281	282
35	294	310	311
35	295	304	305
35	296	0	0
35	297	477	478
35	298	296	297
35	299	162	163
35	300	315	316
35	301	409	410
35	302	331	332
35	303	466	467
35	304	0	0
35	305	364	365
35	306	281	282
35	307	284	285
35	308	0	0
35	309	0	0
35	310	0	0
35	311	494	495
35	312	183	236
35	313	281	282
35	314	284	285
35	315	0	0
35	316	405	406
35	317	160	176
35	318	248	319
35	319	321	322
35	320	308	309
35	321	0	0
35	322	0	0
35	323	0	0
35	324	455	456
35	325	315	316
35	326	227	228
35	327	0	0
35	328	0	0
35	329	291	292
35	330	315	316
35	331	337	338
35	332	342	343
35	333	262	263
35	334	304	305
35	335	241	242
35	336	327	328
35	337	0	0
35	338	0	0
35	339	0	0
35	340	345	346
35	341	262	263
35	342	0	0
35	343	0	0
35	344	271	272
35	345	347	348
35	346	375	376
35	347	449	450
35	348	0	0
35	349	331	332
35	350	302	303
35	351	284	285
35	352	276	277
35	353	0	0
35	354	0	0
35	355	367	368
35	356	390	391
35	357	273	274
35	358	205	206
35	359	294	295
35	360	0	0
35	361	414	415
35	362	273	274
35	363	323	324
35	364	0	0
35	365	369	370
35	366	221	222
35	367	0	0
35	368	0	0
35	369	393	394
35	370	0	0
35	371	162	163
35	372	266	267
35	373	0	0
35	374	436	437
35	375	0	0
35	376	379	380
35	377	217	218
35	378	241	242
35	379	0	0
35	380	490	491
35	381	291	292
35	382	262	263
35	383	419	420
35	384	430	431
35	385	364	365
35	386	360	361
35	387	296	297
35	388	400	401
35	389	0	0
35	390	0	0
35	391	0	0
35	392	355	356
35	393	0	0
35	394	0	0
35	395	300	301
35	396	219	220
35	397	296	297
35	398	304	305
35	399	205	206
35	400	440	441
35	401	481	482
35	402	310	311
35	403	0	0
35	404	0	0
35	405	0	0
35	406	445	446
35	407	271	272
35	408	221	222
35	409	0	0
35	410	0	0
35	411	337	338
35	412	310	311
35	413	405	406
35	414	438	439
35	415	433	434
35	416	379	380
35	417	390	391
35	418	342	343
35	419	0	0
35	420	0	0
35	421	388	389
35	422	453	454
35	423	0	0
35	424	367	368
35	425	337	338
35	426	393	394
35	427	331	332
35	428	369	370
35	429	383	384
35	430	0	0
35	431	0	0
35	432	388	389
35	433	0	0
35	434	0	0
35	435	345	346
35	436	0	0
35	437	0	0
35	438	458	459
35	439	0	0
35	440	0	0
35	441	0	0
35	442	440	441
35	443	345	346
35	444	244	245
35	445	0	0
35	446	0	0
35	447	0	0
35	448	0	0
35	449	0	0
35	450	0	0
35	451	315	316
35	452	379	380
35	453	0	0
35	454	0	0
35	455	0	0
35	456	0	0
35	457	304	305
35	458	0	0
35	459	0	0
35	460	379	380
35	461	453	454
35	462	232	233
35	463	364	365
35	464	414	415
35	465	276	277
35	466	0	0
35	467	0	0
35	468	388	389
35	469	473	474
35	470	0	0
35	471	0	0
35	472	0	0
35	473	0	0
35	474	0	0
35	475	237	238
35	476	447	448
35	477	0	0
35	478	0	0
35	479	393	394
35	480	339	340
35	481	0	0
35	482	0	0
35	483	405	406
35	484	331	332
35	485	214	215
35	486	0	0
35	487	0	0
35	488	473	474
35	489	310	311
35	490	0	0
35	491	0	0
35	492	0	0
35	493	0	0
35	494	0	0
35	495	0	0
35	496	291	292
35	497	345	346
35	498	473	474
35	499	436	437
35	500	337	338
