25	1	0	0
25	2	1	3
25	3	0	0
25	4	2	5
25	5	6	7
25	6	0	0
25	7	0	0
25	8	4	9
25	9	10	11
25	10	26	27
25	11	30	31
25	12	1	3
25	13	2	5
25	14	2	5
25	15	1	3
25	16	6	7
25	17	10	11
25	18	6	7
25	19	6	7
25	20	2	5
25	21	8	22
25	22	34	35
25	23	1	3
25	24	21	25
25	25	50	51
25	26	0	0
25	27	0	0
25	28	10	11
25	29	8	22
25	30	0	0
25	31	0	0
25	32	8	22
25	33	26	27
25	34	45	46
25	35	39	40
25	36	26	27
25	37	10	11
25	38	8	22
25	39	52	53
25	40	57	58
25	41	4	9
25	42	34	35
25	43	4	9
25	44	39	40
25	45	55	56
25	46	0	0
25	47	45	46
25	48	30	31
25	49	30	31
25	50	62	63
25	51	68	69
25	52	0	0
25	53	0	0
25	54	30	31
25	55	0	0
25	56	0	0
25	57	0	0
25	58	0	0
25	59	57	58
25	60	39	40
25	61	57	58
25	62	0	0
25	63	77	78
25	64	45	46
25	65	52	53
25	66	21	25
25	67	34	35
25	68	71	72
25	69	82	83
25	70	21	25
25	71	73	74
25	72	0	0
25	73	0	0
25	74	0	0
25	75	73	74
25	76	39	40
25	77	0	0
25	78	88	89
25	79	24	80
25	80	0	0
25	81	52	53
25	82	0	0
25	83	90	91
25	84	21	25
25	85	4	9
25	86	68	69
25	87	52	53
25	88	0	0
25	89	0	0
25	90	0	0
25	91	0	0
25	92	57	58
25	93	73	74
25	94	45	46
25	95	62	63
25	96	88	89
25	97	34	35
25	98	24	80
25	99	73	74
25	100	77	78
