46	1	0	0
46	2	1	3
46	3	0	0
46	4	1	3
46	5	1	3
46	6	2	7
46	7	9	10
46	8	2	7
46	9	0	0
46	10	0	0
46	11	2	7
46	12	6	13
46	13	24	25
46	14	2	7
46	15	12	16
46	16	40	41
46	17	9	10
46	18	1	3
46	19	9	10
46	20	12	16
46	21	15	22
46	22	30	31
46	23	9	10
46	24	27	28
46	25	35	36
46	26	12	16
46	27	0	0
46	28	0	0
46	29	27	28
46	30	52	53
46	31	83	84
46	32	21	33
46	33	161	162
46	34	15	22
46	35	0	0
46	36	0	0
46	37	32	38
46	38	122	123
46	39	24	25
46	40	42	43
46	41	44	45
46	42	299	300
46	43	88	89
46	44	185	186
46	45	50	51
46	46	32	38
46	47	21	33
46	48	27	28
46	49	44	45
46	50	0	0
46	51	0	0
46	52	79	80
46	53	69	70
46	54	40	41
46	55	32	38
46	56	50	51
46	57	24	25
46	58	32	38
46	59	42	43
46	60	50	51
46	61	44	45
46	62	44	45
46	63	30	31
46	64	27	28
46	65	15	22
46	66	42	43
46	67	52	53
46	68	12	16
46	69	90	91
46	70	172	173
46	71	50	51
46	72	35	36
46	73	30	31
46	74	35	36
46	75	37	76
46	76	92	93
46	77	35	36
46	78	69	70
46	79	168	169
46	80	128	129
46	81	6	13
46	82	30	31
46	83	102	103
46	84	427	428
46	85	37	76
46	86	42	43
46	87	24	25
46	88	0	0
46	89	0	0
46	90	0	0
46	91	0	0
46	92	94	95
46	93	109	110
46	94	207	208
46	95	113	114
46	96	52	53
46	97	75	98
46	98	106	107
46	99	21	33
46	100	15	22
46	101	90	91
46	102	419	420
46	103	104	105
46	104	0	0
46	105	0	0
46	106	154	155
46	107	408	409
46	108	75	98
46	109	130	131
46	110	263	264
46	111	97	112
46	112	261	262
46	113	294	295
46	114	145	146
46	115	40	41
46	116	75	98
46	117	52	53
46	118	102	103
46	119	94	95
46	120	75	98
46	121	113	114
46	122	831	832
46	123	139	140
46	124	37	76
46	125	90	91
46	126	109	110
46	127	83	84
46	128	0	0
46	129	0	0
46	130	142	143
46	131	190	191
46	132	128	129
46	133	6	13
46	134	128	129
46	135	79	80
46	136	111	137
46	137	226	227
46	138	109	110
46	139	733	734
46	140	166	167
46	141	40	41
46	142	178	179
46	143	164	165
46	144	21	33
46	145	238	239
46	146	454	455
46	147	37	76
46	148	139	140
46	149	109	110
46	150	83	84
46	151	88	89
46	152	102	103
46	153	142	143
46	154	157	158
46	155	291	292
46	156	90	91
46	157	373	374
46	158	175	176
46	159	94	95
46	160	88	89
46	161	170	171
46	162	910	911
46	163	130	131
46	164	193	194
46	165	196	197
46	166	509	510
46	167	257	258
46	168	0	0
46	169	0	0
46	170	209	210
46	171	224	225
46	172	0	0
46	173	0	0
46	174	79	80
46	175	213	214
46	176	313	314
46	177	145	146
46	178	253	254
46	179	229	230
46	180	104	105
46	181	154	155
46	182	172	173
46	183	139	140
46	184	88	89
46	185	0	0
46	186	0	0
46	187	172	173
46	188	145	146
46	189	178	179
46	190	444	445
46	191	269	270
46	192	6	13
46	193	222	223
46	194	399	400
46	195	94	95
46	196	316	317
46	197	235	236
46	198	142	143
46	199	122	123
46	200	175	176
46	201	154	155
46	202	154	155
46	203	193	194
46	204	157	158
46	205	164	165
46	206	79	80
46	207	243	244
46	208	391	392
46	209	357	358
46	210	216	217
46	211	178	179
46	212	122	123
46	213	327	328
46	214	518	519
46	215	128	129
46	216	0	0
46	217	278	279
46	218	170	171
46	219	136	220
46	220	247	248
46	221	170	171
46	222	0	0
46	223	0	0
46	224	303	304
46	225	250	251
46	226	241	242
46	227	594	595
46	228	139	140
46	229	274	275
46	230	592	593
46	231	175	176
46	232	69	70
46	233	113	114
46	234	207	208
46	235	0	0
46	236	0	0
46	237	222	223
46	238	693	694
46	239	0	0
46	240	222	223
46	241	271	272
46	242	0	0
46	243	412	413
46	244	311	312
46	245	170	171
46	246	111	137
46	247	377	378
46	248	339	340
46	249	190	191
46	250	607	608
46	251	828	829
46	252	106	107
46	253	333	334
46	254	289	290
46	255	130	131
46	256	190	191
46	257	448	449
46	258	384	385
46	259	209	210
46	260	164	165
46	261	371	372
46	262	503	504
46	263	650	651
46	264	350	351
46	265	69	70
46	266	207	208
46	267	229	230
46	268	157	158
46	269	381	382
46	270	296	297
46	271	948	949
46	272	335	336
46	273	253	254
46	274	0	0
46	275	0	0
46	276	219	277
46	277	0	0
46	278	0	0
46	279	0	0
46	280	102	103
46	281	243	244
46	282	196	197
46	283	207	208
46	284	250	251
46	285	166	167
46	286	247	248
46	287	250	251
46	288	243	244
46	289	0	0
46	290	0	0
46	291	856	857
46	292	890	891
46	293	238	239
46	294	0	0
46	295	524	525
46	296	347	348
46	297	331	332
46	298	235	236
46	299	0	0
46	300	0	0
46	301	261	262
46	302	136	220
46	303	0	0
46	304	343	344
46	305	178	179
46	306	250	251
46	307	161	162
46	308	219	277
46	309	219	277
46	310	229	230
46	311	439	440
46	312	825	826
46	313	323	324
46	314	353	354
46	315	142	143
46	316	0	0
46	317	0	0
46	318	241	242
46	319	235	236
46	320	213	214
46	321	166	167
46	322	216	217
46	323	361	362
46	324	473	474
46	325	185	186
46	326	168	169
46	327	476	477
46	328	0	0
46	329	130	131
46	330	175	176
46	331	0	0
46	332	0	0
46	333	0	0
46	334	0	0
46	335	396	397
46	336	580	581
46	337	299	300
46	338	104	105
46	339	767	768
46	340	494	495
46	341	92	93
46	342	216	217
46	343	0	0
46	344	0	0
46	345	216	217
46	346	157	158
46	347	0	0
46	348	0	0
46	349	271	272
46	350	364	365
46	351	422	423
46	352	333	334
46	353	465	466
46	354	366	367
46	355	104	105
46	356	172	173
46	357	644	645
46	358	721	722
46	359	263	264
46	360	235	236
46	361	0	0
46	362	415	416
46	363	122	123
46	364	368	369
46	365	652	653
46	366	437	438
46	367	0	0
46	368	562	563
46	369	894	895
46	370	145	146
46	371	459	460
46	372	375	376
46	373	953	954
46	374	539	540
46	375	0	0
46	376	478	479
46	377	789	790
46	378	757	758
46	379	193	194
46	380	219	277
46	381	401	402
46	382	566	567
46	383	238	239
46	384	939	940
46	385	403	404
46	386	243	244
46	387	294	295
46	388	375	376
46	389	164	165
46	390	289	290
46	391	441	442
46	392	433	434
46	393	339	340
46	394	343	344
46	395	335	336
46	396	0	0
46	397	0	0
46	398	257	258
46	399	0	0
46	400	0	0
46	401	0	0
46	402	0	0
46	403	0	0
46	404	0	0
46	405	257	258
46	406	106	107
46	407	92	93
46	408	914	915
46	409	860	861
46	410	371	372
46	411	185	186
46	412	424	425
46	413	0	0
46	414	311	312
46	415	0	0
46	416	0	0
46	417	278	279
46	418	403	404
46	419	0	0
46	420	0	0
46	421	209	210
46	422	471	472
46	423	695	696
46	424	589	590
46	425	553	554
46	426	422	423
46	427	490	491
46	428	0	0
46	429	253	254
46	430	401	402
46	431	368	369
46	432	113	114
46	433	0	0
46	434	487	488
46	435	433	434
46	436	427	428
46	437	0	0
46	438	0	0
46	439	0	0
46	440	0	0
46	441	0	0
46	442	603	604
46	443	229	230
46	444	0	0
46	445	0	0
46	446	439	440
46	447	291	292
46	448	699	700
46	449	763	764
46	450	357	358
46	451	375	376
46	452	331	332
46	453	381	382
46	454	492	493
46	455	560	561
46	456	299	300
46	457	316	317
46	458	294	295
46	459	0	0
46	460	512	513
46	461	433	434
46	462	361	362
46	463	343	344
46	464	311	312
46	465	514	515
46	466	0	0
46	467	391	392
46	468	448	449
46	469	401	402
46	470	350	351
46	471	0	0
46	472	555	556
46	473	708	709
46	474	836	837
46	475	368	369
46	476	843	844
46	477	0	0
46	478	671	672
46	479	601	602
46	480	347	348
46	481	335	336
46	482	433	434
46	483	166	167
46	484	419	420
46	485	437	438
46	486	476	477
46	487	888	889
46	488	677	678
46	489	476	477
46	490	0	0
46	491	0	0
46	492	569	570
46	493	963	964
46	494	702	703
46	495	667	668
46	496	492	493
46	497	168	169
46	498	444	445
46	499	294	295
46	500	209	210
46	501	487	488
46	502	106	107
46	503	574	575
46	504	877	878
46	505	347	348
46	506	193	194
46	507	384	385
46	508	316	317
46	509	814	815
46	510	605	606
46	511	316	317
46	512	858	859
46	513	516	517
46	514	0	0
46	515	0	0
46	516	685	686
46	517	619	620
46	518	558	559
46	519	925	926
46	520	490	491
46	521	190	191
46	522	226	227
46	523	347	348
46	524	551	552
46	525	585	586
46	526	381	382
46	527	253	254
46	528	512	513
46	529	422	423
46	530	343	344
46	531	261	262
46	532	291	292
46	533	247	248
46	534	415	416
46	535	350	351
46	536	222	223
46	537	335	336
46	538	83	84
46	539	0	0
46	540	615	616
46	541	274	275
46	542	92	93
46	543	444	445
46	544	97	112
46	545	257	258
46	546	448	449
46	547	323	324
46	548	357	358
46	549	263	264
46	550	241	242
46	551	741	742
46	552	582	583
46	553	0	0
46	554	0	0
46	555	0	0
46	556	0	0
46	557	185	186
46	558	655	656
46	559	675	676
46	560	0	0
46	561	946	947
46	562	0	0
46	563	0	0
46	564	494	495
46	565	518	519
46	566	0	0
46	567	0	0
46	568	555	556
46	569	0	0
46	570	0	0
46	571	296	297
46	572	357	358
46	573	492	493
46	574	727	728
46	575	0	0
46	576	311	312
46	577	471	472
46	578	391	392
46	579	377	378
46	580	0	0
46	581	715	716
46	582	0	0
46	583	0	0
46	584	271	272
46	585	646	647
46	586	610	611
46	587	558	559
46	588	278	279
46	589	0	0
46	590	0	0
46	591	476	477
46	592	0	0
46	593	0	0
46	594	659	660
46	595	596	597
46	596	923	924
46	597	664	665
46	598	261	262
46	599	596	597
46	600	289	290
46	601	712	713
46	602	690	691
46	603	628	629
46	604	753	754
46	605	816	817
46	606	0	0
46	607	0	0
46	608	0	0
46	609	361	362
46	610	0	0
46	611	0	0
46	612	381	382
46	613	299	300
46	614	514	515
46	615	638	639
46	616	792	793
46	617	278	279
46	618	448	449
46	619	0	0
46	620	868	869
46	621	558	559
46	622	271	272
46	623	291	292
46	624	368	369
46	625	289	290
46	626	276	627
46	627	0	0
46	628	0	0
46	629	0	0
46	630	399	400
46	631	610	611
46	632	296	297
46	633	296	297
46	634	465	466
46	635	439	440
46	636	375	376
46	637	364	365
46	638	745	746
46	639	779	780
46	640	589	590
46	641	439	440
46	642	512	513
46	643	516	517
46	644	0	0
46	645	0	0
46	646	0	0
46	647	0	0
46	648	473	474
46	649	333	334
46	650	976	977
46	651	0	0
46	652	0	0
46	653	960	961
46	654	562	563
46	655	0	0
46	656	0	0
46	657	313	314
46	658	644	645
46	659	850	851
46	660	0	0
46	661	396	397
46	662	615	616
46	663	490	491
46	664	0	0
46	665	0	0
46	666	424	425
46	667	0	0
46	668	717	718
46	669	596	597
46	670	592	593
46	671	933	934
46	672	681	682
46	673	303	304
46	674	555	556
46	675	0	0
46	676	0	0
46	677	0	0
46	678	0	0
46	679	492	493
46	680	509	510
46	681	0	0
46	682	0	0
46	683	408	409
46	684	659	660
46	685	773	774
46	686	0	0
46	687	490	491
46	688	419	420
46	689	512	513
46	690	0	0
46	691	0	0
46	692	437	438
46	693	0	0
46	694	710	711
46	695	0	0
46	696	777	778
46	697	454	455
46	698	675	676
46	699	0	0
46	700	0	0
46	701	695	696
46	702	719	720
46	703	0	0
46	704	610	611
46	705	226	227
46	706	361	362
46	707	399	400
46	708	0	0
46	709	0	0
46	710	0	0
46	711	0	0
46	712	0	0
46	713	0	0
46	714	444	445
46	715	0	0
46	716	899	900
46	717	0	0
46	718	862	863
46	719	0	0
46	720	787	788
46	721	0	0
46	722	0	0
46	723	555	556
46	724	263	264
46	725	303	304
46	726	652	653
46	727	775	776
46	728	0	0
46	729	384	385
46	730	478	479
46	731	364	365
46	732	454	455
46	733	0	0
46	734	0	0
46	735	693	694
46	736	350	351
46	737	715	716
46	738	619	620
46	739	619	620
46	740	224	225
46	741	0	0
46	742	0	0
46	743	650	651
46	744	699	700
46	745	0	0
46	746	0	0
46	747	136	220
46	748	136	220
46	749	592	593
46	750	478	479
46	751	478	479
46	752	213	214
46	753	0	0
46	754	0	0
46	755	719	720
46	756	560	561
46	757	886	887
46	758	0	0
46	759	693	694
46	760	717	718
46	761	562	563
46	762	247	248
46	763	0	0
46	764	0	0
46	765	437	438
46	766	303	304
46	767	0	0
46	768	0	0
46	769	702	703
46	770	465	466
46	771	422	423
46	772	401	402
46	773	811	812
46	774	0	0
46	775	0	0
46	776	0	0
46	777	0	0
46	778	0	0
46	779	0	0
46	780	0	0
46	781	238	239
46	782	763	764
46	783	695	696
46	784	710	711
46	785	371	372
46	786	652	653
46	787	956	957
46	788	854	855
46	789	0	0
46	790	852	853
46	791	459	460
46	792	0	0
46	793	0	0
46	794	473	474
46	795	323	324
46	796	276	627
46	797	424	425
46	798	454	455
46	799	566	567
46	800	775	776
46	801	585	586
46	802	509	510
46	803	626	804
46	804	0	0
46	805	741	742
46	806	553	554
46	807	652	653
46	808	803	809
46	809	0	0
46	810	415	416
46	811	0	0
46	812	0	0
46	813	757	758
46	814	0	0
46	815	0	0
46	816	0	0
46	817	0	0
46	818	671	672
46	819	241	242
46	820	412	413
46	821	763	764
46	822	814	815
46	823	403	404
46	824	775	776
46	825	866	867
46	826	0	0
46	827	727	728
46	828	0	0
46	829	0	0
46	830	196	197
46	831	0	0
46	832	999	1000
46	833	619	620
46	834	396	397
46	835	514	515
46	836	0	0
46	837	0	0
46	838	274	275
46	839	589	590
46	840	213	214
46	841	514	515
46	842	603	604
46	843	0	0
46	844	0	0
46	845	313	314
46	846	323	324
46	847	825	826
46	848	763	764
46	849	603	604
46	850	0	0
46	851	0	0
46	852	0	0
46	853	884	885
46	854	0	0
46	855	0	0
46	856	944	945
46	857	0	0
46	858	969	970
46	859	0	0
46	860	0	0
46	861	990	991
46	862	971	972
46	863	0	0
46	864	331	332
46	865	459	460
46	866	0	0
46	867	0	0
46	868	0	0
46	869	903	904
46	870	560	561
46	871	509	510
46	872	603	604
46	873	773	774
46	874	353	354
46	875	615	616
46	876	816	817
46	877	896	897
46	878	0	0
46	879	862	863
46	880	741	742
46	881	551	552
46	882	580	581
46	883	399	400
46	884	0	0
46	885	942	943
46	886	0	0
46	887	0	0
46	888	0	0
46	889	0	0
46	890	0	0
46	891	0	0
46	892	715	716
46	893	733	734
46	894	0	0
46	895	0	0
46	896	0	0
46	897	0	0
46	898	377	378
46	899	986	987
46	900	0	0
46	901	655	656
46	902	313	314
46	903	0	0
46	904	0	0
46	905	775	776
46	906	168	169
46	907	789	790
46	908	681	682
46	909	553	554
46	910	0	0
46	911	0	0
46	912	659	660
46	913	719	720
46	914	937	938
46	915	0	0
46	916	862	863
46	917	605	606
46	918	866	867
46	919	792	793
46	920	825	826
46	921	471	472
46	922	366	367
46	923	0	0
46	924	997	998
46	925	931	932
46	926	993	994
46	927	610	611
46	928	558	559
46	929	914	915
46	930	539	540
46	931	0	0
46	932	0	0
46	933	978	979
46	934	0	0
46	935	886	887
46	936	899	900
46	937	0	0
46	938	958	959
46	939	0	0
46	940	0	0
46	941	377	378
46	942	0	0
46	943	0	0
46	944	0	0
46	945	0	0
46	946	0	0
46	947	0	0
46	948	0	0
46	949	0	0
46	950	566	567
46	951	856	857
46	952	403	404
46	953	0	0
46	954	0	0
46	955	825	826
46	956	965	966
46	957	0	0
46	958	0	0
46	959	0	0
46	960	0	0
46	961	0	0
46	962	779	780
46	963	0	0
46	964	0	0
46	965	0	0
46	966	0	0
46	967	958	959
46	968	717	718
46	969	0	0
46	970	0	0
46	971	0	0
46	972	0	0
46	973	364	365
46	974	939	940
46	975	811	812
46	976	0	0
46	977	0	0
46	978	0	0
46	979	0	0
46	980	937	938
46	981	650	651
46	982	339	340
46	983	854	855
46	984	419	420
46	985	816	817
46	986	0	0
46	987	0	0
46	988	391	392
46	989	969	970
46	990	0	0
46	991	0	0
46	992	566	567
46	993	0	0
46	994	0	0
46	995	471	472
46	996	226	227
46	997	0	0
46	998	0	0
46	999	0	0
46	1000	0	0
