30	1	0	0
30	2	1	3
30	3	0	0
30	4	1	3
30	5	2	6
30	6	22	23
30	7	5	8
30	8	12	13
30	9	2	6
30	10	5	8
30	11	1	3
30	12	26	27
30	13	14	15
30	14	0	0
30	15	0	0
30	16	2	6
30	17	7	18
30	18	31	32
30	19	7	18
30	20	5	8
30	21	2	6
30	22	0	0
30	23	0	0
30	24	5	8
30	25	12	13
30	26	0	0
30	27	0	0
30	28	1	3
30	29	12	13
30	30	26	27
30	31	38	39
30	32	47	48
30	33	14	15
30	34	31	32
30	35	26	27
30	36	12	13
30	37	31	32
30	38	61	62
30	39	44	45
30	40	14	15
30	41	22	23
30	42	26	27
30	43	38	39
30	44	0	0
30	45	0	0
30	46	44	45
30	47	49	50
30	48	54	55
30	49	0	0
30	50	0	0
30	51	7	18
30	52	44	45
30	53	7	18
30	54	0	0
30	55	0	0
30	56	22	23
30	57	31	32
30	58	38	39
30	59	14	15
30	60	44	45
30	61	0	0
30	62	0	0
30	63	61	62
30	64	22	23
30	65	54	55
30	66	47	48
30	67	49	50
30	68	49	50
30	69	49	50
30	70	54	55
30	71	38	39
30	72	47	48
30	73	61	62
30	74	61	62
30	75	47	48
30	76	54	55
30	77	17	78
30	78	79	80
30	79	81	82
30	80	104	105
30	81	100	101
30	82	152	153
30	83	79	80
30	84	81	82
30	85	77	86
30	86	91	92
30	87	77	86
30	88	77	86
30	89	85	90
30	90	98	99
30	91	127	128
30	92	93	94
30	93	180	181
30	94	188	189
30	95	17	78
30	96	91	92
30	97	17	78
30	98	124	125
30	99	134	135
30	100	115	116
30	101	109	110
30	102	17	78
30	103	85	90
30	104	121	122
30	105	118	119
30	106	79	80
30	107	100	101
30	108	98	99
30	109	0	0
30	110	0	0
30	111	81	82
30	112	98	99
30	113	77	86
30	114	98	99
30	115	0	0
30	116	0	0
30	117	104	105
30	118	321	322
30	119	143	144
30	120	81	82
30	121	217	218
30	122	138	139
30	123	93	94
30	124	211	212
30	125	194	195
30	126	85	90
30	127	141	142
30	128	171	172
30	129	109	110
30	130	118	119
30	131	118	119
30	132	127	128
30	133	115	116
30	134	175	176
30	135	245	246
30	136	127	128
30	137	85	90
30	138	0	0
30	139	0	0
30	140	100	101
30	141	155	156
30	142	149	150
30	143	0	0
30	144	0	0
30	145	141	142
30	146	138	139
30	147	134	135
30	148	104	105
30	149	173	174
30	150	251	252
30	151	91	92
30	152	207	208
30	153	203	204
30	154	109	110
30	155	167	168
30	156	205	206
30	157	79	80
30	158	134	135
30	159	124	125
30	160	104	105
30	161	91	92
30	162	141	142
30	163	152	153
30	164	89	165
30	165	240	241
30	166	138	139
30	167	0	0
30	168	0	0
30	169	89	165
30	170	149	150
30	171	247	248
30	172	231	232
30	173	0	0
30	174	0	0
30	175	291	292
30	176	339	340
30	177	167	168
30	178	121	122
30	179	141	142
30	180	184	185
30	181	377	378
30	182	155	156
30	183	134	135
30	184	190	191
30	185	219	220
30	186	175	176
30	187	138	139
30	188	222	223
30	189	280	281
30	190	0	0
30	191	0	0
30	192	118	119
30	193	180	181
30	194	258	259
30	195	355	356
30	196	194	195
30	197	109	110
30	198	124	125
30	199	115	116
30	200	124	125
30	201	167	168
30	202	143	144
30	203	0	0
30	204	0	0
30	205	0	0
30	206	0	0
30	207	0	0
30	208	0	0
30	209	180	181
30	210	100	101
30	211	366	367
30	212	287	288
30	213	171	172
30	214	211	212
30	215	211	212
30	216	180	181
30	217	0	0
30	218	0	0
30	219	0	0
30	220	0	0
30	221	217	218
30	222	255	256
30	223	236	237
30	224	173	174
30	225	115	116
30	226	167	168
30	227	143	144
30	228	184	185
30	229	89	165
30	230	143	144
30	231	249	250
30	232	342	343
30	233	190	191
30	234	190	191
30	235	211	212
30	236	0	0
30	237	0	0
30	238	207	208
30	239	127	128
30	240	412	413
30	241	294	295
30	242	236	237
30	243	171	172
30	244	222	223
30	245	306	307
30	246	348	349
30	247	369	370
30	248	289	290
30	249	0	0
30	250	0	0
30	251	0	0
30	252	0	0
30	253	155	156
30	254	207	208
30	255	0	0
30	256	0	0
30	257	205	206
30	258	473	474
30	259	301	302
30	260	155	156
30	261	152	153
30	262	219	220
30	263	231	232
30	264	217	218
30	265	188	189
30	266	121	122
30	267	251	252
30	268	205	206
30	269	205	206
30	270	222	223
30	271	149	150
30	272	240	241
30	273	93	94
30	274	171	172
30	275	149	150
30	276	194	195
30	277	194	195
30	278	203	204
30	279	249	250
30	280	379	380
30	281	0	0
30	282	231	232
30	283	207	208
30	284	219	220
30	285	219	220
30	286	89	165
30	287	312	313
30	288	392	393
30	289	0	0
30	290	0	0
30	291	0	0
30	292	363	364
30	293	247	248
30	294	325	326
30	295	350	351
30	296	93	94
30	297	173	174
30	298	164	299
30	299	435	436
30	300	121	122
30	301	318	319
30	302	0	0
30	303	245	246
30	304	251	252
30	305	289	290
30	306	372	373
30	307	346	347
30	308	188	189
30	309	188	189
30	310	249	250
30	311	173	174
30	312	357	358
30	313	427	428
30	314	231	232
30	315	287	288
30	316	251	252
30	317	312	313
30	318	0	0
30	319	0	0
30	320	287	288
30	321	0	0
30	322	0	0
30	323	236	237
30	324	190	191
30	325	331	332
30	326	353	354
30	327	152	153
30	328	325	326
30	329	236	237
30	330	287	288
30	331	337	338
30	332	0	0
30	333	301	302
30	334	164	299
30	335	175	176
30	336	222	223
30	337	0	0
30	338	487	488
30	339	0	0
30	340	456	457
30	341	280	281
30	342	0	0
30	343	0	0
30	344	203	204
30	345	321	322
30	346	466	467
30	347	389	390
30	348	491	492
30	349	402	403
30	350	385	386
30	351	0	0
30	352	175	176
30	353	381	382
30	354	359	360
30	355	453	454
30	356	0	0
30	357	0	0
30	358	0	0
30	359	0	0
30	360	0	0
30	361	312	313
30	362	339	340
30	363	0	0
30	364	410	411
30	365	306	307
30	366	0	0
30	367	493	494
30	368	203	204
30	369	0	0
30	370	0	0
30	371	247	248
30	372	0	0
30	373	448	449
30	374	342	343
30	375	363	364
30	376	348	349
30	377	415	416
30	378	484	485
30	379	0	0
30	380	0	0
30	381	0	0
30	382	0	0
30	383	245	246
30	384	366	367
30	385	423	424
30	386	0	0
30	387	325	326
30	388	247	248
30	389	0	0
30	390	0	0
30	391	363	364
30	392	0	0
30	393	404	405
30	394	366	367
30	395	379	380
30	396	372	373
30	397	294	295
30	398	342	343
30	399	339	340
30	400	385	386
30	401	249	250
30	402	0	0
30	403	450	451
30	404	0	0
30	405	0	0
30	406	369	370
30	407	217	218
30	408	357	358
30	409	353	354
30	410	0	0
30	411	0	0
30	412	0	0
30	413	0	0
30	414	363	364
30	415	0	0
30	416	0	0
30	417	350	351
30	418	350	351
30	419	410	411
30	420	306	307
30	421	377	378
30	422	366	367
30	423	0	0
30	424	0	0
30	425	355	356
30	426	321	322
30	427	0	0
30	428	0	0
30	429	318	319
30	430	289	290
30	431	412	413
30	432	377	378
30	433	291	292
30	434	359	360
30	435	0	0
30	436	0	0
30	437	377	378
30	438	359	360
30	439	369	370
30	440	353	354
30	441	306	307
30	442	294	295
30	443	245	246
30	444	389	390
30	445	312	313
30	446	355	356
30	447	331	332
30	448	0	0
30	449	0	0
30	450	0	0
30	451	0	0
30	452	339	340
30	453	0	0
30	454	0	0
30	455	240	241
30	456	478	479
30	457	0	0
30	458	369	370
30	459	389	390
30	460	240	241
30	461	359	360
30	462	321	322
30	463	435	436
30	464	289	290
30	465	379	380
30	466	0	0
30	467	0	0
30	468	258	259
30	469	258	259
30	470	342	343
30	471	412	413
30	472	355	356
30	473	0	0
30	474	0	0
30	475	184	185
30	476	337	338
30	477	385	386
30	478	0	0
30	479	0	0
30	480	385	386
30	481	473	474
30	482	298	483
30	483	0	0
30	484	0	0
30	485	0	0
30	486	325	326
30	487	0	0
30	488	0	0
30	489	448	449
30	490	478	479
30	491	0	0
30	492	0	0
30	493	0	0
30	494	0	0
30	495	427	428
30	496	402	403
30	497	402	403
30	498	357	358
30	499	350	351
30	500	0	0
