1	1	0	0
1	2	1	3
1	3	0	0
1	4	2	5
1	5	17	18
1	6	2	5
1	7	4	8
1	8	22	23
1	9	7	10
1	10	431	432
1	11	7	10
1	12	2	5
1	13	4	8
1	14	7	10
1	15	1	3
1	16	7	10
1	17	0	0
1	18	0	0
1	19	4	8
1	20	4	8
1	21	17	18
1	22	24	25
1	23	33	34
1	24	0	0
1	25	0	0
1	26	22	23
1	27	9	28
1	28	29	30
1	29	38	39
1	30	54	55
1	31	27	32
1	32	45	46
1	33	0	0
1	34	0	0
1	35	33	34
1	36	9	28
1	37	29	30
1	38	40	41
1	39	63	64
1	40	75	76
1	41	61	62
1	42	33	34
1	43	17	18
1	44	17	18
1	45	235	236
1	46	96	97
1	47	45	46
1	48	27	32
1	49	31	50
1	50	89	90
1	51	38	39
1	52	9	28
1	53	31	50
1	54	98	99
1	55	70	71
1	56	31	50
1	57	45	46
1	58	40	41
1	59	54	55
1	60	2	5
1	61	0	0
1	62	0	0
1	63	73	74
1	64	157	158
1	65	61	62
1	66	54	55
1	67	33	34
1	68	61	62
1	69	63	64
1	70	85	86
1	71	111	112
1	72	54	55
1	73	0	0
1	74	0	0
1	75	0	0
1	76	0	0
1	77	61	62
1	78	75	76
1	79	29	30
1	80	29	30
1	81	38	39
1	82	75	76
1	83	9	28
1	84	63	64
1	85	0	0
1	86	0	0
1	87	85	86
1	88	75	76
1	89	107	108
1	90	195	196
1	91	38	39
1	92	73	74
1	93	85	86
1	94	1	3
1	95	89	90
1	96	117	118
1	97	103	104
1	98	202	203
1	99	127	128
1	100	96	97
1	101	73	74
1	102	22	23
1	103	134	135
1	104	105	106
1	105	130	131
1	106	159	160
1	107	173	174
1	108	115	116
1	109	85	86
1	110	27	32
1	111	0	0
1	112	0	0
1	113	98	99
1	114	63	64
1	115	142	143
1	116	230	231
1	117	147	148
1	118	144	145
1	119	89	90
1	120	24	25
1	121	1	3
1	122	103	104
1	123	96	97
1	124	31	50
1	125	70	71
1	126	96	97
1	127	0	0
1	128	0	0
1	129	89	90
1	130	0	0
1	131	0	0
1	132	98	99
1	133	40	41
1	134	220	221
1	135	137	138
1	136	115	116
1	137	0	0
1	138	0	0
1	139	49	140
1	140	490	491
1	141	27	32
1	142	390	391
1	143	149	150
1	144	188	189
1	145	251	252
1	146	107	108
1	147	186	187
1	148	161	162
1	149	286	287
1	150	193	194
1	151	70	71
1	152	139	153
1	153	317	318
1	154	24	25
1	155	130	131
1	156	130	131
1	157	0	0
1	158	0	0
1	159	0	0
1	160	0	0
1	161	0	0
1	162	0	0
1	163	70	71
1	164	137	138
1	165	159	160
1	166	115	116
1	167	127	128
1	168	161	162
1	169	149	150
1	170	134	135
1	171	142	143
1	172	139	153
1	173	199	200
1	174	197	198
1	175	115	116
1	176	117	118
1	177	147	148
1	178	157	158
1	179	147	148
1	180	130	131
1	181	142	143
1	182	22	23
1	183	49	140
1	184	134	135
1	185	173	174
1	186	0	0
1	187	0	0
1	188	0	0
1	189	0	0
1	190	105	106
1	191	157	158
1	192	159	160
1	193	0	0
1	194	0	0
1	195	326	327
1	196	205	206
1	197	290	291
1	198	382	383
1	199	246	247
1	200	347	348
1	201	144	145
1	202	0	0
1	203	0	0
1	204	40	41
1	205	214	215
1	206	253	254
1	207	98	99
1	208	144	145
1	209	149	150
1	210	139	153
1	211	186	187
1	212	205	206
1	213	199	200
1	214	223	224
1	215	257	258
1	216	147	148
1	217	173	174
1	218	139	153
1	219	149	150
1	220	0	0
1	221	0	0
1	222	214	215
1	223	294	295
1	224	269	270
1	225	105	106
1	226	111	112
1	227	197	198
1	228	195	196
1	229	103	104
1	230	369	370
1	231	298	299
1	232	186	187
1	233	220	221
1	234	202	203
1	235	335	336
1	236	301	302
1	237	173	174
1	238	199	200
1	239	144	145
1	240	235	236
1	241	103	104
1	242	137	138
1	243	111	112
1	244	214	215
1	245	188	189
1	246	0	0
1	247	0	0
1	248	152	249
1	249	418	419
1	250	220	221
1	251	0	0
1	252	0	0
1	253	279	280
1	254	267	268
1	255	246	247
1	256	220	221
1	257	304	305
1	258	422	423
1	259	127	128
1	260	235	236
1	261	257	258
1	262	137	138
1	263	193	194
1	264	45	46
1	265	105	106
1	266	73	74
1	267	288	289
1	268	0	0
1	269	0	0
1	270	0	0
1	271	193	194
1	272	195	196
1	273	202	203
1	274	161	162
1	275	193	194
1	276	117	118
1	277	157	158
1	278	159	160
1	279	308	309
1	280	372	373
1	281	161	162
1	282	197	198
1	283	127	128
1	284	186	187
1	285	111	112
1	286	0	0
1	287	0	0
1	288	0	0
1	289	0	0
1	290	420	421
1	291	312	313
1	292	267	268
1	293	251	252
1	294	0	0
1	295	0	0
1	296	142	143
1	297	269	270
1	298	357	358
1	299	306	307
1	300	246	247
1	301	494	495
1	302	0	0
1	303	117	118
1	304	0	0
1	305	0	0
1	306	0	0
1	307	0	0
1	308	0	0
1	309	0	0
1	310	197	198
1	311	195	196
1	312	0	0
1	313	0	0
1	314	223	224
1	315	286	287
1	316	253	254
1	317	319	320
1	318	397	398
1	319	0	0
1	320	360	361
1	321	308	309
1	322	205	206
1	323	269	270
1	324	312	313
1	325	319	320
1	326	330	331
1	327	498	499
1	328	223	224
1	329	246	247
1	330	0	0
1	331	0	0
1	332	199	200
1	333	267	268
1	334	326	327
1	335	0	0
1	336	339	340
1	337	251	252
1	338	107	108
1	339	366	367
1	340	427	428
1	341	298	299
1	342	301	302
1	343	235	236
1	344	188	189
1	345	251	252
1	346	230	231
1	347	394	395
1	348	0	0
1	349	347	348
1	350	202	203
1	351	339	340
1	352	152	249
1	353	294	295
1	354	223	224
1	355	230	231
1	356	298	299
1	357	0	0
1	358	0	0
1	359	308	309
1	360	407	408
1	361	484	485
1	362	357	358
1	363	304	305
1	364	214	215
1	365	269	270
1	366	0	0
1	367	0	0
1	368	294	295
1	369	380	381
1	370	450	451
1	371	357	358
1	372	0	0
1	373	0	0
1	374	339	340
1	375	330	331
1	376	372	373
1	377	152	249
1	378	134	135
1	379	257	258
1	380	0	0
1	381	0	0
1	382	0	0
1	383	387	388
1	384	339	340
1	385	357	358
1	386	107	108
1	387	0	0
1	388	0	0
1	389	24	25
1	390	0	0
1	391	441	442
1	392	372	373
1	393	360	361
1	394	0	0
1	395	0	0
1	396	330	331
1	397	0	0
1	398	425	426
1	399	267	268
1	400	304	305
1	401	294	295
1	402	326	327
1	403	369	370
1	404	290	291
1	405	298	299
1	406	308	309
1	407	457	458
1	408	0	0
1	409	288	289
1	410	366	367
1	411	394	395
1	412	49	140
1	413	330	331
1	414	372	373
1	415	317	318
1	416	380	381
1	417	188	189
1	418	0	0
1	419	479	480
1	420	0	0
1	421	0	0
1	422	0	0
1	423	0	0
1	424	317	318
1	425	0	0
1	426	436	437
1	427	0	0
1	428	0	0
1	429	387	388
1	430	347	348
1	431	444	445
1	432	454	455
1	433	366	367
1	434	420	421
1	435	425	426
1	436	0	0
1	437	469	470
1	438	335	336
1	439	422	423
1	440	230	231
1	441	0	0
1	442	0	0
1	443	290	291
1	444	447	448
1	445	461	462
1	446	420	421
1	447	0	0
1	448	0	0
1	449	286	287
1	450	0	0
1	451	0	0
1	452	326	327
1	453	317	318
1	454	0	0
1	455	482	483
1	456	436	437
1	457	463	464
1	458	0	0
1	459	431	432
1	460	454	455
1	461	0	0
1	462	0	0
1	463	0	0
1	464	0	0
1	465	49	140
1	466	397	398
1	467	312	313
1	468	422	423
1	469	0	0
1	470	488	489
1	471	369	370
1	472	312	313
1	473	450	451
1	474	463	464
1	475	418	419
1	476	279	280
1	477	444	445
1	478	360	361
1	479	0	0
1	480	0	0
1	481	447	448
1	482	0	0
1	483	0	0
1	484	0	0
1	485	0	0
1	486	319	320
1	487	387	388
1	488	0	0
1	489	0	0
1	490	0	0
1	491	0	0
1	492	407	408
1	493	369	370
1	494	0	0
1	495	0	0
1	496	387	388
1	497	427	428
1	498	0	0
1	499	0	0
1	500	0	0
