45	1	0	0
45	2	1	3
45	3	0	0
45	4	1	3
45	5	1	3
45	6	1	3
45	7	2	8
45	8	17	18
45	9	2	8
45	10	2	8
45	11	2	8
45	12	7	13
45	13	36	37
45	14	7	13
45	15	12	16
45	16	19	20
45	17	0	0
45	18	0	0
45	19	26	27
45	20	45	46
45	21	12	16
45	22	17	18
45	23	19	20
45	24	17	18
45	25	12	16
45	26	34	35
45	27	31	32
45	28	19	20
45	29	7	13
45	30	7	13
45	31	0	0
45	32	0	0
45	33	31	32
45	34	0	0
45	35	0	0
45	36	62	63
45	37	41	42
45	38	31	32
45	39	36	37
45	40	19	20
45	41	0	0
45	42	0	0
45	43	41	42
45	44	12	16
45	45	49	50
45	46	59	60
45	47	34	35
45	48	31	32
45	49	0	0
45	50	0	0
45	51	45	46
45	52	34	35
45	53	41	42
45	54	36	37
45	55	34	35
45	56	26	27
45	57	36	37
45	58	26	27
45	59	0	0
45	60	0	0
45	61	41	42
45	62	0	0
45	63	0	0
45	64	45	46
45	65	59	60
45	66	45	46
45	67	49	50
45	68	26	27
45	69	59	60
45	70	15	71
45	71	79	80
45	72	49	50
45	73	59	60
45	74	15	71
45	75	17	18
45	76	62	63
45	77	15	71
45	78	49	50
45	79	81	82
45	80	0	0
45	81	0	0
45	82	94	95
45	83	62	63
45	84	62	63
45	85	70	86
45	86	91	92
45	87	81	82
45	88	79	80
45	89	81	82
45	90	81	82
45	91	0	0
45	92	0	0
45	93	79	80
45	94	0	0
45	95	96	97
45	96	0	0
45	97	0	0
45	98	91	92
45	99	96	97
45	100	15	71
