10	1	0	0
10	2	1	3
10	3	0	0
10	4	1	3
10	5	1	3
10	6	2	7
10	7	9	10
10	8	2	7
10	9	0	0
10	10	0	0
10	11	9	10
10	12	9	10
10	13	1	3
10	14	6	15
10	15	37	38
10	16	14	17
10	17	26	27
10	18	2	7
10	19	6	15
10	20	14	17
10	21	2	7
10	22	16	23
10	23	67	68
10	24	14	17
10	25	9	10
10	26	53	54
10	27	0	0
10	28	22	29
10	29	48	49
10	30	16	23
10	31	14	17
10	32	28	33
10	33	65	66
10	34	26	27
10	35	22	29
10	36	26	27
10	37	39	40
10	38	86	87
10	39	0	0
10	40	0	0
10	41	26	27
10	42	6	15
10	43	37	38
10	44	37	38
10	45	16	23
10	46	39	40
10	47	37	38
10	48	56	57
10	49	58	59
10	50	28	33
10	51	6	15
10	52	48	49
10	53	0	0
10	54	77	78
10	55	39	40
10	56	89	90
10	57	61	62
10	58	71	72
10	59	69	70
10	60	28	33
10	61	0	0
10	62	97	98
10	63	16	23
10	64	56	57
10	65	83	84
10	66	0	0
10	67	91	92
10	68	0	0
10	69	0	0
10	70	0	0
10	71	0	0
10	72	75	76
10	73	65	66
10	74	61	62
10	75	0	0
10	76	0	0
10	77	0	0
10	78	0	0
10	79	65	66
10	80	77	78
10	81	22	29
10	82	69	70
10	83	0	0
10	84	0	0
10	85	58	59
10	86	0	0
10	87	0	0
10	88	65	66
10	89	99	100
10	90	0	0
10	91	0	0
10	92	0	0
10	93	69	70
10	94	86	87
10	95	48	49
10	96	89	90
10	97	0	0
10	98	0	0
10	99	0	0
10	100	0	0
