36	1	0	0
36	2	1	3
36	3	0	0
36	4	1	3
36	5	2	6
36	6	12	13
36	7	2	6
36	8	2	6
36	9	2	6
36	10	1	3
36	11	1	3
36	12	0	0
36	13	0	0
36	14	5	15
36	15	21	22
36	16	14	17
36	17	34	35
36	18	12	13
36	19	16	20
36	20	30	31
36	21	27	28
36	22	54	55
36	23	16	20
36	24	16	20
36	25	12	13
36	26	21	22
36	27	0	0
36	28	0	0
36	29	5	15
36	30	52	53
36	31	89	90
36	32	30	31
36	33	12	13
36	34	38	39
36	35	61	62
36	36	34	35
36	37	34	35
36	38	44	45
36	39	112	113
36	40	27	28
36	41	38	39
36	42	34	35
36	43	30	31
36	44	0	0
36	45	0	0
36	46	21	22
36	47	19	48
36	48	50	51
36	49	5	15
36	50	56	57
36	51	300	301
36	52	59	60
36	53	160	161
36	54	0	0
36	55	0	0
36	56	133	134
36	57	74	75
36	58	16	20
36	59	68	69
36	60	105	106
36	61	107	108
36	62	140	141
36	63	61	62
36	64	56	57
36	65	27	28
36	66	44	45
36	67	50	51
36	68	0	0
36	69	0	0
36	70	59	60
36	71	68	69
36	72	14	17
36	73	52	53
36	74	93	94
36	75	78	79
36	76	50	51
36	77	68	69
36	78	302	303
36	79	83	84
36	80	44	45
36	81	54	55
36	82	52	53
36	83	0	0
36	84	0	0
36	85	44	45
36	86	19	48
36	87	21	22
36	88	78	79
36	89	110	111
36	90	143	144
36	91	56	57
36	92	89	90
36	93	279	280
36	94	179	180
36	95	93	94
36	96	74	75
36	97	19	48
36	98	83	84
36	99	54	55
36	100	83	84
36	101	89	90
36	102	5	15
36	103	27	28
36	104	83	84
36	105	0	0
36	106	0	0
36	107	0	0
36	108	0	0
36	109	107	108
36	110	215	216
36	111	244	245
36	112	0	0
36	113	0	0
36	114	50	51
36	115	59	60
36	116	19	48
36	117	68	69
36	118	47	119
36	119	146	147
36	120	107	108
36	121	110	111
36	122	107	108
36	123	118	124
36	124	190	191
36	125	38	39
36	126	74	75
36	127	110	111
36	128	56	57
36	129	54	55
36	130	78	79
36	131	93	94
36	132	59	60
36	133	210	211
36	134	135	136
36	135	137	138
36	136	168	169
36	137	0	0
36	138	0	0
36	139	133	134
36	140	0	0
36	141	0	0
36	142	137	138
36	143	176	177
36	144	156	157
36	145	137	138
36	146	165	166
36	147	213	214
36	148	105	106
36	149	47	119
36	150	74	75
36	151	112	113
36	152	78	79
36	153	112	113
36	154	133	134
36	155	140	141
36	156	0	0
36	157	0	0
36	158	105	106
36	159	118	124
36	160	252	253
36	161	162	163
36	162	0	0
36	163	0	0
36	164	156	157
36	165	194	195
36	166	249	250
36	167	110	111
36	168	0	0
36	169	0	0
36	170	123	171
36	171	208	209
36	172	118	124
36	173	165	166
36	174	137	138
36	175	133	134
36	176	0	0
36	177	0	0
36	178	47	119
36	179	0	0
36	180	0	0
36	181	179	180
36	182	118	124
36	183	38	39
36	184	47	119
36	185	105	106
36	186	135	136
36	187	162	163
36	188	89	90
36	189	140	141
36	190	228	229
36	191	200	201
36	192	179	180
36	193	14	17
36	194	294	295
36	195	353	354
36	196	156	157
36	197	170	198
36	198	342	343
36	199	146	147
36	200	226	227
36	201	383	384
36	202	93	94
36	203	30	31
36	204	190	191
36	205	123	171
36	206	170	198
36	207	165	166
36	208	0	0
36	209	288	289
36	210	263	264
36	211	223	224
36	212	176	177
36	213	259	260
36	214	318	319
36	215	0	0
36	216	0	0
36	217	156	157
36	218	146	147
36	219	135	136
36	220	146	147
36	221	112	113
36	222	179	180
36	223	0	0
36	224	0	0
36	225	223	224
36	226	363	364
36	227	230	231
36	228	435	436
36	229	337	338
36	230	322	323
36	231	284	285
36	232	210	211
36	233	176	177
36	234	14	17
36	235	223	224
36	236	223	224
36	237	176	177
36	238	210	211
36	239	208	209
36	240	140	141
36	241	208	209
36	242	190	191
36	243	226	227
36	244	0	0
36	245	0	0
36	246	52	53
36	247	228	229
36	248	143	144
36	249	255	256
36	250	282	283
36	251	215	216
36	252	0	0
36	253	0	0
36	254	228	229
36	255	385	386
36	256	312	313
36	257	255	256
36	258	255	256
36	259	271	272
36	260	0	0
36	261	208	209
36	262	135	136
36	263	0	0
36	264	0	0
36	265	61	62
36	266	61	62
36	267	255	256
36	268	170	198
36	269	230	231
36	270	170	198
36	271	357	358
36	272	482	483
36	273	190	191
36	274	244	245
36	275	123	171
36	276	215	216
36	277	263	264
36	278	162	163
36	279	0	0
36	280	0	0
36	281	165	166
36	282	286	287
36	283	406	407
36	284	292	293
36	285	367	368
36	286	331	332
36	287	334	335
36	288	350	351
36	289	484	485
36	290	284	285
36	291	284	285
36	292	376	377
36	293	445	446
36	294	0	0
36	295	399	400
36	296	194	195
36	297	160	161
36	298	160	161
36	299	168	169
36	300	305	306
36	301	0	0
36	302	0	0
36	303	0	0
36	304	279	280
36	305	0	0
36	306	411	412
36	307	282	283
36	308	279	280
36	309	197	310
36	310	421	422
36	311	292	293
36	312	486	487
36	313	397	398
36	314	292	293
36	315	213	214
36	316	215	216
36	317	143	144
36	318	432	433
36	319	359	360
36	320	302	303
36	321	226	227
36	322	339	340
36	323	0	0
36	324	230	231
36	325	194	195
36	326	282	283
36	327	322	323
36	328	249	250
36	329	282	283
36	330	271	272
36	331	0	0
36	332	0	0
36	333	284	285
36	334	0	0
36	335	0	0
36	336	331	332
36	337	0	0
36	338	0	0
36	339	0	0
36	340	430	431
36	341	294	295
36	342	0	0
36	343	0	0
36	344	302	303
36	345	271	272
36	346	123	171
36	347	252	253
36	348	331	332
36	349	162	163
36	350	491	492
36	351	403	404
36	352	210	211
36	353	0	0
36	354	0	0
36	355	318	319
36	356	200	201
36	357	0	0
36	358	0	0
36	359	409	410
36	360	388	389
36	361	294	295
36	362	339	340
36	363	475	476
36	364	473	474
36	365	271	272
36	366	263	264
36	367	450	451
36	368	0	0
36	369	244	245
36	370	312	313
36	371	292	293
36	372	249	250
36	373	334	335
36	374	357	358
36	375	197	310
36	376	0	0
36	377	0	0
36	378	334	335
36	379	350	351
36	380	305	306
36	381	367	368
36	382	367	368
36	383	0	0
36	384	0	0
36	385	462	463
36	386	426	427
36	387	143	144
36	388	447	448
36	389	417	418
36	390	363	364
36	391	305	306
36	392	334	335
36	393	363	364
36	394	249	250
36	395	263	264
36	396	331	332
36	397	0	0
36	398	0	0
36	399	458	459
36	400	0	0
36	401	228	229
36	402	259	260
36	403	0	0
36	404	0	0
36	405	259	260
36	406	489	490
36	407	0	0
36	408	399	400
36	409	452	453
36	410	0	0
36	411	0	0
36	412	0	0
36	413	403	404
36	414	363	364
36	415	230	231
36	416	342	343
36	417	0	0
36	418	0	0
36	419	259	260
36	420	318	319
36	421	456	457
36	422	477	478
36	423	312	313
36	424	213	214
36	425	411	412
36	426	0	0
36	427	0	0
36	428	383	384
36	429	302	303
36	430	0	0
36	431	0	0
36	432	465	466
36	433	0	0
36	434	213	214
36	435	471	472
36	436	0	0
36	437	430	431
36	438	403	404
36	439	342	343
36	440	252	253
36	441	350	351
36	442	342	343
36	443	399	400
36	444	194	195
36	445	0	0
36	446	0	0
36	447	0	0
36	448	0	0
36	449	168	169
36	450	0	0
36	451	0	0
36	452	0	0
36	453	0	0
36	454	388	389
36	455	409	410
36	456	0	0
36	457	0	0
36	458	0	0
36	459	0	0
36	460	357	358
36	461	350	351
36	462	0	0
36	463	0	0
36	464	430	431
36	465	0	0
36	466	0	0
36	467	445	446
36	468	226	227
36	469	244	245
36	470	403	404
36	471	0	0
36	472	0	0
36	473	0	0
36	474	0	0
36	475	0	0
36	476	0	0
36	477	0	0
36	478	0	0
36	479	426	427
36	480	337	338
36	481	471	472
36	482	0	0
36	483	0	0
36	484	0	0
36	485	0	0
36	486	0	0
36	487	0	0
36	488	388	389
36	489	0	0
36	490	0	0
36	491	0	0
36	492	0	0
36	493	491	492
36	494	357	358
36	495	486	487
36	496	388	389
36	497	432	433
36	498	489	490
36	499	482	483
36	500	477	478
