18	1	0	0
18	2	1	3
18	3	0	0
18	4	2	5
18	5	0	0
18	6	4	7
18	7	0	0
18	8	4	7
18	9	1	3
18	10	6	11
18	11	18	19
18	12	10	13
18	13	52	53
18	14	10	13
18	15	4	7
18	16	4	7
18	17	2	5
18	18	28	29
18	19	24	25
18	20	10	13
18	21	12	22
18	22	0	0
18	23	18	19
18	24	32	33
18	25	69	70
18	26	2	5
18	27	24	25
18	28	0	0
18	29	0	0
18	30	24	25
18	31	28	29
18	32	0	0
18	33	0	0
18	34	21	35
18	35	49	50
18	36	34	37
18	37	76	77
18	38	36	39
18	39	47	48
18	40	36	39
18	41	12	22
18	42	38	43
18	43	62	63
18	44	18	19
18	45	18	19
18	46	2	5
18	47	71	72
18	48	0	0
18	49	0	0
18	50	57	58
18	51	12	22
18	52	88	89
18	53	0	0
18	54	24	25
18	55	34	37
18	56	34	37
18	57	0	0
18	58	0	0
18	59	21	35
18	60	10	13
18	61	52	53
18	62	80	81
18	63	0	0
18	64	47	48
18	65	38	43
18	66	57	58
18	67	1	3
18	68	34	37
18	69	0	0
18	70	0	0
18	71	84	85
18	72	82	83
18	73	28	29
18	74	42	75
18	75	0	0
18	76	0	0
18	77	0	0
18	78	21	35
18	79	1	3
18	80	0	0
18	81	0	0
18	82	0	0
18	83	94	95
18	84	0	0
18	85	0	0
18	86	36	39
18	87	12	22
18	88	0	0
18	89	0	0
18	90	52	53
18	91	88	89
18	92	32	33
18	93	52	53
18	94	96	97
18	95	0	0
18	96	0	0
18	97	0	0
18	98	38	43
18	99	28	29
18	100	80	81
