9	1	0	0
9	2	1	3
9	3	0	0
9	4	2	5
9	5	9	10
9	6	2	5
9	7	4	8
9	8	11	12
9	9	0	0
9	10	0	0
9	11	19	20
9	12	13	14
9	13	0	0
9	14	0	0
9	15	1	3
9	16	1	3
9	17	9	10
9	18	2	5
9	19	0	0
9	20	0	0
9	21	7	22
9	22	24	25
9	23	1	3
9	24	144	145
9	25	30	31
9	26	2	5
9	27	11	12
9	28	19	20
9	29	19	20
9	30	59	60
9	31	39	40
9	32	13	14
9	33	9	10
9	34	24	25
9	35	11	12
9	36	11	12
9	37	13	14
9	38	9	10
9	39	0	0
9	40	0	0
9	41	13	14
9	42	19	20
9	43	24	25
9	44	21	45
9	45	75	76
9	46	30	31
9	47	39	40
9	48	39	40
9	49	30	31
9	50	39	40
9	51	4	8
9	52	21	45
9	53	30	31
9	54	7	22
9	55	7	22
9	56	7	22
9	57	44	58
9	58	64	65
9	59	0	0
9	60	0	0
9	61	59	60
9	62	21	45
9	63	21	45
9	64	203	204
9	65	69	70
9	66	4	8
9	67	64	65
9	68	24	25
9	69	78	79
9	70	198	199
9	71	57	72
9	72	90	91
9	73	71	74
9	74	83	84
9	75	102	103
9	76	0	0
9	77	59	60
9	78	283	284
9	79	80	81
9	80	159	160
9	81	100	101
9	82	69	70
9	83	112	113
9	84	132	133
9	85	71	74
9	86	44	58
9	87	78	79
9	88	69	70
9	89	75	76
9	90	104	105
9	91	227	228
9	92	64	65
9	93	4	8
9	94	59	60
9	95	64	65
9	96	57	72
9	97	83	84
9	98	75	76
9	99	57	72
9	100	0	0
9	101	0	0
9	102	118	119
9	103	108	109
9	104	0	0
9	105	153	154
9	106	104	105
9	107	57	72
9	108	200	201
9	109	126	127
9	110	80	81
9	111	80	81
9	112	124	125
9	113	128	129
9	114	108	109
9	115	75	76
9	116	80	81
9	117	108	109
9	118	175	176
9	119	173	174
9	120	73	121
9	121	138	139
9	122	120	123
9	123	171	172
9	124	135	136
9	125	148	149
9	126	0	0
9	127	0	0
9	128	460	461
9	129	381	382
9	130	112	113
9	131	90	91
9	132	161	162
9	133	0	0
9	134	71	74
9	135	455	456
9	136	157	158
9	137	102	103
9	138	142	143
9	139	257	258
9	140	124	125
9	141	112	113
9	142	233	234
9	143	163	164
9	144	0	0
9	145	146	147
9	146	0	0
9	147	0	0
9	148	416	417
9	149	260	261
9	150	83	84
9	151	148	149
9	152	142	143
9	153	351	352
9	154	190	191
9	155	104	105
9	156	120	123
9	157	273	274
9	158	385	386
9	159	0	0
9	160	0	0
9	161	244	245
9	162	178	179
9	163	196	197
9	164	337	338
9	165	118	119
9	166	44	58
9	167	90	91
9	168	71	74
9	169	146	147
9	170	112	113
9	171	180	181
9	172	184	185
9	173	0	0
9	174	0	0
9	175	0	0
9	176	0	0
9	177	118	119
9	178	215	216
9	179	0	0
9	180	434	435
9	181	206	207
9	182	120	123
9	183	146	147
9	184	212	213
9	185	0	0
9	186	128	129
9	187	120	123
9	188	118	119
9	189	146	147
9	190	0	0
9	191	0	0
9	192	128	129
9	193	190	191
9	194	171	172
9	195	126	127
9	196	267	268
9	197	0	0
9	198	0	0
9	199	210	211
9	200	0	0
9	201	0	0
9	202	159	160
9	203	471	472
9	204	0	0
9	205	148	149
9	206	229	230
9	207	325	326
9	208	203	204
9	209	83	84
9	210	224	225
9	211	0	0
9	212	237	238
9	213	0	0
9	214	153	154
9	215	253	254
9	216	255	256
9	217	198	199
9	218	104	105
9	219	132	133
9	220	200	201
9	221	100	101
9	222	108	109
9	223	78	79
9	224	0	0
9	225	0	0
9	226	206	207
9	227	0	0
9	228	249	250
9	229	348	349
9	230	0	0
9	231	126	127
9	232	163	164
9	233	335	336
9	234	342	343
9	235	173	174
9	236	135	136
9	237	240	241
9	238	0	0
9	239	224	225
9	240	278	279
9	241	0	0
9	242	240	241
9	243	148	149
9	244	488	489
9	245	0	0
9	246	180	181
9	247	102	103
9	248	237	238
9	249	251	252
9	250	318	319
9	251	452	453
9	252	314	315
9	253	0	0
9	254	369	370
9	255	426	427
9	256	0	0
9	257	0	0
9	258	0	0
9	259	102	103
9	260	345	346
9	261	388	389
9	262	212	213
9	263	159	160
9	264	128	129
9	265	122	266
9	266	0	0
9	267	359	360
9	268	408	409
9	269	138	139
9	270	159	160
9	271	90	91
9	272	163	164
9	273	431	432
9	274	298	299
9	275	132	133
9	276	265	277
9	277	0	0
9	278	0	0
9	279	308	309
9	280	278	279
9	281	224	225
9	282	142	143
9	283	0	0
9	284	400	401
9	285	251	252
9	286	198	199
9	287	153	154
9	288	255	256
9	289	73	121
9	290	253	254
9	291	206	207
9	292	203	204
9	293	265	277
9	294	78	79
9	295	190	191
9	296	144	145
9	297	124	125
9	298	0	0
9	299	0	0
9	300	69	70
9	301	278	279
9	302	180	181
9	303	178	179
9	304	298	299
9	305	198	199
9	306	240	241
9	307	273	274
9	308	0	0
9	309	483	484
9	310	237	238
9	311	257	258
9	312	260	261
9	313	308	309
9	314	383	384
9	315	0	0
9	316	200	201
9	317	203	204
9	318	410	411
9	319	373	374
9	320	273	274
9	321	206	207
9	322	184	185
9	323	265	277
9	324	200	201
9	325	428	429
9	326	440	441
9	327	227	228
9	328	229	230
9	329	132	133
9	330	253	254
9	331	229	230
9	332	138	139
9	333	325	326
9	334	298	299
9	335	436	437
9	336	339	340
9	337	0	0
9	338	0	0
9	339	497	498
9	340	0	0
9	341	267	268
9	342	367	368
9	343	0	0
9	344	163	164
9	345	0	0
9	346	423	424
9	347	161	162
9	348	476	477
9	349	0	0
9	350	283	284
9	351	492	493
9	352	0	0
9	353	161	162
9	354	44	58
9	355	337	338
9	356	298	299
9	357	161	162
9	358	278	279
9	359	0	0
9	360	0	0
9	361	314	315
9	362	276	363
9	363	0	0
9	364	339	340
9	365	135	136
9	366	337	338
9	367	0	0
9	368	0	0
9	369	0	0
9	370	0	0
9	371	227	228
9	372	265	277
9	373	0	0
9	374	0	0
9	375	373	374
9	376	196	197
9	377	171	172
9	378	224	225
9	379	157	158
9	380	342	343
9	381	419	420
9	382	0	0
9	383	0	0
9	384	0	0
9	385	0	0
9	386	0	0
9	387	215	216
9	388	412	413
9	389	0	0
9	390	157	158
9	391	318	319
9	392	73	121
9	393	255	256
9	394	325	326
9	395	283	284
9	396	253	254
9	397	345	346
9	398	325	326
9	399	260	261
9	400	0	0
9	401	0	0
9	402	122	266
9	403	244	245
9	404	383	384
9	405	335	336
9	406	251	252
9	407	122	266
9	408	457	458
9	409	0	0
9	410	0	0
9	411	0	0
9	412	0	0
9	413	0	0
9	414	237	238
9	415	381	382
9	416	464	465
9	417	421	422
9	418	215	216
9	419	0	0
9	420	450	451
9	421	0	0
9	422	0	0
9	423	0	0
9	424	0	0
9	425	276	363
9	426	0	0
9	427	0	0
9	428	0	0
9	429	0	0
9	430	383	384
9	431	0	0
9	432	0	0
9	433	410	411
9	434	0	0
9	435	0	0
9	436	0	0
9	437	0	0
9	438	180	181
9	439	249	250
9	440	0	0
9	441	495	496
9	442	369	370
9	443	260	261
9	444	144	145
9	445	122	266
9	446	153	154
9	447	190	191
9	448	233	234
9	449	440	441
9	450	0	0
9	451	479	480
9	452	0	0
9	453	0	0
9	454	175	176
9	455	0	0
9	456	0	0
9	457	486	487
9	458	0	0
9	459	455	456
9	460	0	0
9	461	0	0
9	462	381	382
9	463	348	349
9	464	0	0
9	465	0	0
9	466	314	315
9	467	318	319
9	468	385	386
9	469	215	216
9	470	171	172
9	471	490	491
9	472	0	0
9	473	157	158
9	474	251	252
9	475	144	145
9	476	0	0
9	477	0	0
9	478	249	250
9	479	0	0
9	480	0	0
9	481	173	174
9	482	385	386
9	483	0	0
9	484	0	0
9	485	212	213
9	486	0	0
9	487	0	0
9	488	0	0
9	489	0	0
9	490	0	0
9	491	0	0
9	492	0	0
9	493	0	0
9	494	381	382
9	495	0	0
9	496	0	0
9	497	0	0
9	498	0	0
9	499	471	472
9	500	0	0
