44	1	0	0
44	2	1	3
44	3	0	0
44	4	1	3
44	5	1	3
44	6	2	7
44	7	12	13
44	8	6	9
44	9	37	38
44	10	6	9
44	11	1	3
44	12	0	0
44	13	0	0
44	14	8	15
44	15	19	20
44	16	2	7
44	17	6	9
44	18	12	13
44	19	29	30
44	20	22	23
44	21	12	13
44	22	25	26
44	23	41	42
44	24	8	15
44	25	0	0
44	26	0	0
44	27	8	15
44	28	12	13
44	29	34	35
44	30	62	63
44	31	8	15
44	32	25	26
44	33	19	20
44	34	0	0
44	35	0	0
44	36	2	7
44	37	43	44
44	38	83	84
44	39	2	7
44	40	34	35
44	41	0	0
44	42	0	0
44	43	0	0
44	44	0	0
44	45	25	26
44	46	29	30
44	47	34	35
44	48	43	44
44	49	14	50
44	50	70	71
44	51	43	44
44	52	34	35
44	53	14	50
44	54	41	42
44	55	14	50
44	56	6	9
44	57	14	50
44	58	19	20
44	59	19	20
44	60	22	23
44	61	43	44
44	62	0	0
44	63	0	0
44	64	62	63
44	65	29	30
44	66	62	63
44	67	62	63
44	68	22	23
44	69	37	38
44	70	72	73
44	71	89	90
44	72	150	151
44	73	223	224
44	74	70	71
44	75	49	76
44	76	77	78
44	77	93	94
44	78	119	120
44	79	37	38
44	80	37	38
44	81	75	82
44	82	219	220
44	83	0	0
44	84	0	0
44	85	70	71
44	86	70	71
44	87	29	30
44	88	22	23
44	89	140	141
44	90	109	110
44	91	89	90
44	92	41	42
44	93	113	114
44	94	99	100
44	95	41	42
44	96	93	94
44	97	25	26
44	98	75	82
44	99	107	108
44	100	124	125
44	101	83	84
44	102	77	78
44	103	83	84
44	104	99	100
44	105	93	94
44	106	93	94
44	107	186	187
44	108	179	180
44	109	519	520
44	110	181	182
44	111	89	90
44	112	49	76
44	113	115	116
44	114	117	118
44	115	285	286
44	116	126	127
44	117	146	147
44	118	132	133
44	119	160	161
44	120	175	176
44	121	117	118
44	122	83	84
44	123	117	118
44	124	152	153
44	125	128	129
44	126	0	0
44	127	0	0
44	128	0	0
44	129	0	0
44	130	72	73
44	131	124	125
44	132	0	0
44	133	0	0
44	134	124	125
44	135	113	114
44	136	107	108
44	137	119	120
44	138	89	90
44	139	124	125
44	140	171	172
44	141	189	190
44	142	49	76
44	143	109	110
44	144	117	118
44	145	140	141
44	146	0	0
44	147	0	0
44	148	49	76
44	149	109	110
44	150	207	208
44	151	173	174
44	152	0	0
44	153	0	0
44	154	109	110
44	155	126	127
44	156	152	153
44	157	107	108
44	158	99	100
44	159	113	114
44	160	169	170
44	161	215	216
44	162	119	120
44	163	113	114
44	164	146	147
44	165	72	73
44	166	72	73
44	167	99	100
44	168	107	108
44	169	256	257
44	170	198	199
44	171	0	0
44	172	0	0
44	173	0	0
44	174	0	0
44	175	287	288
44	176	282	283
44	177	77	78
44	178	169	170
44	179	0	0
44	180	0	0
44	181	0	0
44	182	0	0
44	183	132	133
44	184	160	161
44	185	128	129
44	186	0	0
44	187	0	0
44	188	132	133
44	189	0	0
44	190	0	0
44	191	173	174
44	192	126	127
44	193	75	82
44	194	126	127
44	195	181	182
44	196	128	129
44	197	189	190
44	198	0	0
44	199	0	0
44	200	128	129
44	201	160	161
44	202	75	82
44	203	140	141
44	204	198	199
44	205	181	182
44	206	77	78
44	207	0	0
44	208	0	0
44	209	207	208
44	210	175	176
44	211	146	147
44	212	171	172
44	213	146	147
44	214	119	120
44	215	276	277
44	216	226	227
44	217	115	116
44	218	175	176
44	219	272	273
44	220	243	244
44	221	215	216
44	222	160	161
44	223	337	338
44	224	229	230
44	225	171	172
44	226	0	0
44	227	0	0
44	228	189	190
44	229	0	0
44	230	0	0
44	231	132	133
44	232	115	116
44	233	169	170
44	234	198	199
44	235	215	216
44	236	152	153
44	237	140	141
44	238	175	176
44	239	223	224
44	240	150	151
44	241	226	227
44	242	173	174
44	243	259	260
44	244	253	254
44	245	115	116
44	246	219	220
44	247	243	244
44	248	169	170
44	249	207	208
44	250	186	187
44	251	219	220
44	252	186	187
44	253	268	269
44	254	290	291
44	255	253	254
44	256	0	0
44	257	0	0
44	258	256	257
44	259	326	327
44	260	303	304
44	261	253	254
44	262	171	172
44	263	173	174
44	264	152	153
44	265	198	199
44	266	219	220
44	267	256	257
44	268	293	294
44	269	334	335
44	270	189	190
44	271	215	216
44	272	296	297
44	273	568	569
44	274	243	244
44	275	179	180
44	276	0	0
44	277	0	0
44	278	223	224
44	279	181	182
44	280	150	151
44	281	268	269
44	282	321	322
44	283	324	325
44	284	186	187
44	285	0	0
44	286	0	0
44	287	298	299
44	288	313	314
44	289	243	244
44	290	342	343
44	291	514	515
44	292	207	208
44	293	376	377
44	294	404	405
44	295	293	294
44	296	352	353
44	297	371	372
44	298	0	0
44	299	0	0
44	300	293	294
44	301	276	277
44	302	223	224
44	303	373	374
44	304	508	509
44	305	229	230
44	306	287	288
44	307	285	286
44	308	179	180
44	309	298	299
44	310	253	254
44	311	259	260
44	312	296	297
44	313	0	0
44	314	0	0
44	315	293	294
44	316	298	299
44	317	287	288
44	318	296	297
44	319	81	320
44	320	358	359
44	321	0	0
44	322	0	0
44	323	179	180
44	324	0	0
44	325	0	0
44	326	345	346
44	327	369	370
44	328	282	283
44	329	296	297
44	330	313	314
44	331	259	260
44	332	321	322
44	333	321	322
44	334	339	340
44	335	443	444
44	336	259	260
44	337	0	0
44	338	0	0
44	339	0	0
44	340	0	0
44	341	290	291
44	342	522	523
44	343	348	349
44	344	272	273
44	345	658	659
44	346	362	363
44	347	150	151
44	348	0	0
44	349	0	0
44	350	334	335
44	351	229	230
44	352	367	368
44	353	424	425
44	354	285	286
44	355	313	314
44	356	256	257
44	357	342	343
44	358	390	391
44	359	449	450
44	360	298	299
44	361	345	346
44	362	0	0
44	363	0	0
44	364	358	359
44	365	287	288
44	366	321	322
44	367	379	380
44	368	420	421
44	369	384	385
44	370	394	395
44	371	573	574
44	372	428	429
44	373	563	564
44	374	478	479
44	375	81	320
44	376	0	0
44	377	0	0
44	378	324	325
44	379	0	0
44	380	0	0
44	381	285	286
44	382	369	370
44	383	229	230
44	384	0	0
44	385	0	0
44	386	376	377
44	387	324	325
44	388	358	359
44	389	342	343
44	390	422	423
44	391	412	413
44	392	379	380
44	393	324	325
44	394	0	0
44	395	0	0
44	396	369	370
44	397	81	320
44	398	345	346
44	399	81	320
44	400	345	346
44	401	342	343
44	402	373	374
44	403	394	395
44	404	0	0
44	405	0	0
44	406	373	374
44	407	268	269
44	408	373	374
44	409	276	277
44	410	358	359
44	411	282	283
44	412	0	0
44	413	433	434
44	414	367	368
44	415	412	413
44	416	313	314
44	417	337	338
44	418	282	283
44	419	276	277
44	420	0	0
44	421	0	0
44	422	517	518
44	423	454	455
44	424	431	432
44	425	631	632
44	426	371	372
44	427	352	353
44	428	587	588
44	429	488	489
44	430	412	413
44	431	0	0
44	432	0	0
44	433	535	536
44	434	493	494
44	435	268	269
44	436	326	327
44	437	337	338
44	438	348	349
44	439	367	368
44	440	339	340
44	441	272	273
44	442	390	391
44	443	0	0
44	444	0	0
44	445	394	395
44	446	337	338
44	447	352	353
44	448	376	377
44	449	555	556
44	450	558	559
44	451	394	395
44	452	376	377
44	453	390	391
44	454	456	457
44	455	483	484
44	456	458	459
44	457	672	673
44	458	471	472
44	459	474	475
44	460	334	335
44	461	420	421
44	462	404	405
44	463	290	291
44	464	422	423
44	465	412	413
44	466	428	429
44	467	303	304
44	468	348	349
44	469	303	304
44	470	290	291
44	471	0	0
44	472	0	0
44	473	424	425
44	474	0	0
44	475	0	0
44	476	379	380
44	477	326	327
44	478	0	0
44	479	0	0
44	480	456	457
44	481	454	455
44	482	478	479
44	483	541	542
44	484	954	955
44	485	379	380
44	486	443	444
44	487	422	423
44	488	0	0
44	489	0	0
44	490	272	273
44	491	326	327
44	492	390	391
44	493	843	844
44	494	666	667
44	495	303	304
44	496	471	472
44	497	431	432
44	498	471	472
44	499	369	370
44	500	483	484
44	501	456	457
44	502	458	459
44	503	404	405
44	504	456	457
44	505	458	459
44	506	471	472
44	507	443	444
44	508	552	553
44	509	0	0
44	510	431	432
44	511	362	363
44	512	424	425
44	513	352	353
44	514	624	625
44	515	528	529
44	516	474	475
44	517	687	688
44	518	0	0
44	519	0	0
44	520	0	0
44	521	474	475
44	522	0	0
44	523	0	0
44	524	474	475
44	525	433	434
44	526	458	459
44	527	519	520
44	528	0	0
44	529	0	0
44	530	226	227
44	531	488	489
44	532	443	444
44	533	424	425
44	534	522	523
44	535	561	562
44	536	824	825
44	537	334	335
44	538	478	479
44	539	454	455
44	540	517	518
44	541	595	596
44	542	696	697
44	543	348	349
44	544	535	536
44	545	522	523
44	546	517	518
44	547	428	429
44	548	483	484
44	549	362	363
44	550	428	429
44	551	433	434
44	552	0	0
44	553	0	0
44	554	367	368
44	555	605	606
44	556	656	657
44	557	433	434
44	558	628	629
44	559	581	582
44	560	371	372
44	561	652	653
44	562	633	634
44	563	0	0
44	564	0	0
44	565	404	405
44	566	431	432
44	567	488	489
44	568	590	591
44	569	889	890
44	570	568	569
44	571	488	489
44	572	541	542
44	573	654	655
44	574	584	585
44	575	514	515
44	576	483	484
44	577	514	515
44	578	568	569
44	579	522	523
44	580	535	536
44	581	0	0
44	582	620	621
44	583	528	529
44	584	0	0
44	585	0	0
44	586	563	564
44	587	0	0
44	588	0	0
44	589	508	509
44	590	597	598
44	591	660	661
44	592	563	564
44	593	590	591
44	594	584	585
44	595	0	0
44	596	0	0
44	597	0	0
44	598	614	615
44	599	454	455
44	600	517	518
44	601	478	479
44	602	581	582
44	603	597	598
44	604	420	421
44	605	612	613
44	606	617	618
44	607	384	385
44	608	590	591
44	609	535	536
44	610	605	606
44	611	568	569
44	612	827	828
44	613	718	719
44	614	0	0
44	615	0	0
44	616	493	494
44	617	682	683
44	618	922	923
44	619	558	559
44	620	684	685
44	621	750	751
44	622	422	423
44	623	561	562
44	624	0	0
44	625	0	0
44	626	449	450
44	627	362	363
44	628	781	782
44	629	817	818
44	630	581	582
44	631	0	0
44	632	0	0
44	633	0	0
44	634	0	0
44	635	584	585
44	636	563	564
44	637	449	450
44	638	633	634
44	639	508	509
44	640	552	553
44	641	420	421
44	642	519	520
44	643	339	340
44	644	597	598
44	645	508	509
44	646	541	542
44	647	555	556
44	648	528	529
44	649	528	529
44	650	581	582
44	651	624	625
44	652	0	0
44	653	0	0
44	654	0	0
44	655	0	0
44	656	675	676
44	657	708	709
44	658	0	0
44	659	0	0
44	660	710	711
44	661	714	715
44	662	493	494
44	663	541	542
44	664	590	591
44	665	561	562
44	666	926	927
44	667	761	762
44	668	597	598
44	669	493	494
44	670	449	450
44	671	631	632
44	672	887	888
44	673	897	898
44	674	552	553
44	675	964	965
44	676	0	0
44	677	371	372
44	678	339	340
44	679	658	659
44	680	666	667
44	681	631	632
44	682	991	992
44	683	693	694
44	684	819	820
44	685	813	814
44	686	672	673
44	687	699	700
44	688	846	847
44	689	573	574
44	690	614	615
44	691	612	613
44	692	620	621
44	693	0	0
44	694	0	0
44	695	658	659
44	696	0	0
44	697	0	0
44	698	605	606
44	699	768	769
44	700	727	728
44	701	226	227
44	702	555	556
44	703	666	667
44	704	631	632
44	705	612	613
44	706	519	520
44	707	693	694
44	708	774	775
44	709	752	753
44	710	0	0
44	711	0	0
44	712	612	613
44	713	624	625
44	714	0	0
44	715	0	0
44	716	682	683
44	717	710	711
44	718	900	901
44	719	910	911
44	720	587	588
44	721	699	700
44	722	628	629
44	723	605	606
44	724	718	719
44	725	658	659
44	726	708	709
44	727	0	0
44	728	0	0
44	729	319	730
44	730	732	733
44	731	624	625
44	732	785	786
44	733	741	742
44	734	628	629
44	735	573	574
44	736	620	621
44	737	614	615
44	738	652	653
44	739	573	574
44	740	687	688
44	741	0	0
44	742	772	773
44	743	729	744
44	744	754	755
44	745	718	719
44	746	652	653
44	747	741	742
44	748	384	385
44	749	732	733
44	750	895	896
44	751	792	793
44	752	756	757
44	753	802	803
44	754	882	883
44	755	0	0
44	756	0	0
44	757	0	0
44	758	558	559
44	759	675	676
44	760	741	742
44	761	0	0
44	762	0	0
44	763	708	709
44	764	628	629
44	765	727	728
44	766	761	762
44	767	687	688
44	768	0	0
44	769	0	0
44	770	552	553
44	771	384	385
44	772	942	943
44	773	928	929
44	774	906	907
44	775	776	777
44	776	0	0
44	777	0	0
44	778	693	694
44	779	684	685
44	780	561	562
44	781	849	850
44	782	783	784
44	783	0	0
44	784	945	946
44	785	0	0
44	786	867	868
44	787	752	753
44	788	743	789
44	789	908	909
44	790	696	697
44	791	743	789
44	792	0	0
44	793	0	0
44	794	774	775
44	795	654	655
44	796	672	673
44	797	776	777
44	798	693	694
44	799	743	789
44	800	785	786
44	801	750	751
44	802	0	0
44	803	0	0
44	804	687	688
44	805	699	700
44	806	783	784
44	807	732	733
44	808	617	618
44	809	675	676
44	810	743	789
44	811	656	657
44	812	792	793
44	813	0	0
44	814	0	0
44	815	587	588
44	816	727	728
44	817	833	834
44	818	988	989
44	819	0	0
44	820	0	0
44	821	819	820
44	822	714	715
44	823	660	661
44	824	0	0
44	825	840	841
44	826	696	697
44	827	0	0
44	828	938	939
44	829	633	634
44	830	761	762
44	831	654	655
44	832	555	556
44	833	966	967
44	834	931	932
44	835	817	818
44	836	824	825
44	837	785	786
44	838	727	728
44	839	761	762
44	840	0	0
44	841	0	0
44	842	514	515
44	843	0	0
44	844	0	0
44	845	617	618
44	846	0	0
44	847	920	921
44	848	732	733
44	849	0	0
44	850	859	860
44	851	849	850
44	852	750	751
44	853	654	655
44	854	729	744
44	855	843	844
44	856	785	786
44	857	710	711
44	858	584	585
44	859	0	0
44	860	0	0
44	861	660	661
44	862	708	709
44	863	666	667
44	864	633	634
44	865	558	559
44	866	718	719
44	867	914	915
44	868	893	894
44	869	824	825
44	870	783	784
44	871	859	860
44	872	729	744
44	873	827	828
44	874	843	844
44	875	617	618
44	876	741	742
44	877	672	673
44	878	587	588
44	879	675	676
44	880	867	868
44	881	754	755
44	882	972	973
44	883	0	0
44	884	756	757
44	885	781	782
44	886	729	744
44	887	0	0
44	888	0	0
44	889	0	0
44	890	0	0
44	891	846	847
44	892	882	883
44	893	0	0
44	894	0	0
44	895	0	0
44	896	0	0
44	897	0	0
44	898	0	0
44	899	684	685
44	900	0	0
44	901	0	0
44	902	750	751
44	903	660	661
44	904	897	898
44	905	827	828
44	906	0	0
44	907	0	0
44	908	0	0
44	909	0	0
44	910	0	0
44	911	0	0
44	912	819	820
44	913	696	697
44	914	0	0
44	915	0	0
44	916	684	685
44	917	595	596
44	918	699	700
44	919	819	820
44	920	0	0
44	921	0	0
44	922	0	0
44	923	0	0
44	924	817	818
44	925	817	818
44	926	0	0
44	927	0	0
44	928	0	0
44	929	0	0
44	930	792	793
44	931	0	0
44	932	0	0
44	933	595	596
44	934	754	755
44	935	889	890
44	936	714	715
44	937	926	927
44	938	0	0
44	939	0	0
44	940	781	782
44	941	931	932
44	942	0	0
44	943	951	952
44	944	682	683
44	945	0	0
44	946	0	0
44	947	768	769
44	948	849	850
44	949	900	901
44	950	827	828
44	951	0	0
44	952	0	0
44	953	656	657
44	954	0	0
44	955	0	0
44	956	889	890
44	957	843	844
44	958	710	711
44	959	887	888
44	960	859	860
44	961	942	943
44	962	920	921
44	963	942	943
44	964	980	981
44	965	0	0
44	966	0	0
44	967	0	0
44	968	620	621
44	969	882	883
44	970	910	911
44	971	900	901
44	972	978	979
44	973	0	0
44	974	938	939
44	975	772	773
44	976	945	946
44	977	824	825
44	978	0	0
44	979	0	0
44	980	0	0
44	981	0	0
44	982	752	753
44	983	882	883
44	984	928	929
44	985	776	777
44	986	840	841
44	987	754	755
44	988	0	0
44	989	0	0
44	990	656	657
44	991	0	0
44	992	0	0
44	993	988	989
44	994	908	909
44	995	988	989
44	996	802	803
44	997	846	847
44	998	756	757
44	999	774	775
44	1000	926	927
