35	1	0	0
35	2	1	3
35	3	0	0
35	4	1	3
35	5	2	6
35	6	11	12
35	7	2	6
35	8	2	6
35	9	5	10
35	10	14	15
35	11	0	0
35	12	0	0
35	13	5	10
35	14	19	20
35	15	16	17
35	16	0	0
35	17	0	0
35	18	14	15
35	19	0	0
35	20	0	0
35	21	5	10
35	22	2	6
35	23	5	10
35	24	9	25
35	25	0	0
35	26	14	15
35	27	11	12
35	28	24	29
35	29	0	0
35	30	24	29
35	31	9	25
35	32	14	15
35	33	1	3
35	34	28	35
35	35	39	40
35	36	19	20
35	37	34	38
35	38	43	44
35	39	0	0
35	40	0	0
35	41	24	29
35	42	28	35
35	43	0	0
35	44	0	0
35	45	24	29
35	46	16	17
35	47	43	44
35	48	34	38
35	49	37	50
35	50	0	0
