3	1	0	0
3	2	1	3
3	3	0	0
3	4	1	3
3	5	1	3
3	6	2	7
3	7	9	10
3	8	2	7
3	9	0	0
3	10	0	0
3	11	6	12
3	12	15	16
3	13	11	14
3	14	31	32
3	15	205	206
3	16	43	44
3	17	2	7
3	18	1	3
3	19	15	16
3	20	11	14
3	21	6	12
3	22	11	14
3	23	13	24
3	24	156	157
3	25	15	16
3	26	13	24
3	27	6	12
3	28	6	12
3	29	15	16
3	30	2	7
3	31	35	36
3	32	57	58
3	33	23	34
3	34	37	38
3	35	41	42
3	36	79	80
3	37	83	84
3	38	47	48
3	39	31	32
3	40	9	10
3	41	0	0
3	42	0	0
3	43	0	0
3	44	0	0
3	45	35	36
3	46	41	42
3	47	62	63
3	48	77	78
3	49	47	48
3	50	47	48
3	51	33	52
3	52	380	381
3	53	43	44
3	54	43	44
3	55	51	56
3	56	65	66
3	57	284	285
3	58	71	72
3	59	55	60
3	60	130	131
3	61	11	14
3	62	96	97
3	63	74	75
3	64	62	63
3	65	330	331
3	66	101	102
3	67	23	34
3	68	57	58
3	69	35	36
3	70	65	66
3	71	0	0
3	72	0	0
3	73	62	63
3	74	184	185
3	75	166	167
3	76	62	63
3	77	119	120
3	78	91	92
3	79	0	0
3	80	0	0
3	81	33	52
3	82	31	32
3	83	88	89
3	84	197	198
3	85	31	32
3	86	13	24
3	87	13	24
3	88	159	160
3	89	94	95
3	90	77	78
3	91	134	135
3	92	128	129
3	93	55	60
3	94	114	115
3	95	108	109
3	96	98	99
3	97	138	139
3	98	0	0
3	99	0	0
3	100	79	80
3	101	144	145
3	102	151	152
3	103	94	95
3	104	43	44
3	105	33	52
3	106	94	95
3	107	65	66
3	108	0	0
3	109	0	0
3	110	71	72
3	111	108	109
3	112	37	38
3	113	88	89
3	114	0	0
3	115	0	0
3	116	108	109
3	117	74	75
3	118	41	42
3	119	266	267
3	120	0	0
3	121	88	89
3	122	88	89
3	123	83	84
3	124	55	60
3	125	96	97
3	126	96	97
3	127	35	36
3	128	0	0
3	129	0	0
3	130	282	283
3	131	240	241
3	132	91	92
3	133	101	102
3	134	0	0
3	135	0	0
3	136	33	52
3	137	128	129
3	138	0	0
3	139	0	0
3	140	71	72
3	141	91	92
3	142	98	99
3	143	71	72
3	144	420	421
3	145	270	271
3	146	94	95
3	147	138	139
3	148	83	84
3	149	57	58
3	150	138	139
3	151	181	182
3	152	0	0
3	153	59	154
3	154	179	180
3	155	98	99
3	156	161	162
3	157	291	292
3	158	130	131
3	159	189	190
3	160	273	274
3	161	302	303
3	162	287	288
3	163	37	38
3	164	59	154
3	165	9	10
3	166	0	0
3	167	0	0
3	168	23	34
3	169	134	135
3	170	134	135
3	171	156	157
3	172	51	56
3	173	114	115
3	174	130	131
3	175	91	92
3	176	144	145
3	177	156	157
3	178	79	80
3	179	342	343
3	180	224	225
3	181	340	341
3	182	222	223
3	183	37	38
3	184	0	0
3	185	0	0
3	186	156	157
3	187	83	84
3	188	51	56
3	189	0	0
3	190	0	0
3	191	98	99
3	192	114	115
3	193	159	160
3	194	184	185
3	195	159	160
3	196	128	129
3	197	200	201
3	198	298	299
3	199	130	131
3	200	238	239
3	201	219	220
3	202	197	198
3	203	57	58
3	204	200	201
3	205	0	0
3	206	0	0
3	207	79	80
3	208	159	160
3	209	9	10
3	210	108	109
3	211	65	66
3	212	128	129
3	213	153	214
3	214	310	311
3	215	197	198
3	216	151	152
3	217	55	60
3	218	144	145
3	219	0	0
3	220	0	0
3	221	101	102
3	222	455	456
3	223	228	229
3	224	0	0
3	225	268	269
3	226	101	102
3	227	59	154
3	228	317	318
3	229	368	369
3	230	181	182
3	231	205	206
3	232	151	152
3	233	189	190
3	234	228	229
3	235	119	120
3	236	96	97
3	237	222	223
3	238	0	0
3	239	0	0
3	240	0	0
3	241	248	249
3	242	240	241
3	243	23	34
3	244	205	206
3	245	114	115
3	246	240	241
3	247	47	48
3	248	350	351
3	249	276	277
3	250	222	223
3	251	153	214
3	252	153	214
3	253	184	185
3	254	119	120
3	255	238	239
3	256	59	154
3	257	138	139
3	258	41	42
3	259	151	152
3	260	134	135
3	261	77	78
3	262	205	206
3	263	240	241
3	264	179	180
3	265	74	75
3	266	0	0
3	267	0	0
3	268	385	386
3	269	0	0
3	270	294	295
3	271	0	0
3	272	144	145
3	273	0	0
3	274	0	0
3	275	161	162
3	276	0	0
3	277	396	397
3	278	268	269
3	279	77	78
3	280	219	220
3	281	74	75
3	282	390	391
3	283	399	400
3	284	0	0
3	285	0	0
3	286	161	162
3	287	334	335
3	288	0	0
3	289	276	277
3	290	119	120
3	291	307	308
3	292	403	404
3	293	219	220
3	294	0	0
3	295	353	354
3	296	197	198
3	297	238	239
3	298	337	338
3	299	0	0
3	300	184	185
3	301	228	229
3	302	365	366
3	303	0	0
3	304	166	167
3	305	228	229
3	306	179	180
3	307	321	322
3	308	0	0
3	309	200	201
3	310	0	0
3	311	0	0
3	312	161	162
3	313	238	239
3	314	181	182
3	315	284	285
3	316	291	292
3	317	0	0
3	318	0	0
3	319	287	288
3	320	270	271
3	321	0	0
3	322	0	0
3	323	317	318
3	324	298	299
3	325	284	285
3	326	317	318
3	327	200	201
3	328	179	180
3	329	282	283
3	330	382	383
3	331	481	482
3	332	317	318
3	333	307	308
3	334	0	0
3	335	0	0
3	336	219	220
3	337	0	0
3	338	0	0
3	339	310	311
3	340	0	0
3	341	356	357
3	342	417	418
3	343	497	498
3	344	294	295
3	345	340	341
3	346	273	274
3	347	337	338
3	348	294	295
3	349	222	223
3	350	0	0
3	351	407	408
3	352	342	343
3	353	371	372
3	354	392	393
3	355	291	292
3	356	440	441
3	357	0	0
3	358	284	285
3	359	310	311
3	360	307	308
3	361	334	335
3	362	266	267
3	363	310	311
3	364	282	283
3	365	0	0
3	366	0	0
3	367	270	271
3	368	0	0
3	369	0	0
3	370	368	369
3	371	0	0
3	372	0	0
3	373	365	366
3	374	365	366
3	375	294	295
3	376	298	299
3	377	337	338
3	378	224	225
3	379	270	271
3	380	0	0
3	381	405	406
3	382	429	430
3	383	0	0
3	384	224	225
3	385	0	0
3	386	468	469
3	387	266	267
3	388	337	338
3	389	356	357
3	390	0	0
3	391	0	0
3	392	0	0
3	393	0	0
3	394	282	283
3	395	380	381
3	396	453	454
3	397	0	0
3	398	287	288
3	399	0	0
3	400	0	0
3	401	382	383
3	402	273	274
3	403	0	0
3	404	0	0
3	405	0	0
3	406	415	416
3	407	444	445
3	408	0	0
3	409	382	383
3	410	382	383
3	411	403	404
3	412	266	267
3	413	298	299
3	414	385	386
3	415	436	437
3	416	0	0
3	417	0	0
3	418	423	424
3	419	291	292
3	420	427	428
3	421	0	0
3	422	405	406
3	423	474	475
3	424	433	434
3	425	224	225
3	426	399	400
3	427	0	0
3	428	0	0
3	429	451	452
3	430	462	463
3	431	371	372
3	432	181	182
3	433	460	461
3	434	0	0
3	435	153	214
3	436	0	0
3	437	0	0
3	438	166	167
3	439	403	404
3	440	0	0
3	441	0	0
3	442	356	357
3	443	321	322
3	444	491	492
3	445	458	459
3	446	248	249
3	447	405	406
3	448	433	434
3	449	353	354
3	450	399	400
3	451	0	0
3	452	0	0
3	453	0	0
3	454	493	494
3	455	0	0
3	456	488	489
3	457	390	391
3	458	0	0
3	459	0	0
3	460	0	0
3	461	0	0
3	462	0	0
3	463	0	0
3	464	427	428
3	465	436	437
3	466	380	381
3	467	444	445
3	468	0	0
3	469	499	500
3	470	166	167
3	471	51	56
3	472	273	274
3	473	396	397
3	474	0	0
3	475	0	0
3	476	458	459
3	477	268	269
3	478	420	421
3	479	458	459
3	480	368	369
3	481	0	0
3	482	0	0
3	483	330	331
3	484	455	456
3	485	334	335
3	486	365	366
3	487	440	441
3	488	0	0
3	489	0	0
3	490	268	269
3	491	0	0
3	492	0	0
3	493	0	0
3	494	0	0
3	495	396	397
3	496	444	445
3	497	0	0
3	498	0	0
3	499	0	0
3	500	0	0
