28	1	0	0
28	2	1	3
28	3	0	0
28	4	1	3
28	5	1	3
28	6	1	3
28	7	2	8
28	8	15	16
28	9	7	10
28	10	17	18
28	11	7	10
28	12	9	13
28	13	30	31
28	14	2	8
28	15	0	0
28	16	0	0
28	17	58	59
28	18	20	21
28	19	7	10
28	20	0	0
28	21	0	0
28	22	20	21
28	23	7	10
28	24	15	16
28	25	2	8
28	26	12	27
28	27	64	65
28	28	20	21
28	29	17	18
28	30	34	35
28	31	32	33
28	32	46	47
28	33	40	41
28	34	42	43
28	35	36	37
28	36	0	0
28	37	0	0
28	38	20	21
28	39	12	27
28	40	0	0
28	41	0	0
28	42	0	0
28	43	0	0
28	44	42	43
28	45	9	13
28	46	0	0
28	47	0	0
28	48	30	31
28	49	30	31
28	50	12	27
28	51	9	13
28	52	40	41
28	53	34	35
28	54	36	37
28	55	15	16
28	56	15	16
28	57	36	37
28	58	0	0
28	59	0	0
28	60	46	47
28	61	17	18
28	62	30	31
28	63	34	35
28	64	100	101
28	65	76	77
28	66	46	47
28	67	42	43
28	68	40	41
28	69	2	8
28	70	34	35
28	71	26	72
28	72	80	81
28	73	32	33
28	74	46	47
28	75	9	13
28	76	85	86
28	77	78	79
28	78	337	338
28	79	92	93
28	80	116	117
28	81	87	88
28	82	36	37
28	83	32	33
28	84	32	33
28	85	98	99
28	86	94	95
28	87	143	144
28	88	130	131
28	89	42	43
28	90	17	18
28	91	76	77
28	92	0	0
28	93	0	0
28	94	0	0
28	95	0	0
28	96	85	86
28	97	94	95
28	98	0	0
28	99	0	0
28	100	121	122
28	101	153	154
28	102	100	101
28	103	76	77
28	104	85	86
28	105	71	106
28	106	112	113
28	107	92	93
28	108	58	59
28	109	78	79
28	110	100	101
28	111	12	27
28	112	169	170
28	113	198	199
28	114	78	79
28	115	100	101
28	116	272	273
28	117	218	219
28	118	98	99
28	119	92	93
28	120	98	99
28	121	214	215
28	122	141	142
28	123	71	106
28	124	71	106
28	125	121	122
28	126	112	113
28	127	85	86
28	128	78	79
28	129	80	81
28	130	325	326
28	131	134	135
28	132	26	72
28	133	76	77
28	134	156	157
28	135	484	485
28	136	116	117
28	137	58	59
28	138	87	88
28	139	71	106
28	140	112	113
28	141	0	0
28	142	0	0
28	143	236	237
28	144	207	208
28	145	143	144
28	146	26	72
28	147	98	99
28	148	121	122
28	149	143	144
28	150	92	93
28	151	116	117
28	152	112	113
28	153	171	172
28	154	202	203
28	155	40	41
28	156	0	0
28	157	0	0
28	158	26	72
28	159	116	117
28	160	153	154
28	161	64	65
28	162	94	95
28	163	80	81
28	164	130	131
28	165	80	81
28	166	105	167
28	167	192	193
28	168	64	65
28	169	179	180
28	170	190	191
28	171	0	0
28	172	0	0
28	173	105	167
28	174	105	167
28	175	64	65
28	176	153	154
28	177	166	178
28	178	297	298
28	179	226	227
28	180	181	182
28	181	278	279
28	182	184	185
28	183	134	135
28	184	347	348
28	185	378	379
28	186	58	59
28	187	171	172
28	188	171	172
28	189	171	172
28	190	0	0
28	191	228	229
28	192	209	210
28	193	194	195
28	194	253	254
28	195	242	243
28	196	184	185
28	197	130	131
28	198	274	275
28	199	223	224
28	200	121	122
28	201	156	157
28	202	0	0
28	203	0	0
28	204	198	199
28	205	166	178
28	206	141	142
28	207	366	367
28	208	343	344
28	209	216	217
28	210	477	478
28	211	194	195
28	212	202	203
28	213	209	210
28	214	0	0
28	215	0	0
28	216	353	354
28	217	307	308
28	218	375	376
28	219	257	258
28	220	143	144
28	221	134	135
28	222	202	203
28	223	263	264
28	224	240	241
28	225	166	178
28	226	0	0
28	227	438	439
28	228	0	0
28	229	234	235
28	230	207	208
28	231	216	217
28	232	198	199
28	233	214	215
28	234	287	288
28	235	0	0
28	236	388	389
28	237	267	268
28	238	141	142
28	239	166	178
28	240	245	246
28	241	359	360
28	242	294	295
28	243	316	317
28	244	209	210
28	245	499	500
28	246	283	284
28	247	223	224
28	248	245	246
28	249	156	157
28	250	198	199
28	251	190	191
28	252	242	243
28	253	0	0
28	254	270	271
28	255	190	191
28	256	253	254
28	257	345	346
28	258	370	371
28	259	156	157
28	260	242	243
28	261	184	185
28	262	94	95
28	263	0	0
28	264	0	0
28	265	153	154
28	266	130	131
28	267	0	0
28	268	0	0
28	269	209	210
28	270	321	322
28	271	431	432
28	272	285	286
28	273	310	311
28	274	0	0
28	275	420	421
28	276	234	235
28	277	245	246
28	278	289	290
28	279	397	398
28	280	190	191
28	281	245	246
28	282	223	224
28	283	0	0
28	284	0	0
28	285	0	0
28	286	318	319
28	287	0	0
28	288	0	0
28	289	0	0
28	290	0	0
28	291	194	195
28	292	192	193
28	293	181	182
28	294	357	358
28	295	313	314
28	296	105	167
28	297	466	467
28	298	0	0
28	299	263	264
28	300	194	195
28	301	134	135
28	302	179	180
28	303	253	254
28	304	274	275
28	305	287	288
28	306	274	275
28	307	0	0
28	308	0	0
28	309	87	88
28	310	0	0
28	311	459	460
28	312	274	275
28	313	339	340
28	314	436	437
28	315	257	258
28	316	488	489
28	317	349	350
28	318	0	0
28	319	0	0
28	320	263	264
28	321	0	0
28	322	422	423
28	323	228	229
28	324	316	317
28	325	497	498
28	326	491	492
28	327	242	243
28	328	297	298
28	329	307	308
28	330	325	326
28	331	325	326
28	332	240	241
28	333	223	224
28	334	257	258
28	335	216	217
28	336	141	142
28	337	0	0
28	338	0	0
28	339	0	0
28	340	408	409
28	341	307	308
28	342	234	235
28	343	0	0
28	344	0	0
28	345	0	0
28	346	0	0
28	347	0	0
28	348	0	0
28	349	383	384
28	350	0	0
28	351	294	295
28	352	234	235
28	353	413	414
28	354	449	450
28	355	184	185
28	356	253	254
28	357	0	0
28	358	433	434
28	359	402	403
28	360	0	0
28	361	287	288
28	362	263	264
28	363	214	215
28	364	347	348
28	365	87	88
28	366	0	0
28	367	0	0
28	368	287	288
28	369	272	273
28	370	0	0
28	371	0	0
28	372	347	348
28	373	313	314
28	374	236	237
28	375	0	0
28	376	455	456
28	377	357	358
28	378	0	0
28	379	0	0
28	380	240	241
28	381	267	268
28	382	169	170
28	383	0	0
28	384	390	391
28	385	359	360
28	386	375	376
28	387	285	286
28	388	0	0
28	389	0	0
28	390	0	0
28	391	0	0
28	392	270	271
28	393	272	273
28	394	366	367
28	395	370	371
28	396	228	229
28	397	0	0
28	398	0	0
28	399	267	268
28	400	357	358
28	401	388	389
28	402	0	0
28	403	0	0
28	404	325	326
28	405	357	358
28	406	216	217
28	407	310	311
28	408	0	0
28	409	0	0
28	410	236	237
28	411	313	314
28	412	236	237
28	413	429	430
28	414	0	0
28	415	321	322
28	416	207	208
28	417	408	409
28	418	413	414
28	419	378	379
28	420	0	0
28	421	0	0
28	422	0	0
28	423	0	0
28	424	318	319
28	425	388	389
28	426	226	227
28	427	177	428
28	428	464	465
28	429	0	0
28	430	0	0
28	431	0	0
28	432	486	487
28	433	461	462
28	434	0	0
28	435	316	317
28	436	441	442
28	437	474	475
28	438	0	0
28	439	0	0
28	440	366	367
28	441	0	0
28	442	0	0
28	443	438	439
28	444	289	290
28	445	349	350
28	446	202	203
28	447	278	279
28	448	267	268
28	449	0	0
28	450	0	0
28	451	353	354
28	452	343	344
28	453	375	376
28	454	383	384
28	455	0	0
28	456	0	0
28	457	192	193
28	458	383	384
28	459	0	0
28	460	0	0
28	461	0	0
28	462	0	0
28	463	422	423
28	464	0	0
28	465	0	0
28	466	0	0
28	467	0	0
28	468	345	346
28	469	272	273
28	470	345	346
28	471	181	182
28	472	466	467
28	473	349	350
28	474	0	0
28	475	0	0
28	476	257	258
28	477	0	0
28	478	493	494
28	479	433	434
28	480	192	193
28	481	433	434
28	482	343	344
28	483	181	182
28	484	0	0
28	485	0	0
28	486	0	0
28	487	0	0
28	488	0	0
28	489	0	0
28	490	307	308
28	491	0	0
28	492	0	0
28	493	0	0
28	494	0	0
28	495	466	467
28	496	466	467
28	497	0	0
28	498	0	0
28	499	0	0
28	500	0	0
