49	1	0	0
49	2	1	3
49	3	0	0
49	4	2	5
49	5	50	51
49	6	1	3
49	7	2	5
49	8	4	9
49	9	20	21
49	10	2	5
49	11	4	9
49	12	4	9
49	13	4	9
49	14	8	15
49	15	17	18
49	16	2	5
49	17	25	26
49	18	60	61
49	19	8	15
49	20	42	43
49	21	72	73
49	22	1	3
49	23	20	21
49	24	8	15
49	25	58	59
49	26	31	32
49	27	14	28
49	28	45	46
49	29	14	28
49	30	25	26
49	31	0	0
49	32	0	0
49	33	14	28
49	34	20	21
49	35	31	32
49	36	14	28
49	37	17	18
49	38	17	18
49	39	17	18
49	40	25	26
49	41	1	3
49	42	0	0
49	43	0	0
49	44	20	21
49	45	53	54
49	46	82	83
49	47	45	46
49	48	45	46
49	49	45	46
49	50	0	0
49	51	0	0
49	52	25	26
49	53	56	57
49	54	69	70
49	55	42	43
49	56	87	88
49	57	66	67
49	58	0	0
49	59	0	0
49	60	95	96
49	61	135	136
49	62	8	15
49	63	42	43
49	64	27	65
49	65	117	118
49	66	0	0
49	67	0	0
49	68	58	59
49	69	77	78
49	70	74	75
49	71	56	57
49	72	0	0
49	73	0	0
49	74	0	0
49	75	0	0
49	76	42	43
49	77	0	0
49	78	0	0
49	79	64	80
49	80	154	155
49	81	50	51
49	82	99	100
49	83	110	111
49	84	72	73
49	85	82	83
49	86	50	51
49	87	0	0
49	88	0	0
49	89	69	70
49	90	60	61
49	91	58	59
49	92	69	70
49	93	66	67
49	94	69	70
49	95	0	0
49	96	0	0
49	97	58	59
49	98	60	61
49	99	120	121
49	100	107	108
49	101	95	96
49	102	56	57
49	103	82	83
49	104	99	100
49	105	27	65
49	106	50	51
49	107	0	0
49	108	0	0
49	109	82	83
49	110	130	131
49	111	114	115
49	112	110	111
49	113	95	96
49	114	0	0
49	115	0	0
49	116	66	67
49	117	124	125
49	118	144	145
49	119	66	67
49	120	0	0
49	121	0	0
49	122	27	65
49	123	56	57
49	124	272	273
49	125	127	128
49	126	31	32
49	127	168	169
49	128	171	172
49	129	107	108
49	130	0	0
49	131	0	0
49	132	74	75
49	133	53	54
49	134	27	65
49	135	0	0
49	136	0	0
49	137	95	96
49	138	74	75
49	139	79	140
49	140	146	147
49	141	53	54
49	142	120	121
49	143	117	118
49	144	0	0
49	145	152	153
49	146	0	0
49	147	193	194
49	148	117	118
49	149	127	128
49	150	87	88
49	151	64	80
49	152	180	181
49	153	212	213
49	154	163	164
49	155	297	298
49	156	144	145
49	157	154	155
49	158	114	115
49	159	74	75
49	160	146	147
49	161	114	115
49	162	110	111
49	163	174	175
49	164	0	0
49	165	135	136
49	166	152	153
49	167	77	78
49	168	202	203
49	169	239	240
49	170	72	73
49	171	288	289
49	172	243	244
49	173	60	61
49	174	278	279
49	175	187	188
49	176	72	73
49	177	107	108
49	178	77	78
49	179	120	121
49	180	0	0
49	181	204	205
49	182	154	155
49	183	163	164
49	184	135	136
49	185	120	121
49	186	64	80
49	187	0	0
49	188	215	216
49	189	135	136
49	190	99	100
49	191	139	192
49	192	222	223
49	193	284	285
49	194	0	0
49	195	79	140
49	196	99	100
49	197	168	169
49	198	87	88
49	199	117	118
49	200	77	78
49	201	127	128
49	202	0	0
49	203	0	0
49	204	0	0
49	205	0	0
49	206	87	88
49	207	107	108
49	208	180	181
49	209	204	205
49	210	202	203
49	211	64	80
49	212	0	0
49	213	0	0
49	214	193	194
49	215	235	236
49	216	253	254
49	217	139	192
49	218	130	131
49	219	180	181
49	220	174	175
49	221	215	216
49	222	0	0
49	223	227	228
49	224	212	213
49	225	174	175
49	226	124	125
49	227	251	252
49	228	266	267
49	229	168	169
49	230	168	169
49	231	163	164
49	232	202	203
49	233	212	213
49	234	144	145
49	235	0	0
49	236	0	0
49	237	79	140
49	238	31	32
49	239	0	0
49	240	0	0
49	241	187	188
49	242	171	172
49	243	0	0
49	244	0	0
49	245	222	223
49	246	53	54
49	247	180	181
49	248	79	140
49	249	110	111
49	250	124	125
49	251	282	283
49	252	280	281
49	253	0	0
49	254	0	0
49	255	212	213
49	256	193	194
49	257	114	115
49	258	204	205
49	259	139	192
49	260	227	228
49	261	154	155
49	262	227	228
49	263	171	172
49	264	239	240
49	265	152	153
49	266	0	0
49	267	0	0
49	268	144	145
49	269	266	267
49	270	193	194
49	271	127	128
49	272	0	0
49	273	0	0
49	274	174	175
49	275	187	188
49	276	272	273
49	277	187	188
49	278	0	0
49	279	0	0
49	280	290	291
49	281	293	294
49	282	0	0
49	283	295	296
49	284	0	0
49	285	0	0
49	286	278	279
49	287	235	236
49	288	0	0
49	289	0	0
49	290	0	0
49	291	0	0
49	292	227	228
49	293	0	0
49	294	0	0
49	295	0	0
49	296	0	0
49	297	0	0
49	298	0	0
49	299	139	192
49	300	0	0
