36	1	0	0
36	2	1	3
36	3	0	0
36	4	1	3
36	5	1	3
36	6	2	7
36	7	13	14
36	8	1	3
36	9	6	10
36	10	26	27
36	11	2	7
36	12	2	7
36	13	0	0
36	14	0	0
36	15	13	14
36	16	6	10
36	17	2	7
36	18	13	14
36	19	6	10
36	20	9	21
36	21	0	0
36	22	13	14
36	23	20	24
36	24	30	31
36	25	6	10
36	26	114	115
36	27	35	36
36	28	26	27
36	29	20	24
36	30	54	55
36	31	44	45
36	32	26	27
36	33	30	31
36	34	30	31
36	35	0	0
36	36	0	0
36	37	23	38
36	38	69	70
36	39	23	38
36	40	35	36
36	41	9	21
36	42	20	24
36	43	23	38
36	44	85	86
36	45	64	65
36	46	37	47
36	47	50	51
36	48	44	45
36	49	44	45
36	50	97	98
36	51	0	0
36	52	46	53
36	53	61	62
36	54	90	91
36	55	77	78
36	56	50	51
36	57	30	31
36	58	54	55
36	59	37	47
36	60	26	27
36	61	101	102
36	62	81	82
36	63	44	45
36	64	66	67
36	65	173	174
36	66	0	0
36	67	0	0
36	68	23	38
36	69	103	104
36	70	73	74
36	71	64	65
36	72	37	47
36	73	87	88
36	74	182	183
36	75	9	21
36	76	64	65
36	77	180	181
36	78	135	136
36	79	9	21
36	80	64	65
36	81	146	147
36	82	185	186
36	83	46	53
36	84	61	62
36	85	0	0
36	86	0	0
36	87	0	0
36	88	143	144
36	89	73	74
36	90	177	178
36	91	95	96
36	92	77	78
36	93	77	78
36	94	90	91
36	95	0	0
36	96	0	0
36	97	0	0
36	98	116	117
36	99	73	74
36	100	85	86
36	101	129	130
36	102	0	0
36	103	122	123
36	104	133	134
36	105	69	70
36	106	77	78
36	107	73	74
36	108	90	91
36	109	85	86
36	110	95	96
36	111	46	53
36	112	50	51
36	113	66	67
36	114	0	0
36	115	0	0
36	116	125	126
36	117	192	193
36	118	85	86
36	119	81	82
36	120	20	24
36	121	50	51
36	122	155	156
36	123	167	168
36	124	46	53
36	125	0	0
36	126	138	139
36	127	114	115
36	128	125	126
36	129	0	0
36	130	194	195
36	131	66	67
36	132	90	91
36	133	150	151
36	134	164	165
36	135	0	0
36	136	0	0
36	137	54	55
36	138	0	0
36	139	159	160
36	140	125	126
36	141	61	62
36	142	122	123
36	143	0	0
36	144	0	0
36	145	35	36
36	146	0	0
36	147	0	0
36	148	133	134
36	149	81	82
36	150	196	197
36	151	0	0
36	152	54	55
36	153	52	154
36	154	0	0
36	155	0	0
36	156	157	158
36	157	0	0
36	158	0	0
36	159	0	0
36	160	0	0
36	161	101	102
36	162	35	36
36	163	125	126
36	164	0	0
36	165	0	0
36	166	61	62
36	167	170	171
36	168	0	0
36	169	116	117
36	170	0	0
36	171	0	0
36	172	95	96
36	173	0	0
36	174	0	0
36	175	164	165
36	176	97	98
36	177	0	0
36	178	0	0
36	179	143	144
36	180	0	0
36	181	0	0
36	182	0	0
36	183	0	0
36	184	66	67
36	185	190	191
36	186	0	0
36	187	180	181
36	188	103	104
36	189	146	147
36	190	0	0
36	191	0	0
36	192	0	0
36	193	0	0
36	194	0	0
36	195	0	0
36	196	0	0
36	197	0	0
36	198	155	156
36	199	135	136
36	200	164	165
