26	1	0	0
26	2	1	3
26	3	0	0
26	4	2	5
26	5	15	16
26	6	4	7
26	7	11	12
26	8	4	7
26	9	1	3
26	10	1	3
26	11	18	19
26	12	28	29
26	13	2	5
26	14	4	7
26	15	0	0
26	16	0	0
26	17	11	12
26	18	0	0
26	19	0	0
26	20	18	19
26	21	1	3
26	22	18	19
26	23	11	12
26	24	18	19
26	25	11	12
26	26	4	7
26	27	15	16
26	28	0	0
26	29	0	0
26	30	15	16
26	31	2	5
26	32	15	16
26	33	2	5
26	34	28	29
26	35	28	29
26	36	28	29
26	37	6	38
26	38	43	44
26	39	6	38
26	40	6	38
26	41	37	42
26	42	45	46
26	43	47	48
26	44	0	0
26	45	0	0
26	46	0	0
26	47	49	50
26	48	0	0
26	49	0	0
26	50	0	0
