44	1	0	0
44	2	1	3
44	3	0	0
44	4	1	3
44	5	1	3
44	6	1	3
44	7	2	8
44	8	12	13
44	9	7	10
44	10	22	23
44	11	7	10
44	12	0	0
44	13	0	0
44	14	12	13
44	15	7	10
44	16	7	10
44	17	2	8
44	18	2	8
44	19	2	8
44	20	12	13
44	21	12	13
44	22	25	26
44	23	31	32
44	24	22	23
44	25	0	0
44	26	0	0
44	27	25	26
44	28	9	29
44	29	34	35
44	30	22	23
44	31	0	0
44	32	0	0
44	33	9	29
44	34	47	48
44	35	0	0
44	36	9	29
44	37	25	26
44	38	34	35
44	39	31	32
44	40	31	32
44	41	34	35
44	42	9	29
44	43	34	35
44	44	31	32
44	45	28	46
44	46	0	0
44	47	49	50
44	48	0	0
44	49	0	0
44	50	0	0
