31	1	0	0
31	2	1	3
31	3	0	0
31	4	2	5
31	5	12	13
31	6	4	7
31	7	20	21
31	8	2	5
31	9	6	10
31	10	32	33
31	11	2	5
31	12	0	0
31	13	0	0
31	14	6	10
31	15	6	10
31	16	6	10
31	17	12	13
31	18	4	7
31	19	12	13
31	20	26	27
31	21	23	24
31	22	4	7
31	23	0	0
31	24	0	0
31	25	1	3
31	26	0	0
31	27	0	0
31	28	12	13
31	29	20	21
31	30	2	5
31	31	26	27
31	32	34	35
31	33	44	45
31	34	56	57
31	35	39	40
31	36	32	33
31	37	32	33
31	38	1	3
31	39	0	0
31	40	0	0
31	41	4	7
31	42	20	21
31	43	1	3
31	44	178	179
31	45	49	50
31	46	34	35
31	47	34	35
31	48	32	33
31	49	0	0
31	50	0	0
31	51	23	24
31	52	44	45
31	53	20	21
31	54	44	45
31	55	26	27
31	56	0	0
31	57	0	0
31	58	34	35
31	59	23	24
31	60	9	61
31	61	65	66
31	62	49	50
31	63	56	57
31	64	49	50
31	65	74	75
31	66	96	97
31	67	49	50
31	68	60	69
31	69	98	99
31	70	56	57
31	71	56	57
31	72	60	69
31	73	23	24
31	74	81	82
31	75	88	89
31	76	74	75
31	77	60	69
31	78	44	45
31	79	26	27
31	80	65	66
31	81	86	87
31	82	104	105
31	83	60	69
31	84	65	66
31	85	39	40
31	86	0	0
31	87	0	0
31	88	91	92
31	89	111	112
31	90	39	40
31	91	0	0
31	92	0	0
31	93	9	61
31	94	88	89
31	95	81	82
31	96	132	133
31	97	116	117
31	98	108	109
31	99	123	124
31	100	98	99
31	101	86	87
31	102	96	97
31	103	96	97
31	104	0	0
31	105	0	0
31	106	9	61
31	107	98	99
31	108	345	346
31	109	176	177
31	110	86	87
31	111	0	0
31	112	0	0
31	113	86	87
31	114	81	82
31	115	111	112
31	116	0	0
31	117	154	155
31	118	88	89
31	119	74	75
31	120	74	75
31	121	91	92
31	122	111	112
31	123	286	287
31	124	134	135
31	125	108	109
31	126	96	97
31	127	111	112
31	128	123	124
31	129	39	40
31	130	108	109
31	131	81	82
31	132	136	137
31	133	138	139
31	134	147	148
31	135	191	192
31	136	0	0
31	137	0	0
31	138	0	0
31	139	0	0
31	140	98	99
31	141	65	66
31	142	138	139
31	143	134	135
31	144	68	145
31	145	206	207
31	146	123	124
31	147	161	162
31	148	163	164
31	149	91	92
31	150	132	133
31	151	104	105
31	152	88	89
31	153	91	92
31	154	0	0
31	155	0	0
31	156	108	109
31	157	144	158
31	158	243	244
31	159	68	145
31	160	154	155
31	161	0	0
31	162	0	0
31	163	0	0
31	164	0	0
31	165	161	162
31	166	154	155
31	167	163	164
31	168	104	105
31	169	136	137
31	170	104	105
31	171	134	135
31	172	163	164
31	173	144	158
31	174	116	117
31	175	68	145
31	176	196	197
31	177	279	280
31	178	0	0
31	179	0	0
31	180	116	117
31	181	134	135
31	182	163	164
31	183	176	177
31	184	68	145
31	185	147	148
31	186	136	137
31	187	132	133
31	188	123	124
31	189	176	177
31	190	161	162
31	191	216	217
31	192	212	213
31	193	157	194
31	194	209	210
31	195	191	192
31	196	229	230
31	197	202	203
31	198	196	197
31	199	196	197
31	200	144	158
31	201	136	137
31	202	0	0
31	203	0	0
31	204	178	179
31	205	116	117
31	206	300	301
31	207	292	293
31	208	191	192
31	209	233	234
31	210	225	226
31	211	176	177
31	212	0	0
31	213	0	0
31	214	193	215
31	215	0	0
31	216	0	0
31	217	0	0
31	218	214	219
31	219	383	384
31	220	191	192
31	221	161	162
31	222	216	217
31	223	218	224
31	224	281	282
31	225	302	303
31	226	241	242
31	227	193	215
31	228	144	158
31	229	0	0
31	230	0	0
31	231	212	213
31	232	214	219
31	233	239	240
31	234	0	0
31	235	193	215
31	236	218	224
31	237	233	234
31	238	202	203
31	239	462	463
31	240	248	249
31	241	289	290
31	242	318	319
31	243	257	258
31	244	283	284
31	245	241	242
31	246	132	133
31	247	147	148
31	248	356	357
31	249	0	0
31	250	248	249
31	251	154	155
31	252	216	217
31	253	243	244
31	254	239	240
31	255	214	219
31	256	209	210
31	257	310	311
31	258	260	261
31	259	214	219
31	260	276	277
31	261	0	0
31	262	223	263
31	263	0	0
31	264	262	265
31	265	298	299
31	266	241	242
31	267	229	230
31	268	9	61
31	269	138	139
31	270	193	215
31	271	202	203
31	272	260	261
31	273	243	244
31	274	239	240
31	275	202	203
31	276	418	419
31	277	422	423
31	278	233	234
31	279	480	481
31	280	0	0
31	281	343	344
31	282	486	487
31	283	0	0
31	284	0	0
31	285	209	210
31	286	395	396
31	287	313	314
31	288	225	226
31	289	296	297
31	290	0	0
31	291	138	139
31	292	0	0
31	293	369	370
31	294	257	258
31	295	233	234
31	296	424	425
31	297	348	349
31	298	329	330
31	299	407	408
31	300	326	327
31	301	316	317
31	302	358	359
31	303	465	466
31	304	218	224
31	305	239	240
31	306	157	194
31	307	298	299
31	308	178	179
31	309	298	299
31	310	0	0
31	311	0	0
31	312	292	293
31	313	482	483
31	314	338	339
31	315	157	194
31	316	373	374
31	317	447	448
31	318	378	379
31	319	341	342
31	320	260	261
31	321	248	249
31	322	276	277
31	323	218	224
31	324	223	263
31	325	257	258
31	326	334	335
31	327	350	351
31	328	296	297
31	329	0	0
31	330	402	403
31	331	313	314
31	332	212	213
31	333	178	179
31	334	0	0
31	335	0	0
31	336	248	249
31	337	216	217
31	338	0	0
31	339	0	0
31	340	296	297
31	341	399	400
31	342	354	355
31	343	352	353
31	344	375	376
31	345	0	0
31	346	405	406
31	347	318	319
31	348	0	0
31	349	0	0
31	350	453	454
31	351	381	382
31	352	385	386
31	353	426	427
31	354	434	435
31	355	392	393
31	356	0	0
31	357	0	0
31	358	429	430
31	359	0	0
31	360	147	148
31	361	338	339
31	362	350	351
31	363	298	299
31	364	212	213
31	365	257	258
31	366	241	242
31	367	348	349
31	368	302	303
31	369	0	0
31	370	0	0
31	371	354	355
31	372	157	194
31	373	0	0
31	374	410	411
31	375	445	446
31	376	0	0
31	377	296	297
31	378	0	0
31	379	0	0
31	380	373	374
31	381	0	0
31	382	0	0
31	383	397	398
31	384	0	0
31	385	0	0
31	386	0	0
31	387	369	370
31	388	326	327
31	389	225	226
31	390	260	261
31	391	302	303
31	392	0	0
31	393	0	0
31	394	279	280
31	395	478	479
31	396	415	416
31	397	0	0
31	398	436	437
31	399	0	0
31	400	0	0
31	401	300	301
31	402	0	0
31	403	0	0
31	404	196	197
31	405	0	0
31	406	0	0
31	407	0	0
31	408	0	0
31	409	334	335
31	410	0	0
31	411	0	0
31	412	326	327
31	413	385	386
31	414	383	384
31	415	0	0
31	416	0	0
31	417	354	355
31	418	0	0
31	419	0	0
31	420	356	357
31	421	395	396
31	422	439	440
31	423	0	0
31	424	0	0
31	425	0	0
31	426	499	500
31	427	0	0
31	428	302	303
31	429	0	0
31	430	0	0
31	431	348	349
31	432	338	339
31	433	429	430
31	434	0	0
31	435	469	470
31	436	492	493
31	437	0	0
31	438	281	282
31	439	0	0
31	440	494	495
31	441	345	346
31	442	300	301
31	443	410	411
31	444	434	435
31	445	455	456
31	446	0	0
31	447	0	0
31	448	449	450
31	449	0	0
31	450	0	0
31	451	289	290
31	452	385	386
31	453	0	0
31	454	0	0
31	455	490	491
31	456	474	475
31	457	310	311
31	458	354	355
31	459	424	425
31	460	449	450
31	461	415	416
31	462	0	0
31	463	0	0
31	464	399	400
31	465	0	0
31	466	484	485
31	467	352	353
31	468	426	427
31	469	0	0
31	470	0	0
31	471	447	448
31	472	465	466
31	473	289	290
31	474	0	0
31	475	0	0
31	476	392	393
31	477	262	265
31	478	0	0
31	479	0	0
31	480	0	0
31	481	0	0
31	482	0	0
31	483	0	0
31	484	0	0
31	485	0	0
31	486	0	0
31	487	0	0
31	488	439	440
31	489	395	396
31	490	0	0
31	491	0	0
31	492	0	0
31	493	0	0
31	494	0	0
31	495	0	0
31	496	415	416
31	497	276	277
31	498	286	287
31	499	0	0
31	500	0	0
