32	1	0	0
32	2	1	3
32	3	0	0
32	4	2	5
32	5	6	7
32	6	0	0
32	7	0	0
32	8	6	7
32	9	2	5
32	10	2	5
32	11	1	3
32	12	6	7
32	13	2	5
32	14	1	3
32	15	1	3
32	16	6	7
32	17	4	18
32	18	31	32
32	19	17	20
32	20	21	22
32	21	24	25
32	22	59	60
32	23	17	20
32	24	90	91
32	25	27	28
32	26	4	18
32	27	0	0
32	28	0	0
32	29	27	28
32	30	4	18
32	31	35	36
32	32	48	49
32	33	31	32
32	34	21	22
32	35	0	0
32	36	0	0
32	37	17	20
32	38	4	18
32	39	17	20
32	40	31	32
32	41	21	22
32	42	35	36
32	43	24	25
32	44	27	28
32	45	35	36
32	46	24	25
32	47	27	28
32	48	0	0
32	49	0	0
32	50	48	49
32	51	19	52
32	52	56	57
32	53	21	22
32	54	24	25
32	55	35	36
32	56	88	89
32	57	68	69
32	58	19	52
32	59	63	64
32	60	61	62
32	61	0	0
32	62	0	0
32	63	0	0
32	64	0	0
32	65	59	60
32	66	63	64
32	67	63	64
32	68	110	111
32	69	78	79
32	70	63	64
32	71	19	52
32	72	48	49
32	73	59	60
32	74	68	69
32	75	19	52
32	76	56	57
32	77	68	69
32	78	86	87
32	79	83	84
32	80	59	60
32	81	78	79
32	82	56	57
32	83	0	0
32	84	0	0
32	85	56	57
32	86	0	0
32	87	0	0
32	88	105	106
32	89	118	119
32	90	0	0
32	91	0	0
32	92	88	89
32	93	31	32
32	94	48	49
32	95	68	69
32	96	86	87
32	97	88	89
32	98	61	62
32	99	90	91
32	100	78	79
32	101	88	89
32	102	90	91
32	103	83	84
32	104	78	79
32	105	156	157
32	106	148	149
32	107	51	108
32	108	185	186
32	109	86	87
32	110	114	115
32	111	144	145
32	112	90	91
32	113	110	111
32	114	0	0
32	115	0	0
32	116	51	108
32	117	86	87
32	118	132	133
32	119	256	257
32	120	83	84
32	121	118	119
32	122	105	106
32	123	118	119
32	124	83	84
32	125	105	106
32	126	114	115
32	127	107	128
32	128	134	135
32	129	118	119
32	130	51	108
32	131	114	115
32	132	0	0
32	133	0	0
32	134	140	141
32	135	180	181
32	136	110	111
32	137	51	108
32	138	114	115
32	139	61	62
32	140	161	162
32	141	152	153
32	142	127	143
32	143	172	173
32	144	0	0
32	145	0	0
32	146	132	133
32	147	110	111
32	148	0	0
32	149	0	0
32	150	148	149
32	151	134	135
32	152	210	211
32	153	194	195
32	154	148	149
32	155	144	145
32	156	0	0
32	157	0	0
32	158	105	106
32	159	148	149
32	160	127	143
32	161	216	217
32	162	191	192
32	163	152	153
32	164	140	141
32	165	107	128
32	166	161	162
32	167	161	162
32	168	152	153
32	169	142	170
32	170	242	243
32	171	161	162
32	172	177	178
32	173	182	183
32	174	140	141
32	175	152	153
32	176	142	170
32	177	235	236
32	178	536	537
32	179	107	128
32	180	214	215
32	181	219	220
32	182	224	225
32	183	474	475
32	184	127	143
32	185	0	0
32	186	452	453
32	187	177	178
32	188	180	181
32	189	107	128
32	190	132	133
32	191	269	270
32	192	273	274
32	193	185	186
32	194	208	209
32	195	201	202
32	196	182	183
32	197	169	198
32	198	250	251
32	199	172	173
32	200	156	157
32	201	372	373
32	202	307	308
32	203	134	135
32	204	191	192
32	205	156	157
32	206	134	135
32	207	177	178
32	208	248	249
32	209	653	654
32	210	0	0
32	211	238	239
32	212	140	141
32	213	210	211
32	214	265	266
32	215	222	223
32	216	429	430
32	217	278	279
32	218	194	195
32	219	591	592
32	220	297	298
32	221	61	62
32	222	427	428
32	223	240	241
32	224	788	789
32	225	244	245
32	226	191	192
32	227	201	202
32	228	144	145
32	229	191	192
32	230	197	231
32	231	280	281
32	232	201	202
32	233	172	173
32	234	142	170
32	235	344	345
32	236	469	470
32	237	210	211
32	238	317	318
32	239	314	315
32	240	414	415
32	241	450	451
32	242	309	310
32	243	326	327
32	244	643	644
32	245	359	360
32	246	208	209
32	247	197	231
32	248	0	0
32	249	0	0
32	250	262	263
32	251	516	517
32	252	208	209
32	253	224	225
32	254	240	241
32	255	180	181
32	256	0	0
32	257	0	0
32	258	210	211
32	259	132	133
32	260	180	181
32	261	235	236
32	262	364	365
32	263	284	285
32	264	216	217
32	265	362	363
32	266	759	760
32	267	250	251
32	268	208	209
32	269	356	357
32	270	438	439
32	271	201	202
32	272	238	239
32	273	275	276
32	274	320	321
32	275	0	0
32	276	0	0
32	277	185	186
32	278	290	291
32	279	294	295
32	280	630	631
32	281	560	561
32	282	185	186
32	283	214	215
32	284	0	0
32	285	717	718
32	286	256	257
32	287	269	270
32	288	127	143
32	289	235	236
32	290	0	0
32	291	0	0
32	292	224	225
32	293	142	170
32	294	0	0
32	295	0	0
32	296	294	295
32	297	483	484
32	298	690	691
32	299	278	279
32	300	197	231
32	301	216	217
32	302	244	245
32	303	290	291
32	304	273	274
32	305	290	291
32	306	194	195
32	307	0	0
32	308	0	0
32	309	664	665
32	310	350	351
32	311	297	298
32	312	269	270
32	313	275	276
32	314	0	0
32	315	0	0
32	316	238	239
32	317	0	0
32	318	0	0
32	319	242	243
32	320	0	0
32	321	0	0
32	322	240	241
32	323	320	321
32	324	242	243
32	325	284	285
32	326	352	353
32	327	423	424
32	328	275	276
32	329	248	249
32	330	317	318
32	331	194	195
32	332	309	310
32	333	224	225
32	334	222	223
32	335	317	318
32	336	307	308
32	337	169	198
32	338	214	215
32	339	265	266
32	340	250	251
32	341	307	308
32	342	216	217
32	343	265	266
32	344	956	957
32	345	431	432
32	346	294	295
32	347	284	285
32	348	326	327
32	349	269	270
32	350	420	421
32	351	405	406
32	352	549	550
32	353	384	385
32	354	297	298
32	355	307	308
32	356	0	0
32	357	0	0
32	358	280	281
32	359	369	370
32	360	388	389
32	361	317	318
32	362	471	472
32	363	601	602
32	364	0	0
32	365	467	468
32	366	273	274
32	367	182	183
32	368	242	243
32	369	0	0
32	370	501	502
32	371	248	249
32	372	0	0
32	373	0	0
32	374	369	370
32	375	290	291
32	376	284	285
32	377	359	360
32	378	222	223
32	379	256	257
32	380	309	310
32	381	244	245
32	382	278	279
32	383	265	266
32	384	391	392
32	385	693	694
32	386	362	363
32	387	248	249
32	388	0	0
32	389	540	541
32	390	364	365
32	391	407	408
32	392	396	397
32	393	222	223
32	394	320	321
32	395	244	245
32	396	0	0
32	397	476	477
32	398	262	263
32	399	359	360
32	400	156	157
32	401	384	385
32	402	262	263
32	403	391	392
32	404	219	220
32	405	836	837
32	406	445	446
32	407	489	490
32	408	641	642
32	409	314	315
32	410	278	279
32	411	197	231
32	412	294	295
32	413	172	173
32	414	0	0
32	415	0	0
32	416	314	315
32	417	214	215
32	418	219	220
32	419	414	415
32	420	669	670
32	421	454	455
32	422	396	397
32	423	434	435
32	424	456	457
32	425	219	220
32	426	250	251
32	427	0	0
32	428	0	0
32	429	531	532
32	430	715	716
32	431	575	576
32	432	580	581
32	433	362	363
32	434	504	505
32	435	508	509
32	436	434	435
32	437	309	310
32	438	0	0
32	439	0	0
32	440	240	241
32	441	369	370
32	442	262	263
32	443	423	424
32	444	362	363
32	445	458	459
32	446	556	557
32	447	434	435
32	448	280	281
32	449	407	408
32	450	0	0
32	451	0	0
32	452	499	500
32	453	881	882
32	454	0	0
32	455	0	0
32	456	485	486
32	457	461	462
32	458	463	464
32	459	596	597
32	460	454	455
32	461	513	514
32	462	0	0
32	463	638	639
32	464	465	466
32	465	0	0
32	466	0	0
32	467	526	527
32	468	552	553
32	469	0	0
32	470	635	636
32	471	0	0
32	472	0	0
32	473	467	468
32	474	554	555
32	475	523	524
32	476	936	937
32	477	565	566
32	478	445	446
32	479	476	477
32	480	320	321
32	481	388	389
32	482	297	298
32	483	0	0
32	484	826	827
32	485	712	713
32	486	510	511
32	487	350	351
32	488	356	357
32	489	859	860
32	490	734	735
32	491	273	274
32	492	344	345
32	493	405	406
32	494	456	457
32	495	235	236
32	496	438	439
32	497	364	365
32	498	431	432
32	499	623	624
32	500	585	586
32	501	0	0
32	502	0	0
32	503	405	406
32	504	991	992
32	505	506	507
32	506	0	0
32	507	618	619
32	508	0	0
32	509	0	0
32	510	738	739
32	511	720	721
32	512	504	505
32	513	568	569
32	514	558	559
32	515	326	327
32	516	659	660
32	517	900	901
32	518	485	486
32	519	445	446
32	520	280	281
32	521	423	424
32	522	485	486
32	523	981	982
32	524	924	925
32	525	384	385
32	526	0	0
32	527	547	548
32	528	420	421
32	529	350	351
32	530	461	462
32	531	0	0
32	532	0	0
32	533	454	455
32	534	427	428
32	535	429	430
32	536	655	656
32	537	940	941
32	538	364	365
32	539	414	415
32	540	0	0
32	541	0	0
32	542	350	351
32	543	510	511
32	544	407	408
32	545	431	432
32	546	469	470
32	547	812	813
32	548	736	737
32	549	898	899
32	550	573	574
32	551	177	178
32	552	0	0
32	553	756	757
32	554	0	0
32	555	570	571
32	556	562	563
32	557	0	0
32	558	879	880
32	559	0	0
32	560	798	799
32	561	645	646
32	562	0	0
32	563	0	0
32	564	560	561
32	565	0	0
32	566	0	0
32	567	469	470
32	568	806	807
32	569	0	0
32	570	926	927
32	571	657	658
32	572	526	527
32	573	801	802
32	574	0	0
32	575	0	0
32	576	999	1000
32	577	552	553
32	578	501	502
32	579	458	459
32	580	0	0
32	581	583	584
32	582	573	574
32	583	0	0
32	584	0	0
32	585	0	0
32	586	588	589
32	587	554	555
32	588	0	0
32	589	0	0
32	590	474	475
32	591	902	903
32	592	0	0
32	593	531	532
32	594	536	537
32	595	513	514
32	596	0	0
32	597	685	686
32	598	485	486
32	599	471	472
32	600	547	548
32	601	0	0
32	602	0	0
32	603	256	257
32	604	554	555
32	605	314	315
32	606	356	357
32	607	596	597
32	608	391	392
32	609	169	198
32	610	506	507
32	611	504	505
32	612	431	432
32	613	580	581
32	614	504	505
32	615	547	548
32	616	547	548
32	617	407	408
32	618	707	708
32	619	780	781
32	620	359	360
32	621	618	619
32	622	499	500
32	623	740	741
32	624	0	0
32	625	396	397
32	626	391	392
32	627	585	586
32	628	438	439
32	629	570	571
32	630	0	0
32	631	672	673
32	632	499	500
32	633	384	385
32	634	463	464
32	635	662	663
32	636	0	0
32	637	618	619
32	638	0	0
32	639	0	0
32	640	169	198
32	641	0	0
32	642	864	865
32	643	753	754
32	644	764	765
32	645	830	831
32	646	667	668
32	647	420	421
32	648	583	584
32	649	513	514
32	650	344	345
32	651	230	652
32	652	0	0
32	653	0	0
32	654	0	0
32	655	0	0
32	656	0	0
32	657	985	986
32	658	0	0
32	659	0	0
32	660	890	891
32	661	344	345
32	662	745	746
32	663	922	923
32	664	928	929
32	665	947	948
32	666	558	559
32	667	0	0
32	668	676	677
32	669	993	994
32	670	0	0
32	671	326	327
32	672	695	696
32	673	0	0
32	674	635	636
32	675	388	389
32	676	700	701
32	677	0	0
32	678	454	455
32	679	601	602
32	680	556	557
32	681	372	373
32	682	230	652
32	683	657	658
32	684	575	576
32	685	0	0
32	686	0	0
32	687	372	373
32	688	461	462
32	689	352	353
32	690	761	762
32	691	817	818
32	692	638	639
32	693	0	0
32	694	775	776
32	695	0	0
32	696	0	0
32	697	388	389
32	698	445	446
32	699	638	639
32	700	0	0
32	701	0	0
32	702	641	642
32	703	676	677
32	704	461	462
32	705	643	644
32	706	664	665
32	707	0	0
32	708	0	0
32	709	450	451
32	710	568	569
32	711	467	468
32	712	0	0
32	713	0	0
32	714	659	660
32	715	0	0
32	716	0	0
32	717	875	876
32	718	796	797
32	719	568	569
32	720	0	0
32	721	850	851
32	722	623	624
32	723	536	537
32	724	501	502
32	725	575	576
32	726	645	646
32	727	356	357
32	728	601	602
32	729	516	517
32	730	573	574
32	731	662	663
32	732	372	373
32	733	653	654
32	734	0	0
32	735	0	0
32	736	782	783
32	737	0	0
32	738	751	752
32	739	0	0
32	740	0	0
32	741	0	0
32	742	467	468
32	743	423	424
32	744	585	586
32	745	0	0
32	746	0	0
32	747	630	631
32	748	456	457
32	749	591	592
32	750	469	470
32	751	0	0
32	752	0	0
32	753	852	853
32	754	0	0
32	755	506	507
32	756	0	0
32	757	794	795
32	758	516	517
32	759	951	952
32	760	0	0
32	761	0	0
32	762	0	0
32	763	601	602
32	764	767	768
32	765	771	772
32	766	751	752
32	767	0	0
32	768	0	0
32	769	664	665
32	770	565	566
32	771	0	0
32	772	0	0
32	773	591	592
32	774	672	673
32	775	877	878
32	776	0	0
32	777	669	670
32	778	438	439
32	779	465	466
32	780	0	0
32	781	0	0
32	782	786	787
32	783	919	920
32	784	655	656
32	785	369	370
32	786	0	0
32	787	0	0
32	788	823	824
32	789	848	849
32	790	736	737
32	791	558	559
32	792	474	475
32	793	767	768
32	794	915	916
32	795	856	857
32	796	978	979
32	797	842	843
32	798	0	0
32	799	0	0
32	800	782	783
32	801	839	840
32	802	893	894
32	803	801	802
32	804	745	746
32	805	552	553
32	806	0	0
32	807	0	0
32	808	796	797
32	809	558	559
32	810	570	571
32	811	434	435
32	812	962	963
32	813	0	0
32	814	798	799
32	815	812	813
32	816	653	654
32	817	0	0
32	818	0	0
32	819	700	701
32	820	396	397
32	821	526	527
32	822	751	752
32	823	0	0
32	824	0	0
32	825	540	541
32	826	0	0
32	827	0	0
32	828	429	430
32	829	458	459
32	830	942	943
32	831	0	0
32	832	583	584
32	833	182	183
32	834	238	239
32	835	427	428
32	836	0	0
32	837	0	0
32	838	786	787
32	839	844	845
32	840	0	0
32	841	826	827
32	842	0	0
32	843	908	909
32	844	0	0
32	845	0	0
32	846	144	145
32	847	794	795
32	848	0	0
32	849	0	0
32	850	0	0
32	851	0	0
32	852	0	0
32	853	0	0
32	854	751	752
32	855	693	694
32	856	959	960
32	857	0	0
32	858	552	553
32	859	0	0
32	860	0	0
32	861	836	837
32	862	630	631
32	863	568	569
32	864	0	0
32	865	0	0
32	866	786	787
32	867	452	453
32	868	796	797
32	869	764	765
32	870	352	353
32	871	618	619
32	872	565	566
32	873	580	581
32	874	695	696
32	875	983	984
32	876	0	0
32	877	0	0
32	878	0	0
32	879	0	0
32	880	0	0
32	881	968	969
32	882	0	0
32	883	852	853
32	884	801	802
32	885	536	537
32	886	753	754
32	887	596	597
32	888	761	762
32	889	761	762
32	890	0	0
32	891	0	0
32	892	562	563
32	893	0	0
32	894	0	0
32	895	753	754
32	896	591	592
32	897	844	845
32	898	0	0
32	899	0	0
32	900	0	0
32	901	0	0
32	902	0	0
32	903	0	0
32	904	848	849
32	905	499	500
32	906	801	802
32	907	717	718
32	908	0	0
32	909	0	0
32	910	531	532
32	911	429	430
32	912	794	795
32	913	693	694
32	914	712	713
32	915	0	0
32	916	0	0
32	917	653	654
32	918	908	909
32	919	0	0
32	920	0	0
32	921	596	597
32	922	0	0
32	923	0	0
32	924	931	932
32	925	0	0
32	926	0	0
32	927	0	0
32	928	0	0
32	929	0	0
32	930	753	754
32	931	0	0
32	932	0	0
32	933	474	475
32	934	450	451
32	935	672	673
32	936	0	0
32	937	0	0
32	938	588	589
32	939	476	477
32	940	0	0
32	941	996	997
32	942	0	0
32	943	0	0
32	944	667	668
32	945	676	677
32	946	516	517
32	947	0	0
32	948	987	988
32	949	947	948
32	950	471	472
32	951	0	0
32	952	0	0
32	953	836	837
32	954	405	406
32	955	667	668
32	956	0	0
32	957	0	0
32	958	900	901
32	959	0	0
32	960	0	0
32	961	501	502
32	962	0	0
32	963	0	0
32	964	771	772
32	965	352	353
32	966	740	741
32	967	850	851
32	968	0	0
32	969	0	0
32	970	465	466
32	971	275	276
32	972	942	943
32	973	651	974
32	974	0	0
32	975	580	581
32	976	540	541
32	977	414	415
32	978	0	0
32	979	0	0
32	980	667	668
32	981	0	0
32	982	0	0
32	983	0	0
32	984	0	0
32	985	0	0
32	986	0	0
32	987	0	0
32	988	0	0
32	989	562	563
32	990	630	631
32	991	0	0
32	992	0	0
32	993	0	0
32	994	0	0
32	995	991	992
32	996	0	0
32	997	0	0
32	998	707	708
32	999	0	0
32	1000	0	0
