12	1	0	0
12	2	1	3
12	3	0	0
12	4	1	3
12	5	1	3
12	6	2	7
12	7	9	10
12	8	2	7
12	9	0	0
12	10	0	0
12	11	2	7
12	12	9	10
12	13	2	7
12	14	9	10
12	15	9	10
12	16	1	3
12	17	6	18
12	18	25	26
12	19	17	20
12	20	23	24
12	21	17	20
12	22	17	20
12	23	45	46
12	24	33	34
12	25	35	36
12	26	0	0
12	27	17	20
12	28	19	29
12	29	0	0
12	30	6	18
12	31	25	26
12	32	23	24
12	33	0	0
12	34	0	0
12	35	0	0
12	36	0	0
12	37	19	29
12	38	6	18
12	39	19	29
12	40	28	41
12	41	0	0
12	42	19	29
12	43	40	44
12	44	48	49
12	45	0	0
12	46	0	0
12	47	6	18
12	48	0	0
12	49	0	0
12	50	28	41
