9	1	0	0
9	2	1	3
9	3	0	0
9	4	1	3
9	5	1	3
9	6	1	3
9	7	2	8
9	8	16	17
9	9	2	8
9	10	7	11
9	11	14	15
9	12	7	11
9	13	7	11
9	14	28	29
9	15	22	23
9	16	0	0
9	17	0	0
9	18	2	8
9	19	7	11
9	20	16	17
9	21	14	15
9	22	0	0
9	23	0	0
9	24	10	25
9	25	31	32
9	26	16	17
9	27	2	8
9	28	0	0
9	29	0	0
9	30	16	17
9	31	37	38
9	32	34	35
9	33	22	23
9	34	47	48
9	35	68	69
9	36	14	15
9	37	51	52
9	38	116	117
9	39	34	35
9	40	37	38
9	41	34	35
9	42	14	15
9	43	37	38
9	44	10	25
9	45	22	23
9	46	10	25
9	47	0	0
9	48	0	0
9	49	24	50
9	50	84	85
9	51	0	0
9	52	0	0
9	53	22	23
9	54	28	29
9	55	31	32
9	56	24	50
9	57	24	50
9	58	24	50
9	59	28	29
9	60	31	32
9	61	37	38
9	62	31	32
9	63	10	25
9	64	51	52
9	65	51	52
9	66	28	29
9	67	47	48
9	68	0	0
9	69	0	0
9	70	34	35
9	71	47	48
9	72	49	73
9	73	76	77
9	74	47	48
9	75	51	52
9	76	134	135
9	77	79	80
9	78	49	73
9	79	82	83
9	80	89	90
9	81	76	77
9	82	0	0
9	83	86	87
9	84	91	92
9	85	0	0
9	86	110	111
9	87	142	143
9	88	86	87
9	89	120	121
9	90	237	238
9	91	96	97
9	92	126	127
9	93	86	87
9	94	72	95
9	95	102	103
9	96	182	183
9	97	108	109
9	98	76	77
9	99	96	97
9	100	96	97
9	101	68	69
9	102	158	159
9	103	156	157
9	104	79	80
9	105	84	85
9	106	94	107
9	107	123	124
9	108	0	0
9	109	0	0
9	110	0	0
9	111	0	0
9	112	79	80
9	113	94	107
9	114	89	90
9	115	68	69
9	116	0	0
9	117	0	0
9	118	108	109
9	119	49	73
9	120	144	145
9	121	204	205
9	122	76	77
9	123	224	225
9	124	131	132
9	125	96	97
9	126	0	0
9	127	272	273
9	128	91	92
9	129	102	103
9	130	91	92
9	131	138	139
9	132	140	141
9	133	123	124
9	134	194	195
9	135	0	0
9	136	94	107
9	137	102	103
9	138	0	0
9	139	0	0
9	140	199	200
9	141	169	170
9	142	0	0
9	143	0	0
9	144	0	0
9	145	0	0
9	146	68	69
9	147	72	95
9	148	108	109
9	149	49	73
9	150	79	80
9	151	110	111
9	152	94	107
9	153	102	103
9	154	91	92
9	155	108	109
9	156	171	172
9	157	239	240
9	158	162	163
9	159	270	271
9	160	126	127
9	161	134	135
9	162	173	174
9	163	167	168
9	164	142	143
9	165	134	135
9	166	86	87
9	167	247	248
9	168	211	212
9	169	209	210
9	170	180	181
9	171	177	178
9	172	0	0
9	173	0	0
9	174	221	222
9	175	171	172
9	176	84	85
9	177	235	236
9	178	296	297
9	179	169	170
9	180	227	228
9	181	184	185
9	182	0	0
9	183	0	0
9	184	186	187
9	185	0	0
9	186	0	0
9	187	0	0
9	188	123	124
9	189	158	159
9	190	142	143
9	191	142	143
9	192	171	172
9	193	144	145
9	194	196	197
9	195	0	0
9	196	0	0
9	197	0	0
9	198	82	83
9	199	219	220
9	200	229	230
9	201	126	127
9	202	123	124
9	203	72	95
9	204	0	0
9	205	0	0
9	206	134	135
9	207	162	163
9	208	171	172
9	209	280	281
9	210	264	265
9	211	0	0
9	212	0	0
9	213	211	212
9	214	182	183
9	215	120	121
9	216	72	95
9	217	211	212
9	218	209	210
9	219	0	0
9	220	0	0
9	221	287	288
9	222	0	0
9	223	120	121
9	224	249	250
9	225	0	0
9	226	82	83
9	227	0	0
9	228	0	0
9	229	275	276
9	230	0	0
9	231	209	210
9	232	162	163
9	233	224	225
9	234	180	181
9	235	284	285
9	236	0	0
9	237	0	0
9	238	0	0
9	239	0	0
9	240	0	0
9	241	209	210
9	242	227	228
9	243	89	90
9	244	182	183
9	245	224	225
9	246	140	141
9	247	254	255
9	248	0	0
9	249	0	0
9	250	0	0
9	251	182	183
9	252	169	170
9	253	158	159
9	254	0	0
9	255	0	0
9	256	177	178
9	257	180	181
9	258	120	121
9	259	254	255
9	260	194	195
9	261	169	170
9	262	144	145
9	263	196	197
9	264	0	0
9	265	0	0
9	266	144	145
9	267	235	236
9	268	247	248
9	269	227	228
9	270	0	0
9	271	0	0
9	272	0	0
9	273	0	0
9	274	156	157
9	275	0	0
9	276	0	0
9	277	249	250
9	278	227	228
9	279	116	117
9	280	0	0
9	281	0	0
9	282	224	225
9	283	110	111
9	284	0	0
9	285	0	0
9	286	199	200
9	287	0	0
9	288	0	0
9	289	116	117
9	290	221	222
9	291	247	248
9	292	199	200
9	293	280	281
9	294	89	90
9	295	138	139
9	296	0	0
9	297	0	0
9	298	156	157
9	299	173	174
9	300	0	0
