21	1	0	0
21	2	1	3
21	3	0	0
21	4	1	3
21	5	1	3
21	6	1	3
21	7	2	8
21	8	12	13
21	9	7	10
21	10	25	26
21	11	2	8
21	12	0	0
21	13	0	0
21	14	2	8
21	15	12	13
21	16	12	13
21	17	9	18
21	18	23	24
21	19	17	20
21	20	48	49
21	21	19	22
21	22	84	85
21	23	43	44
21	24	67	68
21	25	73	74
21	26	32	33
21	27	19	22
21	28	12	13
21	29	23	24
21	30	17	20
21	31	19	22
21	32	0	0
21	33	0	0
21	34	21	35
21	35	71	72
21	36	9	18
21	37	25	26
21	38	9	18
21	39	23	24
21	40	32	33
21	41	21	35
21	42	9	18
21	43	103	104
21	44	79	80
21	45	23	24
21	46	19	22
21	47	21	35
21	48	56	57
21	49	69	70
21	50	34	51
21	51	98	99
21	52	34	51
21	53	17	20
21	54	25	26
21	55	21	35
21	56	82	83
21	57	0	0
21	58	32	33
21	59	43	44
21	60	56	57
21	61	43	44
21	62	2	8
21	63	50	64
21	64	65	66
21	65	128	129
21	66	100	101
21	67	402	403
21	68	154	155
21	69	76	77
21	70	196	197
21	71	208	209
21	72	185	186
21	73	0	0
21	74	0	0
21	75	73	74
21	76	110	111
21	77	287	288
21	78	43	44
21	79	0	0
21	80	0	0
21	81	67	68
21	82	88	89
21	83	163	164
21	84	91	92
21	85	371	372
21	86	32	33
21	87	79	80
21	88	0	0
21	89	0	0
21	90	71	72
21	91	131	132
21	92	152	153
21	93	71	72
21	94	50	64
21	95	63	96
21	96	113	114
21	97	48	49
21	98	211	212
21	99	119	120
21	100	420	421
21	101	322	323
21	102	100	101
21	103	0	0
21	104	0	0
21	105	7	10
21	106	73	74
21	107	84	85
21	108	34	51
21	109	50	64
21	110	0	0
21	111	0	0
21	112	79	80
21	113	366	367
21	114	135	136
21	115	71	72
21	116	50	64
21	117	103	104
21	118	91	92
21	119	123	124
21	120	148	149
21	121	113	114
21	122	76	77
21	123	404	405
21	124	229	230
21	125	84	85
21	126	82	83
21	127	82	83
21	128	181	182
21	129	0	0
21	130	113	114
21	131	437	438
21	132	176	177
21	133	119	120
21	134	128	129
21	135	265	266
21	136	187	188
21	137	98	99
21	138	17	20
21	139	73	74
21	140	7	10
21	141	7	10
21	142	84	85
21	143	131	132
21	144	56	57
21	145	123	124
21	146	25	26
21	147	135	136
21	148	171	172
21	149	156	157
21	150	56	57
21	151	131	132
21	152	160	161
21	153	252	253
21	154	0	0
21	155	0	0
21	156	192	193
21	157	304	305
21	158	63	96
21	159	88	89
21	160	462	463
21	161	590	591
21	162	119	120
21	163	0	0
21	164	0	0
21	165	123	124
21	166	148	149
21	167	113	114
21	168	123	124
21	169	67	68
21	170	131	132
21	171	232	233
21	172	509	510
21	173	110	111
21	174	171	172
21	175	79	80
21	176	0	0
21	177	205	206
21	178	103	104
21	179	63	96
21	180	148	149
21	181	833	834
21	182	691	692
21	183	148	149
21	184	63	96
21	185	246	247
21	186	240	241
21	187	189	190
21	188	379	380
21	189	282	283
21	190	897	898
21	191	189	190
21	192	275	276
21	193	259	260
21	194	67	68
21	195	187	188
21	196	301	302
21	197	227	228
21	198	69	70
21	199	91	92
21	200	48	49
21	201	192	193
21	202	160	161
21	203	65	66
21	204	48	49
21	205	0	0
21	206	0	0
21	207	152	153
21	208	217	218
21	209	243	244
21	210	135	136
21	211	289	290
21	212	296	297
21	213	171	172
21	214	192	193
21	215	65	66
21	216	91	92
21	217	422	423
21	218	0	0
21	219	100	101
21	220	171	172
21	221	181	182
21	222	152	153
21	223	205	206
21	224	152	153
21	225	156	157
21	226	163	164
21	227	0	0
21	228	0	0
21	229	291	292
21	230	338	339
21	231	217	218
21	232	313	314
21	233	293	294
21	234	176	177
21	235	95	236
21	236	721	722
21	237	98	99
21	238	229	230
21	239	95	236
21	240	415	416
21	241	347	348
21	242	189	190
21	243	273	274
21	244	299	300
21	245	76	77
21	246	344	345
21	247	248	249
21	248	647	648
21	249	567	568
21	250	192	193
21	251	95	236
21	252	359	360
21	253	0	0
21	254	246	247
21	255	135	136
21	256	189	190
21	257	229	230
21	258	69	70
21	259	384	385
21	260	407	408
21	261	240	241
21	262	100	101
21	263	208	209
21	264	229	230
21	265	498	499
21	266	739	740
21	267	176	177
21	268	160	161
21	269	160	161
21	270	69	70
21	271	240	241
21	272	110	111
21	273	552	553
21	274	548	549
21	275	626	627
21	276	664	665
21	277	187	188
21	278	211	212
21	279	217	218
21	280	211	212
21	281	243	244
21	282	310	311
21	283	389	390
21	284	232	233
21	285	259	260
21	286	240	241
21	287	0	0
21	288	0	0
21	289	361	362
21	290	486	487
21	291	0	0
21	292	308	309
21	293	884	885
21	294	331	332
21	295	259	260
21	296	806	807
21	297	855	856
21	298	65	66
21	299	666	667
21	300	531	532
21	301	0	0
21	302	0	0
21	303	185	186
21	304	0	0
21	305	516	517
21	306	273	274
21	307	265	266
21	308	425	426
21	309	342	343
21	310	612	613
21	311	708	709
21	312	289	290
21	313	333	334
21	314	324	325
21	315	304	305
21	316	103	104
21	317	313	314
21	318	296	297
21	319	301	302
21	320	275	276
21	321	187	188
21	322	453	454
21	323	446	447
21	324	0	0
21	325	0	0
21	326	296	297
21	327	322	323
21	328	232	233
21	329	185	186
21	330	217	218
21	331	0	0
21	332	0	0
21	333	0	0
21	334	0	0
21	335	95	236
21	336	331	332
21	337	82	83
21	338	352	353
21	339	0	0
21	340	289	290
21	341	287	288
21	342	0	0
21	343	0	0
21	344	363	364
21	345	582	583
21	346	322	323
21	347	450	451
21	348	513	514
21	349	344	345
21	350	304	305
21	351	287	288
21	352	0	0
21	353	473	474
21	354	176	177
21	355	246	247
21	356	296	297
21	357	289	290
21	358	304	305
21	359	0	0
21	360	0	0
21	361	0	0
21	362	483	484
21	363	382	383
21	364	418	419
21	365	301	302
21	366	561	562
21	367	386	387
21	368	342	343
21	369	154	155
21	370	185	186
21	371	428	429
21	372	373	374
21	373	469	470
21	374	769	770
21	375	352	353
21	376	181	182
21	377	88	89
21	378	333	334
21	379	572	573
21	380	945	946
21	381	359	360
21	382	0	0
21	383	0	0
21	384	0	0
21	385	0	0
21	386	695	696
21	387	0	0
21	388	252	253
21	389	533	534
21	390	0	0
21	391	342	343
21	392	389	390
21	393	196	197
21	394	389	390
21	395	313	314
21	396	181	182
21	397	310	311
21	398	331	332
21	399	291	292
21	400	88	89
21	401	333	334
21	402	0	0
21	403	0	0
21	404	758	759
21	405	662	663
21	406	322	323
21	407	0	0
21	408	0	0
21	409	366	367
21	410	211	212
21	411	287	288
21	412	310	311
21	413	265	266
21	414	119	120
21	415	0	0
21	416	520	521
21	417	386	387
21	418	0	0
21	419	0	0
21	420	430	431
21	421	574	575
21	422	0	0
21	423	500	501
21	424	299	300
21	425	0	0
21	426	0	0
21	427	363	364
21	428	588	589
21	429	440	441
21	430	481	482
21	431	0	0
21	432	420	421
21	433	246	247
21	434	98	99
21	435	301	302
21	436	273	274
21	437	0	0
21	438	615	616
21	439	407	408
21	440	775	776
21	441	674	675
21	442	347	348
21	443	430	431
21	444	154	155
21	445	227	228
21	446	542	543
21	447	489	490
21	448	338	339
21	449	227	228
21	450	556	557
21	451	0	0
21	452	347	348
21	453	0	0
21	454	471	472
21	455	76	77
21	456	450	451
21	457	331	332
21	458	430	431
21	459	110	111
21	460	208	209
21	461	291	292
21	462	0	0
21	463	0	0
21	464	404	405
21	465	422	423
21	466	440	441
21	467	273	274
21	468	338	339
21	469	0	0
21	470	886	887
21	471	502	503
21	472	586	587
21	473	0	0
21	474	0	0
21	475	232	233
21	476	361	362
21	477	389	390
21	478	259	260
21	479	404	405
21	480	227	228
21	481	0	0
21	482	656	657
21	483	771	772
21	484	734	735
21	485	291	292
21	486	492	493
21	487	778	779
21	488	418	419
21	489	0	0
21	490	923	924
21	491	324	325
21	492	795	796
21	493	0	0
21	494	471	472
21	495	437	438
21	496	352	353
21	497	128	129
21	498	687	688
21	499	0	0
21	500	524	525
21	501	0	0
21	502	943	944
21	503	0	0
21	504	473	474
21	505	235	506
21	506	0	0
21	507	492	493
21	508	440	441
21	509	0	0
21	510	0	0
21	511	248	249
21	512	425	426
21	513	545	546
21	514	558	559
21	515	248	249
21	516	550	551
21	517	713	714
21	518	163	164
21	519	371	372
21	520	901	902
21	521	799	800
21	522	440	441
21	523	407	408
21	524	0	0
21	525	0	0
21	526	371	372
21	527	359	360
21	528	265	266
21	529	453	454
21	530	156	157
21	531	563	564
21	532	630	631
21	533	0	0
21	534	569	570
21	535	422	423
21	536	196	197
21	537	373	374
21	538	502	503
21	539	469	470
21	540	196	197
21	541	338	339
21	542	858	859
21	543	638	639
21	544	333	334
21	545	0	0
21	546	0	0
21	547	386	387
21	548	679	680
21	549	606	607
21	550	0	0
21	551	0	0
21	552	0	0
21	553	0	0
21	554	379	380
21	555	402	403
21	556	0	0
21	557	0	0
21	558	0	0
21	559	0	0
21	560	366	367
21	561	0	0
21	562	0	0
21	563	0	0
21	564	0	0
21	565	556	557
21	566	471	472
21	567	577	578
21	568	0	0
21	569	621	622
21	570	839	840
21	571	347	348
21	572	689	690
21	573	644	645
21	574	766	767
21	575	601	602
21	576	462	463
21	577	0	0
21	578	0	0
21	579	205	206
21	580	282	283
21	581	552	553
21	582	0	0
21	583	917	918
21	584	582	583
21	585	520	521
21	586	592	593
21	587	634	635
21	588	909	910
21	589	0	0
21	590	0	0
21	591	0	0
21	592	623	624
21	593	0	0
21	594	462	463
21	595	548	549
21	596	542	543
21	597	592	593
21	598	373	374
21	599	513	514
21	600	299	300
21	601	808	809
21	602	608	609
21	603	371	372
21	604	558	559
21	605	420	421
21	606	0	0
21	607	0	0
21	608	0	0
21	609	803	804
21	610	407	408
21	611	533	534
21	612	0	0
21	613	869	870
21	614	359	360
21	615	0	0
21	616	0	0
21	617	574	575
21	618	574	575
21	619	531	532
21	620	577	578
21	621	0	0
21	622	0	0
21	623	0	0
21	624	0	0
21	625	483	484
21	626	0	0
21	627	0	0
21	628	430	431
21	629	563	564
21	630	0	0
21	631	0	0
21	632	308	309
21	633	352	353
21	634	0	0
21	635	976	977
21	636	404	405
21	637	386	387
21	638	0	0
21	639	659	660
21	640	450	451
21	641	567	568
21	642	252	253
21	643	235	506
21	644	0	0
21	645	930	931
21	646	248	249
21	647	700	701
21	648	654	655
21	649	608	609
21	650	572	573
21	651	299	300
21	652	550	551
21	653	533	534
21	654	0	0
21	655	0	0
21	656	726	727
21	657	789	790
21	658	450	451
21	659	747	748
21	660	0	0
21	661	509	510
21	662	737	738
21	663	0	0
21	664	0	0
21	665	0	0
21	666	0	0
21	667	0	0
21	668	630	631
21	669	623	624
21	670	644	645
21	671	500	501
21	672	363	364
21	673	293	294
21	674	0	0
21	675	0	0
21	676	524	525
21	677	606	607
21	678	569	570
21	679	0	0
21	680	0	0
21	681	574	575
21	682	558	559
21	683	520	521
21	684	502	503
21	685	275	276
21	686	656	657
21	687	0	0
21	688	723	724
21	689	0	0
21	690	0	0
21	691	879	880
21	692	0	0
21	693	608	609
21	694	382	383
21	695	786	787
21	696	914	915
21	697	243	244
21	698	324	325
21	699	656	657
21	700	0	0
21	701	0	0
21	702	471	472
21	703	235	506
21	704	156	157
21	705	601	602
21	706	422	423
21	707	582	583
21	708	0	0
21	709	784	785
21	710	634	635
21	711	615	616
21	712	654	655
21	713	0	0
21	714	0	0
21	715	689	690
21	716	516	517
21	717	689	690
21	718	235	506
21	719	531	532
21	720	275	276
21	721	742	743
21	722	791	792
21	723	0	0
21	724	801	802
21	725	569	570
21	726	925	926
21	727	0	0
21	728	282	283
21	729	674	675
21	730	590	591
21	731	34	51
21	732	542	543
21	733	691	692
21	734	0	0
21	735	0	0
21	736	621	622
21	737	860	861
21	738	749	750
21	739	0	0
21	740	0	0
21	741	638	639
21	742	991	992
21	743	863	864
21	744	402	403
21	745	154	155
21	746	243	244
21	747	0	0
21	748	0	0
21	749	0	0
21	750	0	0
21	751	344	345
21	752	252	253
21	753	552	553
21	754	361	362
21	755	384	385
21	756	674	675
21	757	483	484
21	758	0	0
21	759	0	0
21	760	664	665
21	761	205	206
21	762	428	429
21	763	418	419
21	764	615	616
21	765	373	374
21	766	0	0
21	767	0	0
21	768	577	578
21	769	0	0
21	770	0	0
21	771	841	842
21	772	0	0
21	773	502	503
21	774	509	510
21	775	0	0
21	776	0	0
21	777	739	740
21	778	816	817
21	779	0	0
21	780	721	722
21	781	531	532
21	782	654	655
21	783	747	748
21	784	927	928
21	785	0	0
21	786	937	938
21	787	0	0
21	788	428	429
21	789	968	969
21	790	971	972
21	791	0	0
21	792	0	0
21	793	615	616
21	794	382	383
21	795	797	798
21	796	0	0
21	797	0	0
21	798	0	0
21	799	0	0
21	800	0	0
21	801	818	819
21	802	994	995
21	803	0	0
21	804	0	0
21	805	726	727
21	806	828	829
21	807	933	934
21	808	881	882
21	809	0	0
21	810	313	314
21	811	516	517
21	812	469	470
21	813	462	463
21	814	342	343
21	815	588	589
21	816	867	868
21	817	0	0
21	818	0	0
21	819	0	0
21	820	498	499
21	821	789	790
21	822	679	680
21	823	418	419
21	824	520	521
21	825	379	380
21	826	308	309
21	827	489	490
21	828	895	896
21	829	966	967
21	830	797	798
21	831	489	490
21	832	758	759
21	833	892	893
21	834	0	0
21	835	775	776
21	836	674	675
21	837	550	551
21	838	492	493
21	839	0	0
21	840	0	0
21	841	0	0
21	842	0	0
21	843	687	688
21	844	601	602
21	845	749	750
21	846	828	829
21	847	700	701
21	848	592	593
21	849	634	635
21	850	737	738
21	851	621	622
21	852	695	696
21	853	644	645
21	854	363	364
21	855	0	0
21	856	0	0
21	857	778	779
21	858	0	0
21	859	0	0
21	860	0	0
21	861	0	0
21	862	742	743
21	863	0	0
21	864	939	940
21	865	425	426
21	866	606	607
21	867	0	0
21	868	0	0
21	869	941	942
21	870	0	0
21	871	634	635
21	872	662	663
21	873	654	655
21	874	509	510
21	875	384	385
21	876	797	798
21	877	691	692
21	878	818	819
21	879	950	951
21	880	0	0
21	881	0	0
21	882	0	0
21	883	808	809
21	884	0	0
21	885	0	0
21	886	0	0
21	887	0	0
21	888	492	493
21	889	806	807
21	890	664	665
21	891	384	385
21	892	0	0
21	893	953	954
21	894	749	750
21	895	0	0
21	896	0	0
21	897	0	0
21	898	0	0
21	899	623	624
21	900	420	421
21	901	0	0
21	902	0	0
21	903	884	885
21	904	775	776
21	905	428	429
21	906	505	907
21	907	0	0
21	908	344	345
21	909	0	0
21	910	0	0
21	911	664	665
21	912	897	898
21	913	606	607
21	914	0	0
21	915	0	0
21	916	516	517
21	917	0	0
21	918	0	0
21	919	909	910
21	920	453	454
21	921	208	209
21	922	662	663
21	923	0	0
21	924	0	0
21	925	0	0
21	926	0	0
21	927	0	0
21	928	0	0
21	929	879	880
21	930	987	988
21	931	0	0
21	932	869	870
21	933	0	0
21	934	0	0
21	935	128	129
21	936	556	557
21	937	0	0
21	938	0	0
21	939	0	0
21	940	0	0
21	941	0	0
21	942	0	0
21	943	0	0
21	944	0	0
21	945	0	0
21	946	0	0
21	947	886	887
21	948	726	727
21	949	469	470
21	950	0	0
21	951	996	997
21	952	662	663
21	953	0	0
21	954	0	0
21	955	869	870
21	956	884	885
21	957	687	688
21	958	293	294
21	959	860	861
21	960	666	667
21	961	939	940
21	962	797	798
21	963	679	680
21	964	879	880
21	965	588	589
21	966	0	0
21	967	0	0
21	968	0	0
21	969	0	0
21	970	415	416
21	971	0	0
21	972	0	0
21	973	577	578
21	974	881	882
21	975	282	283
21	976	0	0
21	977	0	0
21	978	425	426
21	979	446	447
21	980	563	564
21	981	971	972
21	982	533	534
21	983	612	613
21	984	806	807
21	985	324	325
21	986	382	383
21	987	0	0
21	988	0	0
21	989	691	692
21	990	914	915
21	991	0	0
21	992	0	0
21	993	500	501
21	994	0	0
21	995	0	0
21	996	0	0
21	997	0	0
21	998	695	696
21	999	437	438
21	1000	795	796
