32	1	0	0
32	2	1	3
32	3	0	0
32	4	1	3
32	5	1	3
32	6	1	3
32	7	2	8
32	8	184	185
32	9	2	8
32	10	2	8
32	11	2	8
32	12	7	13
32	13	14	15
32	14	112	113
32	15	19	20
32	16	14	15
32	17	14	15
32	18	14	15
32	19	0	0
32	20	0	0
32	21	12	22
32	22	23	24
32	23	30	31
32	24	34	35
32	25	23	24
32	26	12	22
32	27	19	20
32	28	7	13
32	29	23	24
32	30	41	42
32	31	66	67
32	32	19	20
32	33	30	31
32	34	74	75
32	35	36	37
32	36	0	0
32	37	0	0
32	38	34	35
32	39	12	22
32	40	34	35
32	41	0	0
32	42	0	0
32	43	30	31
32	44	41	42
32	45	30	31
32	46	36	37
32	47	7	13
32	48	7	13
32	49	23	24
32	50	21	51
32	51	59	60
32	52	21	51
32	53	34	35
32	54	50	55
32	55	72	73
32	56	12	22
32	57	41	42
32	58	41	42
32	59	77	78
32	60	61	62
32	61	68	69
32	62	120	121
32	63	59	60
32	64	54	65
32	65	90	91
32	66	0	0
32	67	0	0
32	68	103	104
32	69	80	81
32	70	64	71
32	71	163	164
32	72	206	207
32	73	131	132
32	74	0	0
32	75	0	0
32	76	59	60
32	77	82	83
32	78	95	96
32	79	66	67
32	80	0	0
32	81	0	0
32	82	106	107
32	83	114	115
32	84	36	37
32	85	77	78
32	86	82	83
32	87	21	51
32	88	59	60
32	89	21	51
32	90	92	93
32	91	170	171
32	92	125	126
32	93	181	182
32	94	68	69
32	95	97	98
32	96	173	174
32	97	0	0
32	98	0	0
32	99	72	73
32	100	54	65
32	101	66	67
32	102	68	69
32	103	0	0
32	104	0	0
32	105	80	81
32	106	0	0
32	107	0	0
32	108	103	104
32	109	72	73
32	110	19	20
32	111	77	78
32	112	0	0
32	113	0	0
32	114	0	0
32	115	0	0
32	116	97	98
32	117	54	65
32	118	90	91
32	119	74	75
32	120	165	166
32	121	148	149
32	122	90	91
32	123	106	107
32	124	95	96
32	125	158	159
32	126	128	129
32	127	106	107
32	128	145	146
32	129	403	404
32	130	77	78
32	131	187	188
32	132	219	220
32	133	72	73
32	134	112	113
32	135	92	93
32	136	106	107
32	137	54	65
32	138	125	126
32	139	103	104
32	140	112	113
32	141	61	62
32	142	82	83
32	143	74	75
32	144	64	71
32	145	167	168
32	146	179	180
32	147	80	81
32	148	0	0
32	149	0	0
32	150	97	98
32	151	97	98
32	152	90	91
32	153	112	113
32	154	148	149
32	155	148	149
32	156	120	121
32	157	68	69
32	158	0	0
32	159	212	213
32	160	66	67
32	161	82	83
32	162	148	149
32	163	0	0
32	164	223	224
32	165	0	0
32	166	0	0
32	167	0	0
32	168	0	0
32	169	158	159
32	170	202	203
32	171	0	0
32	172	128	129
32	173	0	0
32	174	0	0
32	175	95	96
32	176	50	55
32	177	120	121
32	178	145	146
32	179	0	0
32	180	0	0
32	181	299	300
32	182	199	200
32	183	158	159
32	184	0	0
32	185	0	0
32	186	145	146
32	187	226	227
32	188	251	252
32	189	165	166
32	190	163	164
32	191	36	37
32	192	163	164
32	193	74	75
32	194	187	188
32	195	173	174
32	196	145	146
32	197	181	182
32	198	179	180
32	199	234	235
32	200	330	331
32	201	114	115
32	202	294	295
32	203	332	333
32	204	120	121
32	205	131	132
32	206	386	387
32	207	221	222
32	208	165	166
32	209	158	159
32	210	95	96
32	211	187	188
32	212	237	238
32	213	261	262
32	214	181	182
32	215	64	71
32	216	163	164
32	217	70	218
32	218	0	0
32	219	241	242
32	220	0	0
32	221	269	270
32	222	243	244
32	223	248	249
32	224	307	308
32	225	70	218
32	226	288	289
32	227	451	452
32	228	173	174
32	229	50	55
32	230	199	200
32	231	226	227
32	232	202	203
32	233	223	224
32	234	277	278
32	235	256	257
32	236	219	220
32	237	0	0
32	238	0	0
32	239	199	200
32	240	221	222
32	241	0	0
32	242	245	246
32	243	265	266
32	244	0	0
32	245	0	0
32	246	0	0
32	247	103	104
32	248	377	378
32	249	271	272
32	250	234	235
32	251	436	437
32	252	303	304
32	253	199	200
32	254	64	71
32	255	114	115
32	256	0	0
32	257	0	0
32	258	181	182
32	259	167	168
32	260	179	180
32	261	0	0
32	262	0	0
32	263	128	129
32	264	167	168
32	265	0	0
32	266	0	0
32	267	243	244
32	268	131	132
32	269	0	0
32	270	394	395
32	271	337	338
32	272	0	0
32	273	125	126
32	274	184	185
32	275	50	55
32	276	179	180
32	277	0	0
32	278	0	0
32	279	219	220
32	280	245	246
32	281	277	278
32	282	202	203
32	283	245	246
32	284	217	285
32	285	312	313
32	286	248	249
32	287	70	218
32	288	0	0
32	289	0	0
32	290	226	227
32	291	243	244
32	292	243	244
32	293	184	185
32	294	485	486
32	295	301	302
32	296	248	249
32	297	277	278
32	298	245	246
32	299	325	326
32	300	0	0
32	301	0	0
32	302	375	376
32	303	0	0
32	304	0	0
32	305	241	242
32	306	226	227
32	307	462	463
32	308	422	423
32	309	165	166
32	310	261	262
32	311	128	129
32	312	0	0
32	313	320	321
32	314	241	242
32	315	288	289
32	316	131	132
32	317	301	302
32	318	288	289
32	319	265	266
32	320	353	354
32	321	346	347
32	322	212	213
32	323	70	218
32	324	167	168
32	325	366	367
32	326	372	373
32	327	248	249
32	328	221	222
32	329	61	62
32	330	351	352
32	331	0	0
32	332	489	490
32	333	0	0
32	334	206	207
32	335	307	308
32	336	288	289
32	337	478	479
32	338	0	0
32	339	330	331
32	340	61	62
32	341	271	272
32	342	256	257
32	343	184	185
32	344	325	326
32	345	202	203
32	346	355	356
32	347	0	0
32	348	173	174
32	349	223	224
32	350	337	338
32	351	0	0
32	352	0	0
32	353	0	0
32	354	379	380
32	355	401	402
32	356	0	0
32	357	92	93
32	358	284	359
32	359	0	0
32	360	206	207
32	361	219	220
32	362	355	356
32	363	251	252
32	364	353	354
32	365	337	338
32	366	0	0
32	367	0	0
32	368	221	222
32	369	351	352
32	370	170	171
32	371	351	352
32	372	0	0
32	373	0	0
32	374	294	295
32	375	0	0
32	376	0	0
32	377	424	425
32	378	447	448
32	379	408	409
32	380	0	0
32	381	241	242
32	382	223	224
32	383	217	285
32	384	187	188
32	385	217	285
32	386	0	0
32	387	398	399
32	388	366	367
32	389	212	213
32	390	301	302
32	391	80	81
32	392	237	238
32	393	303	304
32	394	0	0
32	395	0	0
32	396	237	238
32	397	394	395
32	398	0	0
32	399	411	412
32	400	312	313
32	401	0	0
32	402	0	0
32	403	454	455
32	404	0	0
32	405	301	302
32	406	277	278
32	407	307	308
32	408	460	461
32	409	0	0
32	410	337	338
32	411	0	0
32	412	0	0
32	413	372	373
32	414	320	321
32	415	265	266
32	416	284	359
32	417	269	270
32	418	234	235
32	419	284	359
32	420	386	387
32	421	303	304
32	422	470	471
32	423	0	0
32	424	0	0
32	425	468	469
32	426	170	171
32	427	424	425
32	428	353	354
32	429	358	430
32	430	0	0
32	431	358	430
32	432	271	272
32	433	269	270
32	434	424	425
32	435	377	378
32	436	0	0
32	437	0	0
32	438	398	399
32	439	307	308
32	440	377	378
32	441	325	326
32	442	366	367
32	443	408	409
32	444	429	445
32	445	0	0
32	446	284	359
32	447	0	0
32	448	0	0
32	449	353	354
32	450	303	304
32	451	0	0
32	452	0	0
32	453	261	262
32	454	0	0
32	455	0	0
32	456	377	378
32	457	444	458
32	458	0	0
32	459	261	262
32	460	0	0
32	461	0	0
32	462	0	0
32	463	0	0
32	464	454	455
32	465	422	423
32	466	401	402
32	467	411	412
32	468	0	0
32	469	0	0
32	470	0	0
32	471	0	0
32	472	206	207
32	473	237	238
32	474	330	331
32	475	251	252
32	476	468	469
32	477	454	455
32	478	483	484
32	479	0	0
32	480	436	437
32	481	444	458
32	482	424	425
32	483	0	0
32	484	0	0
32	485	495	496
32	486	0	0
32	487	372	373
32	488	422	423
32	489	0	0
32	490	0	0
32	491	265	266
32	492	468	469
32	493	375	376
32	494	375	376
32	495	0	0
32	496	0	0
32	497	436	437
32	498	170	171
32	499	408	409
32	500	92	93
