16	1	0	0
16	2	1	3
16	3	0	0
16	4	2	5
16	5	12	13
16	6	1	3
16	7	2	5
16	8	2	5
16	9	1	3
16	10	2	5
16	11	1	3
16	12	0	0
16	13	0	0
16	14	4	15
16	15	145	146
16	16	14	17
16	17	21	22
16	18	12	13
16	19	4	15
16	20	14	17
16	21	41	42
16	22	25	26
16	23	4	15
16	24	12	13
16	25	31	32
16	26	27	28
16	27	0	0
16	28	0	0
16	29	4	15
16	30	25	26
16	31	0	0
16	32	0	0
16	33	31	32
16	34	14	17
16	35	31	32
16	36	14	17
16	37	12	13
16	38	25	26
16	39	31	32
16	40	25	26
16	41	46	47
16	42	48	49
16	43	41	42
16	44	27	28
16	45	21	22
16	46	0	0
16	47	0	0
16	48	0	0
16	49	0	0
16	50	21	22
16	51	48	49
16	52	46	47
16	53	21	22
16	54	16	55
16	55	71	72
16	56	48	49
16	57	41	42
16	58	16	55
16	59	54	60
16	60	68	69
16	61	54	60
16	62	54	60
16	63	27	28
16	64	48	49
16	65	59	66
16	66	91	92
16	67	16	55
16	68	0	0
16	69	103	104
16	70	68	69
16	71	0	0
16	72	75	76
16	73	41	42
16	74	68	69
16	75	178	179
16	76	118	119
16	77	54	60
16	78	65	79
16	79	89	90
16	80	78	81
16	81	109	110
16	82	75	76
16	83	65	79
16	84	16	55
16	85	80	86
16	86	193	194
16	87	80	86
16	88	75	76
16	89	151	152
16	90	141	142
16	91	94	95
16	92	0	0
16	93	80	86
16	94	113	114
16	95	96	97
16	96	147	148
16	97	168	169
16	98	46	47
16	99	65	79
16	100	96	97
16	101	91	92
16	102	59	66
16	103	130	131
16	104	137	138
16	105	96	97
16	106	96	97
16	107	59	66
16	108	89	90
16	109	125	126
16	110	143	144
16	111	94	95
16	112	27	28
16	113	0	0
16	114	0	0
16	115	109	110
16	116	68	69
16	117	46	47
16	118	0	0
16	119	184	185
16	120	75	76
16	121	65	79
16	122	78	81
16	123	78	81
16	124	109	110
16	125	128	129
16	126	0	0
16	127	91	92
16	128	0	0
16	129	0	0
16	130	191	192
16	131	0	0
16	132	91	92
16	133	128	129
16	134	125	126
16	135	118	119
16	136	59	66
16	137	0	0
16	138	154	155
16	139	94	95
16	140	109	110
16	141	0	0
16	142	0	0
16	143	163	164
16	144	0	0
16	145	0	0
16	146	0	0
16	147	0	0
16	148	156	157
16	149	89	90
16	150	80	86
16	151	0	0
16	152	166	167
16	153	147	148
16	154	158	159
16	155	0	0
16	156	0	0
16	157	0	0
16	158	0	0
16	159	0	0
16	160	113	114
16	161	158	159
16	162	118	119
16	163	0	0
16	164	0	0
16	165	158	159
16	166	0	0
16	167	0	0
16	168	174	175
16	169	0	0
16	170	154	155
16	171	94	95
16	172	154	155
16	173	78	81
16	174	0	0
16	175	0	0
16	176	145	146
16	177	147	148
16	178	189	190
16	179	0	0
16	180	103	104
16	181	154	155
16	182	130	131
16	183	71	72
16	184	0	0
16	185	0	0
16	186	85	187
16	187	0	0
16	188	145	146
16	189	0	0
16	190	0	0
16	191	0	0
16	192	0	0
16	193	0	0
16	194	196	197
16	195	71	72
16	196	0	0
16	197	0	0
16	198	118	119
16	199	145	146
16	200	0	186
