44	1	0	0
44	2	1	3
44	3	0	0
44	4	1	3
44	5	2	6
44	6	10	11
44	7	1	3
44	8	2	6
44	9	2	6
44	10	0	0
44	11	0	0
44	12	5	13
44	13	18	19
44	14	10	11
44	15	2	6
44	16	10	11
44	17	1	3
44	18	34	35
44	19	28	29
44	20	5	13
44	21	12	22
44	22	62	63
44	23	10	11
44	24	18	19
44	25	12	22
44	26	12	22
44	27	12	22
44	28	0	0
44	29	0	0
44	30	18	19
44	31	28	29
44	32	18	19
44	33	28	29
44	34	0	0
44	35	0	0
44	36	34	35
44	37	5	13
44	38	28	29
44	39	5	13
44	40	34	35
44	41	34	35
44	42	21	43
44	43	47	48
44	44	21	43
44	45	42	46
44	46	89	90
44	47	58	59
44	48	190	191
44	49	21	43
44	50	45	51
44	51	66	67
44	52	50	53
44	53	74	75
44	54	42	46
44	55	42	46
44	56	47	48
44	57	47	48
44	58	78	79
44	59	0	0
44	60	45	51
44	61	42	46
44	62	163	164
44	63	99	100
44	64	50	53
44	65	62	63
44	66	76	77
44	67	71	72
44	68	58	59
44	69	58	59
44	70	62	63
44	71	85	86
44	72	105	106
44	73	62	63
44	74	0	0
44	75	82	83
44	76	0	0
44	77	80	81
44	78	97	98
44	79	150	151
44	80	185	186
44	81	273	274
44	82	0	0
44	83	102	103
44	84	47	48
44	85	275	276
44	86	216	217
44	87	71	72
44	88	66	67
44	89	112	113
44	90	262	263
44	91	58	59
44	92	66	67
44	93	76	77
44	94	74	75
44	95	80	81
44	96	50	53
44	97	0	0
44	98	0	0
44	99	143	144
44	100	284	285
44	101	89	90
44	102	114	115
44	103	165	166
44	104	80	81
44	105	108	109
44	106	153	154
44	107	89	90
44	108	286	287
44	109	133	134
44	110	45	51
44	111	78	79
44	112	119	120
44	113	135	136
44	114	123	124
44	115	201	202
44	116	105	106
44	117	71	72
44	118	97	98
44	119	129	130
44	120	121	122
44	121	170	171
44	122	157	158
44	123	199	200
44	124	137	138
44	125	102	103
44	126	99	100
44	127	108	109
44	128	74	75
44	129	0	0
44	130	131	132
44	131	0	0
44	132	0	0
44	133	239	240
44	134	251	252
44	135	168	169
44	136	147	148
44	137	0	0
44	138	182	183
44	139	99	100
44	140	137	138
44	141	105	106
44	142	76	77
44	143	0	0
44	144	0	0
44	145	108	109
44	146	74	75
44	147	0	0
44	148	0	0
44	149	45	51
44	150	0	0
44	151	0	0
44	152	143	144
44	153	277	278
44	154	176	177
44	155	123	124
44	156	150	151
44	157	0	0
44	158	0	0
44	159	108	109
44	160	119	120
44	161	50	53
44	162	119	120
44	163	193	194
44	164	187	188
44	165	0	0
44	166	256	257
44	167	21	43
44	168	236	237
44	169	293	294
44	170	0	0
44	171	0	0
44	172	150	151
44	173	80	81
44	174	157	158
44	175	150	151
44	176	0	0
44	177	224	225
44	178	112	113
44	179	153	154
44	180	157	158
44	181	165	166
44	182	0	0
44	183	0	0
44	184	133	134
44	185	0	0
44	186	296	297
44	187	0	0
44	188	0	0
44	189	182	183
44	190	195	196
44	191	0	0
44	192	89	90
44	193	0	0
44	194	0	0
44	195	210	211
44	196	249	250
44	197	78	79
44	198	114	115
44	199	0	0
44	200	0	0
44	201	0	0
44	202	0	0
44	203	165	166
44	204	105	106
44	205	119	120
44	206	133	134
44	207	66	67
44	208	97	98
44	209	135	136
44	210	0	0
44	211	0	0
44	212	114	115
44	213	82	83
44	214	121	122
44	215	185	186
44	216	254	255
44	217	0	0
44	218	131	132
44	219	187	188
44	220	170	171
44	221	123	124
44	222	187	188
44	223	157	158
44	224	0	0
44	225	0	0
44	226	97	98
44	227	76	77
44	228	216	217
44	229	135	136
44	230	199	200
44	231	78	79
44	232	121	122
44	233	133	134
44	234	190	191
44	235	182	183
44	236	0	0
44	237	0	0
44	238	121	122
44	239	0	0
44	240	0	0
44	241	185	186
44	242	135	136
44	243	153	154
44	244	163	164
44	245	131	132
44	246	168	169
44	247	176	177
44	248	199	200
44	249	0	0
44	250	0	0
44	251	0	0
44	252	0	0
44	253	168	169
44	254	0	0
44	255	0	0
44	256	299	300
44	257	0	0
44	258	153	154
44	259	123	124
44	260	82	83
44	261	254	255
44	262	0	0
44	263	0	0
44	264	256	257
44	265	187	188
44	266	254	255
44	267	195	196
44	268	71	72
44	269	224	225
44	270	249	250
44	271	85	86
44	272	168	169
44	273	0	0
44	274	0	0
44	275	0	0
44	276	0	0
44	277	0	0
44	278	0	0
44	279	210	211
44	280	137	138
44	281	236	237
44	282	216	217
44	283	190	191
44	284	0	0
44	285	0	0
44	286	288	289
44	287	0	0
44	288	0	0
44	289	0	0
44	290	251	252
44	291	262	263
44	292	182	183
44	293	0	0
44	294	0	0
44	295	143	144
44	296	0	0
44	297	0	0
44	298	216	217
44	299	0	0
44	300	0	0
