16	1	0	0
16	2	1	3
16	3	0	0
16	4	2	5
16	5	6	7
16	6	0	0
16	7	0	0
16	8	6	7
16	9	2	5
16	10	1	3
16	11	1	3
16	12	6	7
16	13	2	5
16	14	6	7
16	15	1	3
16	16	2	5
16	17	4	18
16	18	32	33
16	19	4	18
16	20	17	21
16	21	24	25
16	22	20	23
16	23	43	44
16	24	26	27
16	25	40	41
16	26	29	30
16	27	37	38
16	28	26	27
16	29	0	0
16	30	0	0
16	31	20	23
16	32	0	0
16	33	0	0
16	34	26	27
16	35	17	21
16	36	32	33
16	37	0	0
16	38	0	0
16	39	29	30
16	40	0	0
16	41	0	0
16	42	40	41
16	43	45	46
16	44	0	0
16	45	0	0
16	46	49	50
16	47	24	25
16	48	29	30
16	49	0	0
16	50	0	0
