2	1	0	0
2	2	1	3
2	3	0	0
2	4	1	3
2	5	1	3
2	6	1	3
2	7	2	8
2	8	10	11
2	9	2	8
2	10	0	0
2	11	0	0
2	12	7	13
2	13	21	22
2	14	2	8
2	15	12	16
2	16	38	39
2	17	7	13
2	18	12	16
2	19	10	11
2	20	12	16
2	21	0	0
2	22	25	26
2	23	7	13
2	24	21	22
2	25	0	0
2	26	0	0
2	27	21	22
2	28	2	8
2	29	12	16
2	30	10	11
2	31	10	11
2	32	21	22
2	33	7	13
2	34	15	35
2	35	36	37
2	36	41	42
2	37	0	0
2	38	61	62
2	39	46	47
2	40	15	35
2	41	54	55
2	42	68	69
2	43	15	35
2	44	36	37
2	45	38	39
2	46	65	66
2	47	52	53
2	48	46	47
2	49	46	47
2	50	36	37
2	51	46	47
2	52	0	0
2	53	0	0
2	54	58	59
2	55	0	0
2	56	36	37
2	57	38	39
2	58	0	0
2	59	0	0
2	60	38	39
2	61	77	78
2	62	83	84
2	63	25	26
2	64	41	42
2	65	0	0
2	66	0	0
2	67	52	53
2	68	0	0
2	69	70	71
2	70	0	0
2	71	0	0
2	72	54	55
2	73	61	62
2	74	52	53
2	75	54	55
2	76	15	35
2	77	0	0
2	78	0	0
2	79	65	66
2	80	54	55
2	81	65	66
2	82	77	78
2	83	0	0
2	84	0	0
2	85	52	53
2	86	61	62
2	87	77	78
2	88	41	42
2	89	41	42
2	90	77	78
2	91	25	26
2	92	34	93
2	93	94	95
2	94	0	0
2	95	0	0
2	96	68	69
2	97	70	71
2	98	70	71
2	99	58	59
2	100	61	62
