41	1	0	0
41	2	1	3
41	3	0	0
41	4	1	3
41	5	1	3
41	6	1	3
41	7	2	8
41	8	14	15
41	9	7	10
41	10	101	102
41	11	2	8
41	12	9	13
41	13	21	22
41	14	0	0
41	15	0	0
41	16	7	10
41	17	2	8
41	18	14	15
41	19	14	15
41	20	2	8
41	21	45	46
41	22	43	44
41	23	12	24
41	24	31	32
41	25	7	10
41	26	14	15
41	27	9	13
41	28	23	29
41	29	48	49
41	30	7	10
41	31	97	98
41	32	51	52
41	33	28	34
41	34	62	63
41	35	28	34
41	36	23	29
41	37	33	38
41	38	141	142
41	39	33	38
41	40	12	24
41	41	31	32
41	42	21	22
41	43	103	104
41	44	87	88
41	45	81	82
41	46	55	56
41	47	33	38
41	48	187	188
41	49	67	68
41	50	45	46
41	51	110	111
41	52	261	262
41	53	9	13
41	54	45	46
41	55	0	0
41	56	0	0
41	57	51	52
41	58	9	13
41	59	51	52
41	60	12	24
41	61	21	22
41	62	118	119
41	63	65	66
41	64	21	22
41	65	124	125
41	66	99	100
41	67	114	115
41	68	329	330
41	69	55	56
41	70	67	68
41	71	67	68
41	72	55	56
41	73	23	29
41	74	37	75
41	75	311	312
41	76	28	34
41	77	12	24
41	78	37	75
41	79	65	66
41	80	37	75
41	81	0	0
41	82	0	0
41	83	28	34
41	84	43	44
41	85	74	86
41	86	94	95
41	87	0	0
41	88	0	0
41	89	45	46
41	90	65	66
41	91	67	68
41	92	55	56
41	93	74	86
41	94	359	360
41	95	162	163
41	96	43	44
41	97	225	226
41	98	334	335
41	99	266	267
41	100	155	156
41	101	259	260
41	102	164	165
41	103	0	0
41	104	0	0
41	105	31	32
41	106	51	52
41	107	48	49
41	108	62	63
41	109	62	63
41	110	166	167
41	111	116	117
41	112	97	98
41	113	87	88
41	114	249	250
41	115	158	159
41	116	0	0
41	117	0	0
41	118	238	239
41	119	177	178
41	120	81	82
41	121	65	66
41	122	114	115
41	123	48	49
41	124	139	140
41	125	135	136
41	126	23	29
41	127	124	125
41	128	31	32
41	129	94	95
41	130	85	131
41	131	327	328
41	132	74	86
41	133	101	102
41	134	33	38
41	135	288	289
41	136	175	176
41	137	62	63
41	138	116	117
41	139	160	161
41	140	449	450
41	141	147	148
41	142	320	321
41	143	118	119
41	144	141	142
41	145	118	119
41	146	124	125
41	147	353	354
41	148	208	209
41	149	37	75
41	150	116	117
41	151	103	104
41	152	114	115
41	153	135	136
41	154	87	88
41	155	168	169
41	156	210	211
41	157	116	117
41	158	170	171
41	159	181	182
41	160	657	658
41	161	337	338
41	162	532	533
41	163	273	274
41	164	0	0
41	165	0	0
41	166	0	0
41	167	0	0
41	168	190	191
41	169	251	252
41	170	0	0
41	171	0	0
41	172	74	86
41	173	124	125
41	174	43	44
41	175	201	202
41	176	348	349
41	177	246	247
41	178	443	444
41	179	160	161
41	180	87	88
41	181	0	0
41	182	0	0
41	183	155	156
41	184	158	159
41	185	147	148
41	186	85	131
41	187	219	220
41	188	640	641
41	189	85	131
41	190	0	0
41	191	0	0
41	192	103	104
41	193	166	167
41	194	162	163
41	195	101	102
41	196	160	161
41	197	170	171
41	198	147	148
41	199	101	102
41	200	175	176
41	201	0	0
41	202	0	0
41	203	158	159
41	204	135	136
41	205	155	156
41	206	103	104
41	207	155	156
41	208	322	323
41	209	236	237
41	210	240	241
41	211	213	214
41	212	181	182
41	213	0	0
41	214	0	0
41	215	170	171
41	216	164	165
41	217	210	211
41	218	201	202
41	219	264	265
41	220	284	285
41	221	141	142
41	222	99	100
41	223	48	49
41	224	85	131
41	225	299	300
41	226	440	441
41	227	99	100
41	228	225	226
41	229	110	111
41	230	110	111
41	231	187	188
41	232	190	191
41	233	190	191
41	234	208	209
41	235	94	95
41	236	719	720
41	237	855	856
41	238	313	314
41	239	255	256
41	240	0	0
41	241	0	0
41	242	114	115
41	243	166	167
41	244	201	202
41	245	236	237
41	246	305	306
41	247	651	652
41	248	166	167
41	249	290	291
41	250	373	374
41	251	0	0
41	252	0	0
41	253	162	163
41	254	201	202
41	255	293	294
41	256	0	0
41	257	141	142
41	258	175	176
41	259	0	0
41	260	0	0
41	261	278	279
41	262	518	519
41	263	251	252
41	264	582	583
41	265	492	493
41	266	529	530
41	267	629	630
41	268	139	140
41	269	238	239
41	270	110	111
41	271	187	188
41	272	99	100
41	273	404	405
41	274	632	633
41	275	130	276
41	276	559	560
41	277	94	95
41	278	0	0
41	279	0	0
41	280	130	276
41	281	162	163
41	282	236	237
41	283	190	191
41	284	0	0
41	285	939	940
41	286	181	182
41	287	236	237
41	288	428	429
41	289	309	310
41	290	0	0
41	291	0	0
41	292	284	285
41	293	870	871
41	294	899	900
41	295	293	294
41	296	164	165
41	297	187	188
41	298	158	159
41	299	0	0
41	300	0	0
41	301	219	220
41	302	147	148
41	303	261	262
41	304	181	182
41	305	325	326
41	306	0	0
41	307	266	267
41	308	238	239
41	309	0	0
41	310	0	0
41	311	406	407
41	312	0	0
41	313	485	486
41	314	617	618
41	315	213	214
41	316	275	317
41	317	638	639
41	318	130	276
41	319	170	171
41	320	388	389
41	321	482	483
41	322	331	332
41	323	343	344
41	324	160	161
41	325	0	0
41	326	0	0
41	327	379	380
41	328	395	396
41	329	341	342
41	330	384	385
41	331	675	676
41	332	663	664
41	333	264	265
41	334	557	558
41	335	917	918
41	336	313	314
41	337	0	0
41	338	0	0
41	339	313	314
41	340	219	220
41	341	574	575
41	342	351	352
41	343	884	885
41	344	436	437
41	345	135	136
41	346	261	262
41	347	273	274
41	348	0	0
41	349	0	0
41	350	177	178
41	351	0	0
41	352	0	0
41	353	375	376
41	354	513	514
41	355	284	285
41	356	249	250
41	357	343	344
41	358	309	310
41	359	377	378
41	360	598	599
41	361	225	226
41	362	177	178
41	363	316	364
41	364	467	468
41	365	325	326
41	366	353	354
41	367	177	178
41	368	175	176
41	369	299	300
41	370	81	82
41	371	359	360
41	372	266	267
41	373	0	0
41	374	0	0
41	375	757	758
41	376	455	456
41	377	460	461
41	378	732	733
41	379	706	707
41	380	424	425
41	381	213	214
41	382	284	285
41	383	81	82
41	384	587	588
41	385	524	525
41	386	363	387
41	387	490	491
41	388	0	0
41	389	447	448
41	390	305	306
41	391	353	354
41	392	331	332
41	393	359	360
41	394	213	214
41	395	409	410
41	396	0	0
41	397	210	211
41	398	316	364
41	399	331	332
41	400	309	310
41	401	210	211
41	402	343	344
41	403	97	98
41	404	0	0
41	405	859	860
41	406	738	739
41	407	682	683
41	408	348	349
41	409	553	554
41	410	0	0
41	411	386	412
41	412	416	417
41	413	290	291
41	414	273	274
41	415	384	385
41	416	458	459
41	417	452	453
41	418	259	260
41	419	266	267
41	420	343	344
41	421	309	310
41	422	411	423
41	423	431	432
41	424	433	434
41	425	847	848
41	426	388	389
41	427	225	226
41	428	0	0
41	429	0	0
41	430	351	352
41	431	462	463
41	432	812	813
41	433	498	499
41	434	600	601
41	435	305	306
41	436	830	831
41	437	522	523
41	438	278	279
41	439	118	119
41	440	0	0
41	441	0	0
41	442	411	423
41	443	469	470
41	444	0	0
41	445	443	444
41	446	278	279
41	447	0	0
41	448	505	506
41	449	594	595
41	450	0	0
41	451	325	326
41	452	507	508
41	453	592	593
41	454	404	405
41	455	564	565
41	456	570	571
41	457	259	260
41	458	0	0
41	459	0	0
41	460	0	0
41	461	539	540
41	462	797	798
41	463	934	935
41	464	449	450
41	465	275	317
41	466	275	317
41	467	680	681
41	468	501	502
41	469	0	0
41	470	0	0
41	471	377	378
41	472	320	321
41	473	273	274
41	474	290	291
41	475	327	328
41	476	449	450
41	477	130	276
41	478	467	468
41	479	255	256
41	480	388	389
41	481	351	352
41	482	880	881
41	483	634	635
41	484	443	444
41	485	537	538
41	486	926	927
41	487	168	169
41	488	404	405
41	489	416	417
41	490	621	622
41	491	0	0
41	492	0	0
41	493	0	0
41	494	395	396
41	495	409	410
41	496	261	262
41	497	322	323
41	498	516	517
41	499	555	556
41	500	384	385
41	501	711	712
41	502	613	614
41	503	406	407
41	504	341	342
41	505	636	637
41	506	770	771
41	507	666	667
41	508	700	701
41	509	97	98
41	510	447	448
41	511	320	321
41	512	255	256
41	513	0	0
41	514	0	0
41	515	492	493
41	516	625	626
41	517	566	567
41	518	0	0
41	519	0	0
41	520	325	326
41	521	377	378
41	522	0	0
41	523	0	0
41	524	0	0
41	525	0	0
41	526	375	376
41	527	299	300
41	528	482	483
41	529	534	535
41	530	906	907
41	531	259	260
41	532	845	846
41	533	0	0
41	534	0	0
41	535	0	0
41	536	462	463
41	537	0	0
41	538	0	0
41	539	970	971
41	540	0	0
41	541	467	468
41	542	452	453
41	543	505	506
41	544	249	250
41	545	539	540
41	546	482	483
41	547	299	300
41	548	485	486
41	549	498	499
41	550	293	294
41	551	246	247
41	552	482	483
41	553	611	612
41	554	0	0
41	555	709	710
41	556	0	0
41	557	0	0
41	558	0	0
41	559	589	590
41	560	0	0
41	561	329	330
41	562	251	252
41	563	313	314
41	564	781	782
41	565	727	728
41	566	786	787
41	567	0	0
41	568	518	519
41	569	462	463
41	570	985	986
41	571	645	646
41	572	452	453
41	573	139	140
41	574	0	0
41	575	0	0
41	576	440	441
41	577	249	250
41	578	460	461
41	579	395	396
41	580	246	247
41	581	458	459
41	582	0	0
41	583	0	0
41	584	379	380
41	585	320	321
41	586	359	360
41	587	0	0
41	588	0	0
41	589	761	762
41	590	929	930
41	591	311	312
41	592	931	932
41	593	691	692
41	594	0	0
41	595	0	0
41	596	452	453
41	597	331	332
41	598	0	0
41	599	0	0
41	600	0	0
41	601	736	737
41	602	293	294
41	603	329	330
41	604	327	328
41	605	208	209
41	606	278	279
41	607	537	538
41	608	505	506
41	609	539	540
41	610	375	376
41	611	795	796
41	612	0	0
41	613	0	0
41	614	0	0
41	615	329	330
41	616	458	459
41	617	0	0
41	618	868	869
41	619	322	323
41	620	240	241
41	621	0	0
41	622	804	805
41	623	433	434
41	624	311	312
41	625	723	724
41	626	806	807
41	627	529	530
41	628	460	461
41	629	704	705
41	630	694	695
41	631	518	519
41	632	893	894
41	633	717	718
41	634	0	0
41	635	0	0
41	636	740	741
41	637	783	784
41	638	837	838
41	639	842	843
41	640	0	0
41	641	799	800
41	642	208	209
41	643	632	633
41	644	379	380
41	645	0	0
41	646	0	0
41	647	636	637
41	648	574	575
41	649	462	463
41	650	238	239
41	651	0	0
41	652	0	0
41	653	341	342
41	654	555	556
41	655	553	554
41	656	524	525
41	657	0	0
41	658	0	0
41	659	288	289
41	660	613	614
41	661	469	470
41	662	651	652
41	663	0	0
41	664	0	0
41	665	539	540
41	666	943	944
41	667	0	0
41	668	469	470
41	669	613	614
41	670	404	405
41	671	505	506
41	672	598	599
41	673	255	256
41	674	139	140
41	675	0	0
41	676	0	0
41	677	240	241
41	678	436	437
41	679	632	633
41	680	981	982
41	681	909	910
41	682	0	0
41	683	951	952
41	684	469	470
41	685	449	450
41	686	611	612
41	687	311	312
41	688	507	508
41	689	264	265
41	690	570	571
41	691	755	756
41	692	0	0
41	693	164	165
41	694	0	0
41	695	0	0
41	696	613	614
41	697	377	378
41	698	553	554
41	699	589	590
41	700	0	0
41	701	0	0
41	702	409	410
41	703	431	432
41	704	0	0
41	705	0	0
41	706	729	730
41	707	851	852
41	708	680	681
41	709	0	0
41	710	778	779
41	711	0	0
41	712	873	874
41	713	663	664
41	714	485	486
41	715	431	432
41	716	513	514
41	717	0	0
41	718	0	0
41	719	941	942
41	720	0	0
41	721	518	519
41	722	592	593
41	723	742	743
41	724	0	0
41	725	431	432
41	726	589	590
41	727	0	0
41	728	0	0
41	729	983	984
41	730	802	803
41	731	598	599
41	732	0	0
41	733	0	0
41	734	447	448
41	735	290	291
41	736	0	0
41	737	0	0
41	738	0	0
41	739	766	767
41	740	0	0
41	741	0	0
41	742	746	747
41	743	896	897
41	744	428	429
41	745	327	328
41	746	0	0
41	747	0	0
41	748	460	461
41	749	666	667
41	750	379	380
41	751	386	412
41	752	663	664
41	753	455	456
41	754	651	652
41	755	961	962
41	756	889	890
41	757	875	876
41	758	924	925
41	759	316	364
41	760	409	410
41	761	0	0
41	762	0	0
41	763	428	429
41	764	727	728
41	765	513	514
41	766	0	0
41	767	0	0
41	768	498	499
41	769	490	491
41	770	0	0
41	771	0	0
41	772	719	720
41	773	600	601
41	774	757	758
41	775	564	565
41	776	219	220
41	777	557	558
41	778	0	0
41	779	0	0
41	780	598	599
41	781	0	0
41	782	0	0
41	783	0	0
41	784	0	0
41	785	458	459
41	786	862	863
41	787	887	888
41	788	555	556
41	789	770	771
41	790	522	523
41	791	736	737
41	792	657	658
41	793	589	590
41	794	447	448
41	795	0	0
41	796	956	957
41	797	0	0
41	798	0	0
41	799	0	0
41	800	0	0
41	801	264	265
41	802	0	0
41	803	0	0
41	804	0	0
41	805	0	0
41	806	0	0
41	807	0	0
41	808	757	758
41	809	440	441
41	810	168	169
41	811	490	491
41	812	0	0
41	813	989	990
41	814	557	558
41	815	422	816
41	816	0	0
41	817	761	762
41	818	732	733
41	819	395	396
41	820	557	558
41	821	812	813
41	822	625	626
41	823	675	676
41	824	611	612
41	825	766	767
41	826	507	508
41	827	799	800
41	828	288	289
41	829	736	737
41	830	0	0
41	831	0	0
41	832	424	425
41	833	706	707
41	834	704	705
41	835	634	635
41	836	436	437
41	837	0	0
41	838	878	879
41	839	746	747
41	840	534	535
41	841	704	705
41	842	0	0
41	843	0	0
41	844	657	658
41	845	0	0
41	846	0	0
41	847	972	973
41	848	976	977
41	849	351	352
41	850	802	803
41	851	0	0
41	852	966	967
41	853	436	437
41	854	766	767
41	855	0	0
41	856	0	0
41	857	534	535
41	858	770	771
41	859	904	905
41	860	0	0
41	861	851	852
41	862	0	0
41	863	0	0
41	864	727	728
41	865	757	758
41	866	553	554
41	867	812	813
41	868	0	0
41	869	0	0
41	870	0	0
41	871	0	0
41	872	537	538
41	873	0	0
41	874	0	0
41	875	0	0
41	876	0	0
41	877	802	803
41	878	0	0
41	879	0	0
41	880	0	0
41	881	0	0
41	882	516	517
41	883	611	612
41	884	0	0
41	885	0	0
41	886	433	434
41	887	0	0
41	888	0	0
41	889	0	0
41	890	912	913
41	891	723	724
41	892	842	843
41	893	0	0
41	894	0	0
41	895	657	658
41	896	0	0
41	897	0	0
41	898	887	888
41	899	0	0
41	900	0	0
41	901	675	676
41	902	386	412
41	903	582	583
41	904	0	0
41	905	920	921
41	906	0	0
41	907	0	0
41	908	851	852
41	909	0	0
41	910	0	0
41	911	334	335
41	912	0	0
41	913	0	0
41	914	384	385
41	915	617	618
41	916	428	429
41	917	0	0
41	918	0	0
41	919	625	626
41	920	0	0
41	921	0	0
41	922	375	376
41	923	727	728
41	924	0	0
41	925	0	0
41	926	0	0
41	927	0	0
41	928	534	535
41	929	0	0
41	930	0	0
41	931	0	0
41	932	0	0
41	933	433	434
41	934	0	0
41	935	0	0
41	936	559	560
41	937	275	317
41	938	513	514
41	939	0	0
41	940	0	0
41	941	0	0
41	942	994	995
41	943	0	0
41	944	0	0
41	945	786	787
41	946	411	423
41	947	830	831
41	948	632	633
41	949	939	940
41	950	931	932
41	951	0	0
41	952	0	0
41	953	929	930
41	954	636	637
41	955	847	848
41	956	0	0
41	957	0	0
41	958	621	622
41	959	868	869
41	960	761	762
41	961	0	0
41	962	0	0
41	963	645	646
41	964	781	782
41	965	766	767
41	966	0	0
41	967	0	0
41	968	600	601
41	969	797	798
41	970	0	0
41	971	0	0
41	972	0	0
41	973	0	0
41	974	815	975
41	975	0	0
41	976	0	0
41	977	0	0
41	978	316	364
41	979	812	813
41	980	926	927
41	981	0	0
41	982	0	0
41	983	0	0
41	984	0	0
41	985	0	0
41	986	0	0
41	987	592	593
41	988	498	499
41	989	0	0
41	990	0	0
41	991	985	986
41	992	334	335
41	993	770	771
41	994	0	0
41	995	0	0
41	996	564	565
41	997	783	784
41	998	717	718
41	999	532	533
41	1000	424	425
