30	1	0	0
30	2	1	3
30	3	0	0
30	4	1	3
30	5	2	6
30	6	7	8
30	7	0	0
30	8	0	0
30	9	1	3
30	10	7	8
30	11	2	6
30	12	7	8
30	13	1	3
30	14	7	8
30	15	2	6
30	16	5	17
30	17	56	57
30	18	16	19
30	19	0	0
30	20	16	19
30	21	2	6
30	22	18	23
30	23	54	55
30	24	16	19
30	25	16	19
30	26	5	17
30	27	5	17
30	28	5	17
30	29	18	23
30	30	22	31
30	31	35	36
30	32	18	23
30	33	22	31
30	34	18	23
30	35	37	38
30	36	39	40
30	37	0	0
30	38	64	65
30	39	42	43
30	40	49	50
30	41	39	40
30	42	44	45
30	43	58	59
30	44	75	76
30	45	46	47
30	46	0	0
30	47	0	0
30	48	44	45
30	49	62	63
30	50	98	99
30	51	30	52
30	52	94	95
30	53	37	38
30	54	0	0
30	55	0	0
30	56	116	117
30	57	78	79
30	58	81	82
30	59	68	69
30	60	44	45
30	61	39	40
30	62	85	86
30	63	112	113
30	64	131	132
30	65	108	109
30	66	56	57
30	67	64	65
30	68	0	0
30	69	0	0
30	70	56	57
30	71	64	65
30	72	30	52
30	73	44	45
30	74	22	31
30	75	0	0
30	76	0	0
30	77	75	76
30	78	0	0
30	79	0	0
30	80	58	59
30	81	0	0
30	82	0	0
30	83	81	82
30	84	30	52
30	85	0	0
30	86	0	0
30	87	22	31
30	88	75	76
30	89	51	90
30	90	128	129
30	91	35	36
30	92	56	57
30	93	51	90
30	94	0	0
30	95	124	125
30	96	39	40
30	97	85	86
30	98	180	181
30	99	138	139
30	100	58	59
30	101	30	52
30	102	68	69
30	103	35	36
30	104	58	59
30	105	62	63
30	106	75	76
30	107	64	65
30	108	0	0
30	109	198	199
30	110	89	111
30	111	133	134
30	112	0	0
30	113	0	0
30	114	35	36
30	115	94	95
30	116	0	0
30	117	0	0
30	118	116	117
30	119	42	43
30	120	98	99
30	121	51	90
30	122	89	111
30	123	46	47
30	124	148	149
30	125	150	151
30	126	94	95
30	127	116	117
30	128	0	0
30	129	187	188
30	130	81	82
30	131	176	177
30	132	0	0
30	133	140	141
30	134	153	154
30	135	81	82
30	136	98	99
30	137	68	69
30	138	0	0
30	139	0	0
30	140	157	158
30	141	0	0
30	142	110	143
30	143	0	0
30	144	110	143
30	145	51	90
30	146	140	141
30	147	68	69
30	148	0	0
30	149	0	0
30	150	0	0
30	151	0	0
30	152	85	86
30	153	171	172
30	154	169	170
30	155	46	47
30	156	131	132
30	157	0	0
30	158	160	161
30	159	110	143
30	160	0	0
30	161	0	0
30	162	142	163
30	163	0	0
30	164	133	134
30	165	133	134
30	166	148	149
30	167	133	134
30	168	89	111
30	169	0	0
30	170	0	0
30	171	0	0
30	172	0	0
30	173	142	163
30	174	78	79
30	175	160	161
30	176	0	0
30	177	0	0
30	178	78	79
30	179	124	125
30	180	0	0
30	181	0	0
30	182	108	109
30	183	37	38
30	184	37	38
30	185	42	43
30	186	42	43
30	187	0	0
30	188	0	0
30	189	162	190
30	190	0	0
30	191	85	86
30	192	89	111
30	193	138	139
30	194	157	158
30	195	138	139
30	196	176	177
30	197	157	158
30	198	0	0
30	199	0	0
30	200	160	161
