49	1	0	0
49	2	1	3
49	3	0	0
49	4	1	3
49	5	1	3
49	6	2	7
49	7	11	12
49	8	2	7
49	9	6	10
49	10	140	141
49	11	0	0
49	12	0	0
49	13	1	3
49	14	6	10
49	15	11	12
49	16	9	17
49	17	32	33
49	18	6	10
49	19	9	17
49	20	2	7
49	21	2	7
49	22	9	17
49	23	11	12
49	24	16	25
49	25	29	30
49	26	9	17
49	27	16	25
49	28	16	25
49	29	36	37
49	30	34	35
49	31	6	10
49	32	271	272
49	33	47	48
49	34	50	51
49	35	42	43
49	36	154	155
49	37	92	93
49	38	34	35
49	39	34	35
49	40	24	41
49	41	45	46
49	42	58	59
49	43	212	213
49	44	34	35
49	45	105	106
49	46	53	54
49	47	108	109
49	48	180	181
49	49	24	41
49	50	60	61
49	51	69	70
49	52	36	37
49	53	63	64
49	54	66	67
49	55	50	51
49	56	40	57
49	57	126	127
49	58	0	0
49	59	0	0
49	60	0	0
49	61	0	0
49	62	60	61
49	63	169	170
49	64	115	116
49	65	63	64
49	66	156	157
49	67	102	103
49	68	50	51
49	69	0	0
49	70	0	0
49	71	40	57
49	72	40	57
49	73	56	74
49	74	120	121
49	75	50	51
49	76	63	64
49	77	53	54
49	78	66	67
49	79	24	41
49	80	45	46
49	81	16	25
49	82	63	64
49	83	24	41
49	84	29	30
49	85	45	46
49	86	56	74
49	87	66	67
49	88	69	70
49	89	42	43
49	90	58	59
49	91	69	70
49	92	132	133
49	93	112	113
49	94	29	30
49	95	32	33
49	96	36	37
49	97	45	46
49	98	40	57
49	99	69	70
49	100	47	48
49	101	36	37
49	102	251	252
49	103	228	229
49	104	32	33
49	105	117	118
49	106	559	560
49	107	102	103
49	108	0	0
49	109	0	0
49	110	32	33
49	111	11	12
49	112	0	0
49	113	0	0
49	114	112	113
49	115	226	227
49	116	124	125
49	117	245	246
49	118	216	217
49	119	115	116
49	120	193	194
49	121	255	256
49	122	117	118
49	123	108	109
49	124	0	0
49	125	0	0
49	126	167	168
49	127	129	130
49	128	115	116
49	129	158	159
49	130	294	295
49	131	102	103
49	132	0	0
49	133	0	0
49	134	112	113
49	135	60	61
49	136	56	74
49	137	56	74
49	138	60	61
49	139	108	109
49	140	144	145
49	141	712	713
49	142	132	133
49	143	29	30
49	144	0	0
49	145	0	0
49	146	66	67
49	147	42	43
49	148	102	103
49	149	120	121
49	150	115	116
49	151	108	109
49	152	73	153
49	153	162	163
49	154	253	254
49	155	195	196
49	156	174	175
49	157	313	314
49	158	220	221
49	159	171	172
49	160	105	106
49	161	132	133
49	162	237	238
49	163	165	166
49	164	120	121
49	165	257	258
49	166	442	443
49	167	183	184
49	168	585	586
49	169	198	199
49	170	223	224
49	171	189	190
49	172	231	232
49	173	129	130
49	174	0	0
49	175	0	0
49	176	117	118
49	177	117	118
49	178	92	93
49	179	120	121
49	180	0	0
49	181	0	0
49	182	129	130
49	183	315	316
49	184	0	0
49	185	73	153
49	186	156	157
49	187	165	166
49	188	167	168
49	189	385	386
49	190	459	460
49	191	112	113
49	192	165	166
49	193	407	408
49	194	291	292
49	195	0	0
49	196	0	0
49	197	193	194
49	198	0	0
49	199	0	0
49	200	167	168
49	201	92	93
49	202	42	43
49	203	162	163
49	204	169	170
49	205	171	172
49	206	124	125
49	207	144	145
49	208	180	181
49	209	198	199
49	210	92	93
49	211	129	130
49	212	0	0
49	213	0	0
49	214	189	190
49	215	165	166
49	216	468	469
49	217	235	236
49	218	124	125
49	219	180	181
49	220	436	437
49	221	277	278
49	222	58	59
49	223	0	0
49	224	0	0
49	225	167	168
49	226	0	0
49	227	0	0
49	228	0	0
49	229	0	0
49	230	158	159
49	231	327	328
49	232	924	925
49	233	156	157
49	234	189	190
49	235	0	0
49	236	0	0
49	237	239	240
49	238	267	268
49	239	331	332
49	240	462	463
49	241	169	170
49	242	156	157
49	243	174	175
49	244	231	232
49	245	356	357
49	246	647	648
49	247	53	54
49	248	124	125
49	249	162	163
49	250	235	236
49	251	0	0
49	252	0	0
49	253	0	0
49	254	0	0
49	255	275	276
49	256	342	343
49	257	368	369
49	258	383	384
49	259	216	217
49	260	239	240
49	261	154	155
49	262	126	127
49	263	245	246
49	264	58	59
49	265	195	196
49	266	140	141
49	267	537	538
49	268	545	546
49	269	195	196
49	270	154	155
49	271	372	373
49	272	615	616
49	273	174	175
49	274	239	240
49	275	333	334
49	276	284	285
49	277	517	518
49	278	400	401
49	279	193	194
49	280	226	227
49	281	180	181
49	282	195	196
49	283	226	227
49	284	289	290
49	285	429	430
49	286	271	272
49	287	284	285
49	288	171	172
49	289	719	720
49	290	488	489
49	291	624	625
49	292	311	312
49	293	47	48
49	294	402	403
49	295	781	782
49	296	289	290
49	297	193	194
49	298	171	172
49	299	257	258
49	300	53	54
49	301	284	285
49	302	183	184
49	303	126	127
49	304	289	290
49	305	223	224
49	306	257	258
49	307	231	232
49	308	289	290
49	309	212	213
49	310	231	232
49	311	0	0
49	312	359	360
49	313	0	0
49	314	0	0
49	315	979	980
49	316	678	679
49	317	294	295
49	318	154	155
49	319	73	153
49	320	291	292
49	321	311	312
49	322	294	295
49	323	158	159
49	324	126	127
49	325	144	145
49	326	158	159
49	327	0	0
49	328	0	0
49	329	284	285
49	330	223	224
49	331	387	388
49	332	0	0
49	333	338	339
49	334	362	363
49	335	267	268
49	336	183	184
49	337	255	256
49	338	0	0
49	339	409	410
49	340	216	217
49	341	105	106
49	342	561	562
49	343	507	508
49	344	216	217
49	345	237	238
49	346	253	254
49	347	327	328
49	348	277	278
49	349	144	145
49	350	277	278
49	351	245	246
49	352	277	278
49	353	73	153
49	354	235	236
49	355	294	295
49	356	0	0
49	357	0	0
49	358	356	357
49	359	754	755
49	360	948	949
49	361	169	170
49	362	394	395
49	363	0	0
49	364	359	360
49	365	132	133
49	366	189	190
49	367	331	332
49	368	528	529
49	369	370	371
49	370	543	544
49	371	510	511
49	372	0	0
49	373	0	0
49	374	237	238
49	375	223	224
49	376	311	312
49	377	291	292
49	378	251	252
49	379	356	357
49	380	331	332
49	381	237	238
49	382	226	227
49	383	512	513
49	384	631	632
49	385	0	0
49	386	0	0
49	387	763	764
49	388	398	399
49	389	245	246
49	390	387	388
49	391	338	339
49	392	275	276
49	393	174	175
49	394	799	800
49	395	481	482
49	396	228	229
49	397	105	106
49	398	0	0
49	399	0	0
49	400	0	0
49	401	0	0
49	402	422	423
49	403	414	415
49	404	359	360
49	405	385	386
49	406	338	339
49	407	416	417
49	408	0	0
49	409	726	727
49	410	450	451
49	411	407	408
49	412	356	357
49	413	372	373
49	414	635	636
49	415	858	859
49	416	666	667
49	417	577	578
49	418	372	373
49	419	140	141
49	420	251	252
49	421	220	221
49	422	490	491
49	423	485	486
49	424	331	332
49	425	416	417
49	426	47	48
49	427	342	343
49	428	183	184
49	429	448	449
49	430	474	475
49	431	267	268
49	432	402	403
49	433	370	371
49	434	212	213
49	435	251	252
49	436	477	478
49	437	606	607
49	438	409	410
49	439	368	369
49	440	368	369
49	441	359	360
49	442	553	554
49	443	0	0
49	444	271	272
49	445	313	314
49	446	291	292
49	447	212	213
49	448	601	602
49	449	522	523
49	450	0	0
49	451	0	0
49	452	422	423
49	453	414	415
49	454	271	272
49	455	436	437
49	456	400	401
49	457	313	314
49	458	414	415
49	459	0	0
49	460	0	0
49	461	255	256
49	462	505	506
49	463	497	498
49	464	370	371
49	465	368	369
49	466	362	363
49	467	416	417
49	468	0	0
49	469	0	0
49	470	315	316
49	471	462	463
49	472	275	276
49	473	429	430
49	474	550	551
49	475	890	891
49	476	235	236
49	477	0	0
49	478	0	0
49	479	220	221
49	480	387	388
49	481	0	0
49	482	0	0
49	483	333	334
49	484	311	312
49	485	0	0
49	486	0	0
49	487	436	437
49	488	580	581
49	489	716	717
49	490	0	0
49	491	0	0
49	492	220	221
49	493	468	469
49	494	370	371
49	495	477	478
49	496	402	403
49	497	514	515
49	498	691	692
49	499	462	463
49	500	140	141
49	501	315	316
49	502	228	229
49	503	385	386
49	504	398	399
49	505	874	875
49	506	663	664
49	507	0	0
49	508	531	532
49	509	422	423
49	510	650	651
49	511	0	0
49	512	964	965
49	513	0	0
49	514	811	812
49	515	573	574
49	516	400	401
49	517	0	0
49	518	0	0
49	519	485	486
49	520	255	256
49	521	497	498
49	522	0	0
49	523	0	0
49	524	162	163
49	525	522	523
49	526	402	403
49	527	327	328
49	528	0	0
49	529	0	0
49	530	338	339
49	531	556	557
49	532	596	597
49	533	239	240
49	534	436	437
49	535	414	415
49	536	315	316
49	537	587	588
49	538	992	993
49	539	422	423
49	540	485	486
49	541	228	229
49	542	267	268
49	543	835	836
49	544	628	629
49	545	0	0
49	546	702	703
49	547	313	314
49	548	429	430
49	549	275	276
49	550	0	0
49	551	0	0
49	552	450	451
49	553	599	600
49	554	738	739
49	555	400	401
49	556	613	614
49	557	693	694
49	558	543	544
49	559	589	590
49	560	814	815
49	561	565	566
49	562	0	0
49	563	459	460
49	564	477	478
49	565	0	0
49	566	735	736
49	567	514	515
49	568	488	489
49	569	561	562
49	570	507	508
49	571	507	508
49	572	372	373
49	573	608	609
49	574	731	732
49	575	474	475
49	576	490	491
49	577	675	676
49	578	733	734
49	579	553	554
49	580	0	0
49	581	0	0
49	582	442	443
49	583	514	515
49	584	481	482
49	585	0	0
49	586	883	884
49	587	592	593
49	588	640	641
49	589	929	930
49	590	0	0
49	591	522	523
49	592	0	0
49	593	0	0
49	594	407	408
49	595	198	199
49	596	746	747
49	597	904	905
49	598	522	523
49	599	0	0
49	600	643	644
49	601	0	0
49	602	0	0
49	603	517	518
49	604	448	449
49	605	429	430
49	606	0	0
49	607	0	0
49	608	0	0
49	609	0	0
49	610	497	498
49	611	409	410
49	612	553	554
49	613	0	0
49	614	0	0
49	615	0	0
49	616	0	0
49	617	565	566
49	618	585	586
49	619	257	258
49	620	545	546
49	621	327	328
49	622	474	475
49	623	507	508
49	624	761	762
49	625	0	0
49	626	383	384
49	627	545	546
49	628	633	634
49	629	0	0
49	630	459	460
49	631	652	653
49	632	658	659
49	633	0	0
49	634	0	0
49	635	0	0
49	636	0	0
49	637	635	636
49	638	448	449
49	639	528	529
49	640	0	0
49	641	645	646
49	642	556	557
49	643	698	699
49	644	681	682
49	645	742	743
49	646	0	0
49	647	0	0
49	648	0	0
49	649	599	600
49	650	700	701
49	651	0	0
49	652	686	687
49	653	707	708
49	654	387	388
49	655	505	506
49	656	448	449
49	657	383	384
49	658	668	669
49	659	0	0
49	660	505	506
49	661	517	518
49	662	647	648
49	663	837	838
49	664	723	724
49	665	556	557
49	666	0	0
49	667	778	779
49	668	0	0
49	669	893	894
49	670	613	614
49	671	650	651
49	672	645	646
49	673	650	651
49	674	474	475
49	675	0	0
49	676	805	806
49	677	675	676
49	678	841	842
49	679	705	706
49	680	606	607
49	681	0	0
49	682	0	0
49	683	512	513
49	684	198	199
49	685	385	386
49	686	0	0
49	687	751	752
49	688	398	399
49	689	505	506
49	690	675	676
49	691	0	0
49	692	961	962
49	693	0	0
49	694	0	0
49	695	514	515
49	696	333	334
49	697	573	574
49	698	789	790
49	699	869	870
49	700	0	0
49	701	0	0
49	702	816	817
49	703	0	0
49	704	615	616
49	705	0	0
49	706	0	0
49	707	721	722
49	708	912	913
49	709	643	644
49	710	693	694
49	711	253	254
49	712	0	0
49	713	0	0
49	714	342	343
49	715	556	557
49	716	0	0
49	717	0	0
49	718	481	482
49	719	759	760
49	720	950	951
49	721	0	0
49	722	0	0
49	723	801	802
49	724	0	0
49	725	383	384
49	726	0	0
49	727	0	0
49	728	450	451
49	729	537	538
49	730	601	602
49	731	0	0
49	732	0	0
49	733	0	0
49	734	0	0
49	735	920	921
49	736	956	957
49	737	468	469
49	738	809	810
49	739	0	0
49	740	561	562
49	741	738	739
49	742	0	0
49	743	0	0
49	744	633	634
49	745	666	667
49	746	0	0
49	747	0	0
49	748	702	703
49	749	599	600
49	750	488	489
49	751	0	0
49	752	0	0
49	753	481	482
49	754	0	0
49	755	775	776
49	756	537	538
49	757	585	586
49	758	608	609
49	759	0	0
49	760	0	0
49	761	0	0
49	762	0	0
49	763	0	0
49	764	827	828
49	765	761	762
49	766	721	722
49	767	647	648
49	768	580	581
49	769	650	651
49	770	497	498
49	771	686	687
49	772	675	676
49	773	531	532
49	774	442	443
49	775	0	0
49	776	0	0
49	777	407	408
49	778	0	0
49	779	822	823
49	780	633	634
49	781	908	909
49	782	0	0
49	783	700	701
49	784	731	732
49	785	585	586
49	786	751	752
49	787	712	713
49	788	553	554
49	789	0	0
49	790	0	0
49	791	735	736
49	792	735	736
49	793	781	782
49	794	658	659
49	795	333	334
49	796	686	687
49	797	608	609
49	798	442	443
49	799	0	0
49	800	0	0
49	801	0	0
49	802	0	0
49	803	719	720
49	804	645	646
49	805	0	0
49	806	0	0
49	807	601	602
49	808	342	343
49	809	850	851
49	810	0	0
49	811	825	826
49	812	0	0
49	813	545	546
49	814	886	887
49	815	0	0
49	816	0	0
49	817	0	0
49	818	596	597
49	819	778	779
49	820	731	732
49	821	643	644
49	822	0	0
49	823	0	0
49	824	754	755
49	825	0	0
49	826	0	0
49	827	0	0
49	828	916	917
49	829	721	722
49	830	565	566
49	831	580	581
49	832	721	722
49	833	707	708
49	834	409	410
49	835	853	854
49	836	959	960
49	837	937	938
49	838	0	0
49	839	596	597
49	840	778	779
49	841	0	0
49	842	0	0
49	843	827	828
49	844	778	779
49	845	580	581
49	846	596	597
49	847	599	600
49	848	633	634
49	849	700	701
49	850	0	0
49	851	866	867
49	852	643	644
49	853	0	0
49	854	0	0
49	855	477	478
49	856	751	752
49	857	459	460
49	858	0	0
49	859	0	0
49	860	631	632
49	861	761	762
49	862	253	254
49	863	468	469
49	864	754	755
49	865	559	560
49	866	0	0
49	867	0	0
49	868	799	800
49	869	0	0
49	870	0	0
49	871	731	732
49	872	822	823
49	873	837	838
49	874	0	0
49	875	934	935
49	876	663	664
49	877	628	629
49	878	485	486
49	879	822	823
49	880	416	417
49	881	754	755
49	882	726	727
49	883	0	0
49	884	990	991
49	885	853	854
49	886	0	0
49	887	0	0
49	888	450	451
49	889	799	800
49	890	0	0
49	891	0	0
49	892	890	891
49	893	0	0
49	894	0	0
49	895	869	870
49	896	835	836
49	897	628	629
49	898	512	513
49	899	640	641
49	900	700	701
49	901	678	679
49	902	874	875
49	903	801	802
49	904	0	0
49	905	0	0
49	906	517	518
49	907	816	817
49	908	943	944
49	909	0	0
49	910	668	669
49	911	606	607
49	912	0	0
49	913	0	0
49	914	883	884
49	915	886	887
49	916	0	0
49	917	0	0
49	918	801	802
49	919	916	917
49	920	0	0
49	921	0	0
49	922	152	923
49	923	0	0
49	924	0	0
49	925	0	0
49	926	719	720
49	927	789	790
49	928	858	859
49	929	0	0
49	930	0	0
49	931	735	736
49	932	537	538
49	933	726	727
49	934	0	0
49	935	0	0
49	936	837	838
49	937	0	0
49	938	0	0
49	939	608	609
49	940	866	867
49	941	924	925
49	942	759	760
49	943	0	0
49	944	0	0
49	945	658	659
49	946	628	629
49	947	573	574
49	948	981	982
49	949	984	985
49	950	0	0
49	951	0	0
49	952	746	747
49	953	811	812
49	954	799	800
49	955	606	607
49	956	0	0
49	957	0	0
49	958	883	884
49	959	0	0
49	960	0	0
49	961	999	1000
49	962	0	0
49	963	866	867
49	964	0	0
49	965	0	0
49	966	934	935
49	967	816	817
49	968	678	679
49	969	866	867
49	970	559	560
49	971	531	532
49	972	686	687
49	973	698	699
49	974	716	717
49	975	705	706
49	976	964	965
49	977	663	664
49	978	645	646
49	979	0	0
49	980	0	0
49	981	0	0
49	982	0	0
49	983	663	664
49	984	0	0
49	985	0	0
49	986	705	706
49	987	763	764
49	988	789	790
49	989	723	724
49	990	0	0
49	991	0	0
49	992	0	0
49	993	0	0
49	994	698	699
49	995	652	653
49	996	912	913
49	997	510	511
49	998	398	399
49	999	0	0
49	1000	0	0
