33	1	0	0
33	2	1	3
33	3	0	0
33	4	1	3
33	5	1	3
33	6	2	7
33	7	8	9
33	8	0	0
33	9	0	0
33	10	2	7
33	11	2	7
33	12	1	3
33	13	2	7
33	14	8	9
33	15	8	9
33	16	6	17
33	17	18	19
33	18	23	24
33	19	69	70
33	20	6	17
33	21	8	9
33	22	18	19
33	23	0	0
33	24	0	0
33	25	18	19
33	26	6	17
33	27	18	19
33	28	16	29
33	29	35	36
33	30	23	24
33	31	6	17
33	32	23	24
33	33	28	34
33	34	39	40
33	35	95	96
33	36	87	88
33	37	16	29
33	38	35	36
33	39	41	42
33	40	50	51
33	41	46	47
33	42	54	55
33	43	16	29
33	44	16	29
33	45	28	34
33	46	62	63
33	47	52	53
33	48	39	40
33	49	41	42
33	50	71	72
33	51	106	107
33	52	0	0
33	53	0	0
33	54	56	57
33	55	81	82
33	56	0	0
33	57	0	0
33	58	54	55
33	59	39	40
33	60	33	61
33	61	67	68
33	62	0	0
33	63	0	0
33	64	62	63
33	65	41	42
33	66	28	34
33	67	97	98
33	68	91	92
33	69	0	0
33	70	0	0
33	71	0	0
33	72	73	74
33	73	0	0
33	74	0	0
33	75	28	34
33	76	46	47
33	77	39	40
33	78	33	61
33	79	71	72
33	80	41	42
33	81	0	0
33	82	0	0
33	83	71	72
33	84	54	55
33	85	62	63
33	86	73	74
33	87	104	105
33	88	117	118
33	89	46	47
33	90	23	24
33	91	127	128
33	92	0	0
33	93	69	70
33	94	69	70
33	95	148	149
33	96	100	101
33	97	158	159
33	98	180	181
33	99	56	57
33	100	0	0
33	101	0	0
33	102	50	51
33	103	52	53
33	104	0	0
33	105	0	0
33	106	137	138
33	107	172	173
33	108	71	72
33	109	50	51
33	110	52	53
33	111	35	36
33	112	97	98
33	113	35	36
33	114	46	47
33	115	54	55
33	116	97	98
33	117	0	0
33	118	0	0
33	119	52	53
33	120	62	63
33	121	33	61
33	122	87	88
33	123	73	74
33	124	91	92
33	125	81	82
33	126	106	107
33	127	140	141
33	128	131	132
33	129	87	88
33	130	69	70
33	131	0	0
33	132	0	0
33	133	67	68
33	134	127	128
33	135	87	88
33	136	67	68
33	137	0	0
33	138	0	0
33	139	100	101
33	140	0	0
33	141	143	144
33	142	95	96
33	143	0	0
33	144	0	0
33	145	91	92
33	146	81	82
33	147	127	128
33	148	0	0
33	149	0	0
33	150	127	128
33	151	67	68
33	152	131	132
33	153	60	154
33	154	164	165
33	155	131	132
33	156	73	74
33	157	137	138
33	158	178	179
33	159	189	190
33	160	91	92
33	161	148	149
33	162	81	82
33	163	140	141
33	164	0	0
33	165	195	196
33	166	56	57
33	167	97	98
33	168	137	138
33	169	50	51
33	170	148	149
33	171	158	159
33	172	0	0
33	173	0	0
33	174	95	96
33	175	100	101
33	176	60	154
33	177	60	154
33	178	0	0
33	179	0	0
33	180	191	192
33	181	0	0
33	182	153	183
33	183	0	0
33	184	143	144
33	185	131	132
33	186	33	61
33	187	95	96
33	188	153	183
33	189	0	0
33	190	197	198
33	191	0	0
33	192	0	0
33	193	189	190
33	194	140	141
33	195	0	0
33	196	0	0
33	197	0	0
33	198	0	0
33	199	104	105
33	200	0	0
