17	1	0	0
17	2	1	3
17	3	0	0
17	4	2	5
17	5	18	19
17	6	1	3
17	7	2	5
17	8	2	5
17	9	1	3
17	10	4	11
17	11	45	46
17	12	2	5
17	13	1	3
17	14	10	15
17	15	43	44
17	16	4	11
17	17	10	15
17	18	0	0
17	19	0	0
17	20	4	11
17	21	10	15
17	22	10	15
17	23	18	19
17	24	14	25
17	25	29	30
17	26	4	11
17	27	14	25
17	28	14	25
17	29	40	41
17	30	31	32
17	31	0	0
17	32	62	63
17	33	24	34
17	34	0	0
17	35	33	36
17	36	64	65
17	37	31	32
17	38	33	36
17	39	33	36
17	40	0	0
17	41	91	92
17	42	29	30
17	43	50	51
17	44	97	98
17	45	0	0
17	46	48	49
17	47	40	41
17	48	0	0
17	49	0	0
17	50	93	94
17	51	82	83
17	52	33	36
17	53	18	19
17	54	18	19
17	55	40	41
17	56	35	57
17	57	0	0
17	58	24	34
17	59	24	34
17	60	45	46
17	61	31	32
17	62	0	0
17	63	0	0
17	64	66	67
17	65	0	0
17	66	0	0
17	67	0	0
17	68	24	34
17	69	29	30
17	70	64	65
17	71	62	63
17	72	64	65
17	73	14	25
17	74	56	75
17	75	0	0
17	76	43	44
17	77	48	49
17	78	50	51
17	79	31	32
17	80	62	63
17	81	66	67
17	82	0	0
17	83	0	0
17	84	56	75
17	85	50	51
17	86	62	63
17	87	50	51
17	88	82	83
17	89	35	57
17	90	82	83
17	91	0	0
17	92	0	0
17	93	0	0
17	94	0	0
17	95	40	41
17	96	66	67
17	97	0	0
17	98	0	0
17	99	35	57
17	100	43	44
