46	1	0	0
46	2	1	3
46	3	0	0
46	4	1	3
46	5	1	3
46	6	1	3
46	7	2	8
46	8	29	30
46	9	7	10
46	10	13	14
46	11	7	10
46	12	2	8
46	13	17	18
46	14	20	21
46	15	7	10
46	16	13	14
46	17	0	0
46	18	0	0
46	19	7	10
46	20	0	0
46	21	0	0
46	22	17	18
46	23	9	24
46	24	25	26
46	25	27	28
46	26	42	43
46	27	33	34
46	28	64	65
46	29	0	0
46	30	0	0
46	31	20	21
46	32	13	14
46	33	0	0
46	34	0	0
46	35	27	28
46	36	17	18
46	37	29	30
46	38	33	34
46	39	13	14
46	40	29	30
46	41	25	26
46	42	46	47
46	43	95	96
46	44	9	24
46	45	17	18
46	46	0	0
46	47	0	0
46	48	9	24
46	49	27	28
46	50	20	21
46	51	9	24
46	52	29	30
46	53	42	43
46	54	25	26
46	55	2	8
46	56	27	28
46	57	42	43
46	58	33	34
46	59	33	34
46	60	23	61
46	61	77	78
46	62	25	26
46	63	20	21
46	64	0	0
46	65	0	0
46	66	64	65
46	67	60	68
46	68	0	0
46	69	64	65
46	70	23	61
46	71	2	8
46	72	67	73
46	73	0	0
46	74	64	65
46	75	23	61
46	76	60	68
46	77	0	0
46	78	81	82
46	79	60	68
46	80	23	61
46	81	99	100
46	82	86	87
46	83	72	84
46	84	90	91
46	85	81	82
46	86	0	0
46	87	0	0
46	88	42	43
46	89	86	87
46	90	0	0
46	91	0	0
46	92	90	91
46	93	90	91
46	94	67	73
46	95	0	0
46	96	0	0
46	97	81	82
46	98	60	68
46	99	0	0
46	100	0	0
