33	1	0	0
33	2	1	3
33	3	0	0
33	4	2	5
33	5	10	11
33	6	2	5
33	7	4	8
33	8	20	21
33	9	2	5
33	10	0	0
33	11	0	0
33	12	4	8
33	13	1	3
33	14	10	11
33	15	4	8
33	16	7	17
33	17	27	28
33	18	1	3
33	19	1	3
33	20	24	25
33	21	57	58
33	22	10	11
33	23	7	17
33	24	0	0
33	25	0	0
33	26	2	5
33	27	32	33
33	28	39	40
33	29	20	21
33	30	27	28
33	31	7	17
33	32	54	55
33	33	71	72
33	34	20	21
33	35	10	11
33	36	27	28
33	37	27	28
33	38	32	33
33	39	44	45
33	40	51	52
33	41	39	40
33	42	24	25
33	43	7	17
33	44	0	0
33	45	0	0
33	46	4	8
33	47	24	25
33	48	16	49
33	49	60	61
33	50	20	21
33	51	0	0
33	52	0	0
33	53	44	45
33	54	0	0
33	55	0	0
33	56	16	49
33	57	0	0
33	58	0	0
33	59	51	52
33	60	75	76
33	61	64	65
33	62	57	58
33	63	60	61
33	64	107	108
33	65	90	91
33	66	44	45
33	67	39	40
33	68	39	40
33	69	16	49
33	70	44	45
33	71	0	0
33	72	0	0
33	73	16	49
33	74	54	55
33	75	109	110
33	76	81	82
33	77	64	65
33	78	32	33
33	79	60	61
33	80	57	58
33	81	102	103
33	82	160	161
33	83	81	82
33	84	24	25
33	85	64	65
33	86	48	87
33	87	167	168
33	88	32	33
33	89	60	61
33	90	113	114
33	91	144	145
33	92	86	93
33	93	130	131
33	94	75	76
33	95	57	58
33	96	71	72
33	97	81	82
33	98	86	93
33	99	54	55
33	100	48	87
33	101	75	76
33	102	0	0
33	103	0	0
33	104	48	87
33	105	51	52
33	106	81	82
33	107	115	116
33	108	133	134
33	109	135	136
33	110	138	139
33	111	86	93
33	112	102	103
33	113	0	0
33	114	0	0
33	115	0	0
33	116	0	0
33	117	102	103
33	118	51	52
33	119	92	120
33	120	227	228
33	121	92	120
33	122	71	72
33	123	119	124
33	124	165	166
33	125	123	126
33	126	180	181
33	127	109	110
33	128	113	114
33	129	71	72
33	130	186	187
33	131	219	220
33	132	113	114
33	133	0	0
33	134	0	0
33	135	0	0
33	136	0	0
33	137	64	65
33	138	0	0
33	139	0	0
33	140	133	134
33	141	86	93
33	142	135	136
33	143	123	126
33	144	0	0
33	145	0	0
33	146	135	136
33	147	135	136
33	148	102	103
33	149	107	108
33	150	107	108
33	151	113	114
33	152	54	55
33	153	48	87
33	154	109	110
33	155	92	120
33	156	92	120
33	157	144	145
33	158	133	134
33	159	119	124
33	160	0	0
33	161	0	0
33	162	133	134
33	163	90	91
33	164	75	76
33	165	223	224
33	166	189	190
33	167	199	200
33	168	171	172
33	169	144	145
33	170	167	168
33	171	231	232
33	172	221	222
33	173	115	116
33	174	115	116
33	175	119	124
33	176	115	116
33	177	130	131
33	178	123	126
33	179	90	91
33	180	208	209
33	181	257	258
33	182	119	124
33	183	130	131
33	184	138	139
33	185	171	172
33	186	0	0
33	187	897	898
33	188	180	181
33	189	192	193
33	190	322	323
33	191	123	126
33	192	213	214
33	193	203	204
33	194	109	110
33	195	144	145
33	196	167	168
33	197	160	161
33	198	167	168
33	199	984	985
33	200	340	341
33	201	160	161
33	202	160	161
33	203	206	207
33	204	262	263
33	205	180	181
33	206	243	244
33	207	229	230
33	208	492	493
33	209	215	216
33	210	208	209
33	211	107	108
33	212	189	190
33	213	413	414
33	214	278	279
33	215	238	239
33	216	644	645
33	217	203	204
33	218	213	214
33	219	586	587
33	220	251	252
33	221	241	242
33	222	476	477
33	223	365	366
33	224	288	289
33	225	208	209
33	226	171	172
33	227	719	720
33	228	628	629
33	229	304	305
33	230	274	275
33	231	316	317
33	232	291	292
33	233	215	216
33	234	171	172
33	235	219	220
33	236	231	232
33	237	221	222
33	238	583	584
33	239	260	261
33	240	227	228
33	241	318	319
33	242	345	346
33	243	248	249
33	244	269	270
33	245	241	242
33	246	138	139
33	247	192	193
33	248	297	298
33	249	429	430
33	250	219	220
33	251	396	397
33	252	593	594
33	253	221	222
33	254	203	204
33	255	221	222
33	256	231	232
33	257	486	487
33	258	441	442
33	259	189	190
33	260	326	327
33	261	283	284
33	262	500	501
33	263	347	348
33	264	213	214
33	265	257	258
33	266	243	244
33	267	231	232
33	268	223	224
33	269	276	277
33	270	280	281
33	271	199	200
33	272	186	187
33	273	223	224
33	274	963	964
33	275	423	424
33	276	0	0
33	277	0	0
33	278	302	303
33	279	478	479
33	280	0	0
33	281	0	0
33	282	180	181
33	283	375	376
33	284	352	353
33	285	227	228
33	286	90	91
33	287	227	228
33	288	314	315
33	289	411	412
33	290	283	284
33	291	387	388
33	292	672	673
33	293	288	289
33	294	269	270
33	295	208	209
33	296	192	193
33	297	0	0
33	298	0	0
33	299	229	230
33	300	206	207
33	301	223	224
33	302	370	371
33	303	392	393
33	304	320	321
33	305	512	513
33	306	257	258
33	307	213	214
33	308	257	258
33	309	248	249
33	310	203	204
33	311	302	303
33	312	192	193
33	313	291	292
33	314	394	395
33	315	343	344
33	316	334	335
33	317	538	539
33	318	0	0
33	319	0	0
33	320	0	0
33	321	0	0
33	322	776	777
33	323	457	458
33	324	314	315
33	325	138	139
33	326	444	445
33	327	769	770
33	328	243	244
33	329	238	239
33	330	276	277
33	331	206	207
33	332	229	230
33	333	199	200
33	334	0	0
33	335	0	0
33	336	320	321
33	337	251	252
33	338	316	317
33	339	334	335
33	340	360	361
33	341	561	562
33	342	283	284
33	343	0	0
33	344	813	814
33	345	0	0
33	346	0	0
33	347	0	0
33	348	363	364
33	349	241	242
33	350	343	344
33	351	189	190
33	352	400	401
33	353	514	515
33	354	219	220
33	355	291	292
33	356	269	270
33	357	280	281
33	358	288	289
33	359	304	305
33	360	566	567
33	361	0	0
33	362	238	239
33	363	502	503
33	364	378	379
33	365	373	374
33	366	447	448
33	367	262	263
33	368	318	319
33	369	302	303
33	370	436	437
33	371	409	410
33	372	186	187
33	373	709	710
33	374	519	520
33	375	380	381
33	376	404	405
33	377	262	263
33	378	0	0
33	379	0	0
33	380	521	522
33	381	398	399
33	382	243	244
33	383	318	319
33	384	291	292
33	385	280	281
33	386	326	327
33	387	0	0
33	388	0	0
33	389	262	263
33	390	373	374
33	391	318	319
33	392	504	505
33	393	531	532
33	394	406	407
33	395	885	886
33	396	597	598
33	397	602	603
33	398	0	0
33	399	0	0
33	400	469	470
33	401	0	0
33	402	274	275
33	403	297	298
33	404	635	636
33	405	715	716
33	406	0	0
33	407	0	0
33	408	380	381
33	409	0	0
33	410	0	0
33	411	425	426
33	412	626	627
33	413	431	432
33	414	641	642
33	415	398	399
33	416	238	239
33	417	343	344
33	418	283	284
33	419	343	344
33	420	276	277
33	421	380	381
33	422	280	281
33	423	0	0
33	424	0	0
33	425	686	687
33	426	979	980
33	427	347	348
33	428	360	361
33	429	0	0
33	430	0	0
33	431	480	481
33	432	463	464
33	433	316	317
33	434	248	249
33	435	423	424
33	436	0	0
33	437	0	0
33	438	316	317
33	439	326	327
33	440	314	315
33	441	0	0
33	442	450	451
33	443	380	381
33	444	484	485
33	445	927	928
33	446	373	374
33	447	474	475
33	448	496	497
33	449	130	131
33	450	815	816
33	451	466	467
33	452	326	327
33	453	186	187
33	454	322	323
33	455	314	315
33	456	409	410
33	457	459	460
33	458	0	0
33	459	621	622
33	460	619	620
33	461	406	407
33	462	340	341
33	463	517	518
33	464	0	0
33	465	378	379
33	466	918	919
33	467	668	669
33	468	347	348
33	469	0	0
33	470	0	0
33	471	406	407
33	472	206	207
33	473	260	261
33	474	524	525
33	475	572	573
33	476	576	577
33	477	0	0
33	478	0	0
33	479	0	0
33	480	799	800
33	481	0	0
33	482	322	323
33	483	365	366
33	484	0	0
33	485	489	490
33	486	990	991
33	487	607	608
33	488	347	348
33	489	0	0
33	490	0	0
33	491	365	366
33	492	509	510
33	493	826	827
33	494	398	399
33	495	248	249
33	496	883	884
33	497	589	590
33	498	241	242
33	499	463	464
33	500	0	0
33	501	833	834
33	502	0	0
33	503	0	0
33	504	0	0
33	505	0	0
33	506	392	393
33	507	375	376
33	508	345	346
33	509	632	633
33	510	542	543
33	511	436	437
33	512	0	0
33	513	0	0
33	514	569	570
33	515	653	654
33	516	450	451
33	517	0	0
33	518	0	0
33	519	604	605
33	520	0	0
33	521	0	0
33	522	0	0
33	523	474	475
33	524	772	773
33	525	544	545
33	526	251	252
33	527	521	522
33	528	304	305
33	529	486	487
33	530	352	353
33	531	0	0
33	532	0	0
33	533	375	376
33	534	413	414
33	535	459	460
33	536	406	407
33	537	478	479
33	538	0	0
33	539	0	0
33	540	459	460
33	541	519	520
33	542	749	750
33	543	578	579
33	544	612	613
33	545	647	648
33	546	489	490
33	547	486	487
33	548	278	279
33	549	524	525
33	550	199	200
33	551	542	543
33	552	492	493
33	553	500	501
33	554	251	252
33	555	320	321
33	556	450	451
33	557	476	477
33	558	524	525
33	559	457	458
33	560	519	520
33	561	888	889
33	562	0	0
33	563	436	437
33	564	409	410
33	565	517	518
33	566	0	0
33	567	0	0
33	568	509	510
33	569	0	0
33	570	0	0
33	571	531	532
33	572	892	893
33	573	842	843
33	574	394	395
33	575	544	545
33	576	0	0
33	577	0	0
33	578	650	651
33	579	755	756
33	580	409	410
33	581	576	577
33	582	429	430
33	583	609	610
33	584	682	683
33	585	373	374
33	586	743	744
33	587	999	1000
33	588	394	395
33	589	874	875
33	590	0	0
33	591	466	467
33	592	260	261
33	593	675	676
33	594	705	706
33	595	447	448
33	596	441	442
33	597	0	0
33	598	693	694
33	599	486	487
33	600	304	305
33	601	500	501
33	602	0	0
33	603	666	667
33	604	797	798
33	605	0	0
33	606	431	432
33	607	688	689
33	608	0	0
33	609	0	0
33	610	0	0
33	611	360	361
33	612	0	0
33	613	0	0
33	614	429	430
33	615	492	493
33	616	542	543
33	617	457	458
33	618	463	464
33	619	860	861
33	620	786	787
33	621	0	0
33	622	733	734
33	623	459	460
33	624	524	525
33	625	320	321
33	626	0	0
33	627	0	0
33	628	0	0
33	629	801	802
33	630	628	629
33	631	322	323
33	632	911	912
33	633	656	657
33	634	517	518
33	635	0	0
33	636	0	0
33	637	576	577
33	638	589	590
33	639	500	501
33	640	621	622
33	641	0	0
33	642	0	0
33	643	628	629
33	644	972	973
33	645	0	0
33	646	561	562
33	647	0	0
33	648	0	0
33	649	363	364
33	650	868	869
33	651	0	0
33	652	431	432
33	653	0	0
33	654	0	0
33	655	597	598
33	656	746	747
33	657	877	878
33	658	392	393
33	659	569	570
33	660	602	603
33	661	457	458
33	662	514	515
33	663	436	437
33	664	561	562
33	665	260	261
33	666	0	0
33	667	0	0
33	668	677	678
33	669	0	0
33	670	609	610
33	671	619	620
33	672	0	0
33	673	0	0
33	674	514	515
33	675	735	736
33	676	0	0
33	677	0	0
33	678	752	753
33	679	360	361
33	680	423	424
33	681	450	451
33	682	0	0
33	683	0	0
33	684	334	335
33	685	668	669
33	686	0	0
33	687	700	701
33	688	922	923
33	689	724	725
33	690	502	503
33	691	302	303
33	692	276	277
33	693	0	0
33	694	0	0
33	695	668	669
33	696	478	479
33	697	650	651
33	698	215	216
33	699	504	505
33	700	920	921
33	701	0	0
33	702	561	562
33	703	514	515
33	704	345	346
33	705	0	0
33	706	794	795
33	707	480	481
33	708	521	522
33	709	0	0
33	710	711	712
33	711	0	0
33	712	0	0
33	713	378	379
33	714	644	645
33	715	0	0
33	716	0	0
33	717	682	683
33	718	682	683
33	719	0	0
33	720	0	0
33	721	375	376
33	722	509	510
33	723	431	432
33	724	0	0
33	725	729	730
33	726	724	725
33	727	576	577
33	728	589	590
33	729	0	0
33	730	835	836
33	731	607	608
33	732	378	379
33	733	0	0
33	734	0	0
33	735	0	0
33	736	0	0
33	737	398	399
33	738	394	395
33	739	656	657
33	740	672	673
33	741	288	289
33	742	607	608
33	743	0	0
33	744	0	0
33	745	370	371
33	746	759	760
33	747	0	0
33	748	441	442
33	749	0	0
33	750	784	785
33	751	719	720
33	752	821	822
33	753	764	765
33	754	607	608
33	755	870	871
33	756	757	758
33	757	0	0
33	758	851	852
33	759	839	840
33	760	0	0
33	761	542	543
33	762	711	712
33	763	711	712
33	764	0	0
33	765	0	0
33	766	504	505
33	767	340	341
33	768	469	470
33	769	809	810
33	770	0	0
33	771	668	669
33	772	0	0
33	773	0	0
33	774	425	426
33	775	632	633
33	776	0	0
33	777	0	0
33	778	509	510
33	779	586	587
33	780	538	539
33	781	688	689
33	782	278	279
33	783	604	605
33	784	0	0
33	785	0	0
33	786	0	0
33	787	0	0
33	788	784	785
33	789	644	645
33	790	165	166
33	791	297	298
33	792	447	448
33	793	269	270
33	794	0	0
33	795	0	0
33	796	635	636
33	797	0	0
33	798	0	0
33	799	0	0
33	800	0	0
33	801	0	0
33	802	906	907
33	803	274	275
33	804	297	298
33	805	749	750
33	806	612	613
33	807	278	279
33	808	729	730
33	809	0	0
33	810	879	880
33	811	653	654
33	812	586	587
33	813	0	0
33	814	908	909
33	815	0	0
33	816	0	0
33	817	480	481
33	818	799	800
33	819	764	765
33	820	797	798
33	821	0	0
33	822	0	0
33	823	647	648
33	824	474	475
33	825	764	765
33	826	0	0
33	827	0	0
33	828	619	620
33	829	764	765
33	830	621	622
33	831	826	827
33	832	413	414
33	833	960	961
33	834	0	0
33	835	956	957
33	836	0	0
33	837	711	712
33	838	813	814
33	839	0	0
33	840	0	0
33	841	719	720
33	842	913	914
33	843	0	0
33	844	733	734
33	845	441	442
33	846	801	802
33	847	688	689
33	848	597	598
33	849	476	477
33	850	693	694
33	851	0	0
33	852	0	0
33	853	215	216
33	854	229	230
33	855	677	678
33	856	682	683
33	857	612	613
33	858	478	479
33	859	586	587
33	860	954	955
33	861	937	938
33	862	851	852
33	863	413	414
33	864	392	393
33	865	609	610
33	866	602	603
33	867	444	445
33	868	0	0
33	869	0	0
33	870	0	0
33	871	929	930
33	872	870	871
33	873	609	610
33	874	0	0
33	875	0	0
33	876	589	590
33	877	0	0
33	878	0	0
33	879	0	0
33	880	0	0
33	881	345	346
33	882	480	481
33	883	0	0
33	884	0	0
33	885	0	0
33	886	894	895
33	887	352	353
33	888	0	0
33	889	0	0
33	890	531	532
33	891	621	622
33	892	924	925
33	893	0	0
33	894	993	994
33	895	0	0
33	896	489	490
33	897	0	0
33	898	900	901
33	899	502	503
33	900	0	0
33	901	0	0
33	902	772	773
33	903	365	366
33	904	797	798
33	905	860	861
33	906	0	0
33	907	952	953
33	908	0	0
33	909	0	0
33	910	466	467
33	911	0	0
33	912	0	0
33	913	0	0
33	914	0	0
33	915	447	448
33	916	874	875
33	917	612	613
33	918	0	0
33	919	0	0
33	920	0	0
33	921	0	0
33	922	974	975
33	923	0	0
33	924	0	0
33	925	0	0
33	926	521	522
33	927	939	940
33	928	0	0
33	929	0	0
33	930	0	0
33	931	874	875
33	932	370	371
33	933	842	843
33	934	920	921
33	935	801	802
33	936	688	689
33	937	0	0
33	938	0	0
33	939	0	0
33	940	0	0
33	941	425	426
33	942	752	753
33	943	729	730
33	944	715	716
33	945	784	785
33	946	352	353
33	947	813	814
33	948	799	800
33	949	749	750
33	950	496	497
33	951	929	930
33	952	0	0
33	953	0	0
33	954	0	0
33	955	0	0
33	956	0	0
33	957	0	0
33	958	860	861
33	959	469	470
33	960	0	0
33	961	0	0
33	962	746	747
33	963	0	0
33	964	0	0
33	965	274	275
33	966	918	919
33	967	908	909
33	968	913	914
33	969	888	889
33	970	675	676
33	971	569	570
33	972	0	0
33	973	0	0
33	974	0	0
33	975	0	0
33	976	870	871
33	977	894	895
33	978	835	836
33	979	0	0
33	980	0	0
33	981	752	753
33	982	700	701
33	983	963	964
33	984	0	0
33	985	0	0
33	986	735	736
33	987	531	532
33	988	757	758
33	989	474	475
33	990	0	0
33	991	0	0
33	992	755	756
33	993	0	0
33	994	0	0
33	995	444	445
33	996	757	758
33	997	578	579
33	998	496	497
33	999	0	0
33	1000	0	0
