34	1	0	0
34	2	1	3
34	3	0	0
34	4	1	3
34	5	1	3
34	6	2	7
34	7	0	0
34	8	1	3
34	9	2	7
34	10	2	7
34	11	6	12
34	12	19	20
34	13	6	12
34	14	11	15
34	15	35	36
34	16	11	15
34	17	14	18
34	18	41	42
34	19	0	0
34	20	0	0
34	21	2	7
34	22	11	15
34	23	6	12
34	24	17	25
34	25	29	30
34	26	19	20
34	27	14	18
34	28	14	18
34	29	0	0
34	30	44	45
34	31	11	15
34	32	14	18
34	33	24	34
34	34	47	48
34	35	0	0
34	36	0	0
34	37	17	25
34	38	19	20
34	39	29	30
34	40	29	30
34	41	0	0
34	42	0	0
34	43	24	34
34	44	0	0
34	45	0	0
34	46	24	34
34	47	0	0
34	48	0	0
34	49	6	12
34	50	0	0
