40	1	0	0
40	2	1	3
40	3	0	0
40	4	1	3
40	5	2	6
40	6	11	12
40	7	1	3
40	8	2	6
40	9	1	3
40	10	2	6
40	11	0	0
40	12	0	0
40	13	11	12
40	14	11	12
40	15	11	12
40	16	5	17
40	17	37	38
40	18	2	6
40	19	5	17
40	20	16	21
40	21	135	136
40	22	20	23
40	23	29	30
40	24	16	21
40	25	16	21
40	26	5	17
40	27	5	17
40	28	16	21
40	29	31	32
40	30	51	52
40	31	60	61
40	32	35	36
40	33	29	30
40	34	20	23
40	35	46	47
40	36	40	41
40	37	90	91
40	38	58	59
40	39	37	38
40	40	0	0
40	41	0	0
40	42	37	38
40	43	29	30
40	44	31	32
40	45	29	30
40	46	0	0
40	47	0	0
40	48	40	41
40	49	35	36
40	50	31	32
40	51	53	54
40	52	55	56
40	53	62	63
40	54	76	77
40	55	240	241
40	56	74	75
40	57	20	23
40	58	0	0
40	59	0	0
40	60	78	79
40	61	69	70
40	62	0	0
40	63	0	0
40	64	46	47
40	65	22	66
40	66	82	83
40	67	37	38
40	68	31	32
40	69	0	0
40	70	0	0
40	71	62	63
40	72	35	36
40	73	51	52
40	74	0	0
40	75	0	0
40	76	0	0
40	77	0	0
40	78	0	0
40	79	0	0
40	80	53	54
40	81	20	23
40	82	92	93
40	83	103	104
40	84	51	52
40	85	74	75
40	86	35	36
40	87	60	61
40	88	60	61
40	89	74	75
40	90	0	0
40	91	0	0
40	92	147	148
40	93	96	97
40	94	51	52
40	95	69	70
40	96	141	142
40	97	482	483
40	98	76	77
40	99	55	56
40	100	40	41
40	101	40	41
40	102	46	47
40	103	169	170
40	104	152	153
40	105	62	63
40	106	92	93
40	107	60	61
40	108	96	97
40	109	103	104
40	110	69	70
40	111	65	112
40	112	201	202
40	113	96	97
40	114	111	115
40	115	150	151
40	116	76	77
40	117	58	59
40	118	69	70
40	119	78	79
40	120	55	56
40	121	76	77
40	122	22	66
40	123	78	79
40	124	74	75
40	125	96	97
40	126	90	91
40	127	62	63
40	128	53	54
40	129	103	104
40	130	103	104
40	131	78	79
40	132	22	66
40	133	90	91
40	134	55	56
40	135	195	196
40	136	367	368
40	137	53	54
40	138	114	139
40	139	188	189
40	140	90	91
40	141	206	207
40	142	143	144
40	143	0	0
40	144	0	0
40	145	141	142
40	146	58	59
40	147	160	161
40	148	0	0
40	149	22	66
40	150	193	194
40	151	183	184
40	152	0	0
40	153	155	156
40	154	58	59
40	155	181	182
40	156	203	204
40	157	150	151
40	158	141	142
40	159	92	93
40	160	294	295
40	161	163	164
40	162	111	115
40	163	0	0
40	164	0	0
40	165	92	93
40	166	143	144
40	167	114	139
40	168	160	161
40	169	212	213
40	170	284	285
40	171	46	47
40	172	150	151
40	173	163	164
40	174	138	175
40	175	228	229
40	176	114	139
40	177	111	115
40	178	163	164
40	179	155	156
40	180	143	144
40	181	0	0
40	182	0	0
40	183	224	225
40	184	242	243
40	185	114	139
40	186	169	170
40	187	143	144
40	188	272	273
40	189	274	275
40	190	138	175
40	191	155	156
40	192	65	112
40	193	237	238
40	194	467	468
40	195	222	223
40	196	219	220
40	197	150	151
40	198	138	175
40	199	195	196
40	200	193	194
40	201	313	314
40	202	325	326
40	203	0	0
40	204	0	0
40	205	195	196
40	206	0	0
40	207	0	0
40	208	188	189
40	209	160	161
40	210	141	142
40	211	152	153
40	212	277	278
40	213	235	236
40	214	181	182
40	215	193	194
40	216	195	196
40	217	138	175
40	218	160	161
40	219	0	0
40	220	0	0
40	221	203	204
40	222	0	0
40	223	0	0
40	224	340	341
40	225	257	258
40	226	152	153
40	227	111	115
40	228	233	234
40	229	244	245
40	230	201	202
40	231	222	223
40	232	65	112
40	233	355	356
40	234	0	0
40	235	0	0
40	236	0	0
40	237	402	403
40	238	388	389
40	239	203	204
40	240	0	0
40	241	0	0
40	242	253	254
40	243	259	260
40	244	265	266
40	245	0	0
40	246	169	170
40	247	228	229
40	248	228	229
40	249	163	164
40	250	219	220
40	251	222	223
40	252	155	156
40	253	0	0
40	254	359	360
40	255	169	170
40	256	152	153
40	257	0	0
40	258	445	446
40	259	456	457
40	260	0	0
40	261	82	83
40	262	181	182
40	263	253	254
40	264	244	245
40	265	343	344
40	266	268	269
40	267	235	236
40	268	270	271
40	269	0	0
40	270	0	0
40	271	479	480
40	272	0	0
40	273	308	309
40	274	0	0
40	275	281	282
40	276	82	83
40	277	0	0
40	278	0	0
40	279	222	223
40	280	242	243
40	281	323	324
40	282	0	0
40	283	274	275
40	284	302	303
40	285	288	289
40	286	201	202
40	287	257	258
40	288	0	0
40	289	0	0
40	290	228	229
40	291	201	202
40	292	268	269
40	293	253	254
40	294	0	0
40	295	0	0
40	296	281	282
40	297	281	282
40	298	265	266
40	299	257	258
40	300	277	278
40	301	183	184
40	302	0	0
40	303	0	0
40	304	277	278
40	305	135	136
40	306	237	238
40	307	203	204
40	308	319	320
40	309	404	405
40	310	253	254
40	311	257	258
40	312	302	303
40	313	315	316
40	314	394	395
40	315	471	472
40	316	351	352
40	317	277	278
40	318	65	112
40	319	0	0
40	320	414	415
40	321	259	260
40	322	237	238
40	323	0	0
40	324	0	0
40	325	370	371
40	326	372	373
40	327	240	241
40	328	315	316
40	329	82	83
40	330	323	324
40	331	224	225
40	332	219	220
40	333	193	194
40	334	259	260
40	335	219	220
40	336	206	207
40	337	270	271
40	338	288	289
40	339	240	241
40	340	391	392
40	341	398	399
40	342	224	225
40	343	0	0
40	344	365	366
40	345	284	285
40	346	181	182
40	347	233	234
40	348	212	213
40	349	343	344
40	350	343	344
40	351	0	0
40	352	362	363
40	353	272	273
40	354	206	207
40	355	0	0
40	356	0	0
40	357	325	326
40	358	281	282
40	359	0	0
40	360	0	0
40	361	244	245
40	362	381	382
40	363	442	443
40	364	274	275
40	365	377	378
40	366	461	462
40	367	489	490
40	368	0	0
40	369	240	241
40	370	426	427
40	371	0	0
40	372	0	0
40	373	0	0
40	374	365	366
40	375	235	236
40	376	288	289
40	377	420	421
40	378	453	454
40	379	288	289
40	380	284	285
40	381	0	0
40	382	0	0
40	383	147	148
40	384	315	316
40	385	377	378
40	386	367	368
40	387	242	243
40	388	422	423
40	389	0	0
40	390	325	326
40	391	431	432
40	392	0	0
40	393	284	285
40	394	492	493
40	395	473	474
40	396	183	184
40	397	135	136
40	398	447	448
40	399	0	0
40	400	325	326
40	401	370	371
40	402	0	0
40	403	407	408
40	404	0	0
40	405	0	0
40	406	233	234
40	407	0	0
40	408	464	465
40	409	147	148
40	410	206	207
40	411	302	303
40	412	319	320
40	413	233	234
40	414	458	459
40	415	0	0
40	416	183	184
40	417	302	303
40	418	359	360
40	419	367	368
40	420	0	0
40	421	0	0
40	422	0	0
40	423	0	0
40	424	404	405
40	425	372	373
40	426	0	0
40	427	438	439
40	428	319	320
40	429	407	408
40	430	391	392
40	431	0	0
40	432	0	0
40	433	268	269
40	434	414	415
40	435	265	266
40	436	244	245
40	437	359	360
40	438	451	452
40	439	0	0
40	440	372	373
40	441	135	136
40	442	0	0
40	443	0	0
40	444	431	432
40	445	0	0
40	446	0	0
40	447	0	0
40	448	0	0
40	449	188	189
40	450	391	392
40	451	0	0
40	452	0	0
40	453	0	0
40	454	0	0
40	455	388	389
40	456	485	486
40	457	494	495
40	458	0	0
40	459	0	0
40	460	426	427
40	461	0	0
40	462	0	0
40	463	456	457
40	464	0	0
40	465	0	0
40	466	268	269
40	467	0	0
40	468	0	0
40	469	402	403
40	470	370	371
40	471	0	0
40	472	0	0
40	473	0	0
40	474	0	0
40	475	355	356
40	476	274	275
40	477	370	371
40	478	473	474
40	479	0	0
40	480	0	0
40	481	351	352
40	482	0	0
40	483	0	0
40	484	355	356
40	485	0	0
40	486	0	0
40	487	365	366
40	488	482	483
40	489	0	0
40	490	0	0
40	491	362	363
40	492	0	0
40	493	0	0
40	494	0	0
40	495	0	0
40	496	438	439
40	497	212	213
40	498	372	373
40	499	451	452
40	500	0	0
