22	1	0	0
22	2	1	3
22	3	0	0
22	4	1	3
22	5	1	3
22	6	1	3
22	7	2	8
22	8	10	11
22	9	2	8
22	10	0	0
22	11	0	0
22	12	7	13
22	13	30	31
22	14	10	11
22	15	12	16
22	16	43	44
22	17	2	8
22	18	7	13
22	19	15	20
22	20	26	27
22	21	19	22
22	22	23	24
22	23	51	52
22	24	56	57
22	25	23	24
22	26	40	41
22	27	78	79
22	28	7	13
22	29	12	16
22	30	38	39
22	31	47	48
22	32	19	22
22	33	30	31
22	34	23	24
22	35	23	24
22	36	15	20
22	37	10	11
22	38	0	0
22	39	0	0
22	40	71	72
22	41	0	0
22	42	7	13
22	43	156	157
22	44	58	59
22	45	40	41
22	46	15	20
22	47	0	0
22	48	0	0
22	49	2	8
22	50	40	41
22	51	342	343
22	52	213	214
22	53	40	41
22	54	30	31
22	55	12	16
22	56	68	69
22	57	74	75
22	58	145	146
22	59	89	90
22	60	38	39
22	61	15	20
22	62	43	44
22	63	10	11
22	64	38	39
22	65	38	39
22	66	12	16
22	67	47	48
22	68	134	135
22	69	84	85
22	70	51	52
22	71	81	82
22	72	76	77
22	73	51	52
22	74	117	118
22	75	211	212
22	76	0	0
22	77	0	0
22	78	102	103
22	79	176	177
22	80	56	57
22	81	0	0
22	82	0	0
22	83	26	27
22	84	119	120
22	85	264	265
22	86	43	44
22	87	74	75
22	88	30	31
22	89	0	0
22	90	0	0
22	91	56	57
22	92	58	59
22	93	21	94
22	94	151	152
22	95	21	94
22	96	78	79
22	97	78	79
22	98	68	69
22	99	76	77
22	100	93	101
22	101	161	162
22	102	105	106
22	103	149	150
22	104	68	69
22	105	0	0
22	106	0	0
22	107	51	52
22	108	81	82
22	109	89	90
22	110	26	27
22	111	84	85
22	112	105	106
22	113	43	44
22	114	68	69
22	115	81	82
22	116	58	59
22	117	125	126
22	118	143	144
22	119	0	0
22	120	0	0
22	121	89	90
22	122	74	75
22	123	119	120
22	124	105	106
22	125	0	0
22	126	0	0
22	127	19	22
22	128	93	101
22	129	21	94
22	130	56	57
22	131	81	82
22	132	125	126
22	133	71	72
22	134	181	182
22	135	137	138
22	136	125	126
22	137	0	0
22	138	0	0
22	139	21	94
22	140	105	106
22	141	134	135
22	142	134	135
22	143	0	0
22	144	0	0
22	145	0	0
22	146	0	0
22	147	117	118
22	148	119	120
22	149	0	0
22	150	0	0
22	151	243	244
22	152	338	339
22	153	145	146
22	154	74	75
22	155	149	150
22	156	168	169
22	157	248	249
22	158	19	22
22	159	26	27
22	160	149	150
22	161	172	173
22	162	220	221
22	163	119	120
22	164	58	59
22	165	145	146
22	166	102	103
22	167	47	48
22	168	0	0
22	169	0	0
22	170	168	169
22	171	117	118
22	172	192	193
22	173	222	223
22	174	100	175
22	175	250	251
22	176	195	196
22	177	255	256
22	178	137	138
22	179	156	157
22	180	89	90
22	181	0	0
22	182	0	0
22	183	100	175
22	184	181	182
22	185	149	150
22	186	84	85
22	187	93	101
22	188	100	175
22	189	137	138
22	190	93	101
22	191	84	85
22	192	409	410
22	193	385	386
22	194	181	182
22	195	0	0
22	196	0	0
22	197	102	103
22	198	125	126
22	199	181	182
22	200	78	79
22	201	71	72
22	202	47	48
22	203	117	118
22	204	195	196
22	205	102	103
22	206	172	173
22	207	137	138
22	208	161	162
22	209	168	169
22	210	168	169
22	211	227	228
22	212	494	495
22	213	215	216
22	214	217	218
22	215	312	313
22	216	379	380
22	217	267	268
22	218	489	490
22	219	143	144
22	220	308	309
22	221	224	225
22	222	496	497
22	223	233	234
22	224	361	362
22	225	237	238
22	226	192	193
22	227	0	0
22	228	0	0
22	229	71	72
22	230	143	144
22	231	220	221
22	232	215	216
22	233	418	419
22	234	259	260
22	235	156	157
22	236	220	221
22	237	304	305
22	238	371	372
22	239	224	225
22	240	227	228
22	241	192	193
22	242	233	234
22	243	315	316
22	244	280	281
22	245	233	234
22	246	215	216
22	247	195	196
22	248	0	0
22	249	0	0
22	250	290	291
22	251	292	293
22	252	134	135
22	253	227	228
22	254	222	223
22	255	0	0
22	256	0	0
22	257	255	256
22	258	222	223
22	259	405	406
22	260	401	402
22	261	211	212
22	262	248	249
22	263	143	144
22	264	0	0
22	265	0	0
22	266	192	193
22	267	0	0
22	268	0	0
22	269	267	268
22	270	211	212
22	271	233	234
22	272	267	268
22	273	195	196
22	274	259	260
22	275	264	265
22	276	267	268
22	277	227	228
22	278	213	214
22	279	213	214
22	280	0	0
22	281	301	302
22	282	250	251
22	283	250	251
22	284	156	157
22	285	76	77
22	286	76	77
22	287	264	265
22	288	237	238
22	289	264	265
22	290	317	318
22	291	297	298
22	292	487	488
22	293	295	296
22	294	172	173
22	295	0	0
22	296	414	415
22	297	350	351
22	298	394	395
22	299	290	291
22	300	176	177
22	301	476	477
22	302	352	353
22	303	215	216
22	304	399	400
22	305	0	0
22	306	295	296
22	307	280	281
22	308	363	364
22	309	0	0
22	310	151	152
22	311	145	146
22	312	0	0
22	313	0	0
22	314	308	309
22	315	439	440
22	316	453	454
22	317	336	337
22	318	334	335
22	319	243	244
22	320	151	152
22	321	211	212
22	322	301	302
22	323	224	225
22	324	259	260
22	325	100	175
22	326	292	293
22	327	315	316
22	328	312	313
22	329	308	309
22	330	250	251
22	331	295	296
22	332	292	293
22	333	224	225
22	334	354	355
22	335	0	0
22	336	403	404
22	337	0	0
22	338	0	0
22	339	0	0
22	340	292	293
22	341	290	291
22	342	369	370
22	343	377	378
22	344	301	302
22	345	342	343
22	346	172	173
22	347	222	223
22	348	301	302
22	349	161	162
22	350	356	357
22	351	0	0
22	352	389	390
22	353	0	0
22	354	0	0
22	355	420	421
22	356	0	0
22	357	492	493
22	358	280	281
22	359	243	244
22	360	213	214
22	361	0	0
22	362	0	0
22	363	412	413
22	364	0	0
22	365	354	355
22	366	338	339
22	367	361	362
22	368	354	355
22	369	446	447
22	370	437	438
22	371	0	0
22	372	0	0
22	373	315	316
22	374	297	298
22	375	259	260
22	376	176	177
22	377	0	0
22	378	0	0
22	379	0	0
22	380	0	0
22	381	237	238
22	382	304	305
22	383	304	305
22	384	377	378
22	385	0	0
22	386	0	0
22	387	377	378
22	388	385	386
22	389	0	0
22	390	0	0
22	391	151	152
22	392	371	372
22	393	220	221
22	394	0	0
22	395	461	462
22	396	377	378
22	397	243	244
22	398	248	249
22	399	0	0
22	400	0	0
22	401	426	427
22	402	0	0
22	403	0	0
22	404	422	423
22	405	0	0
22	406	0	0
22	407	217	218
22	408	255	256
22	409	466	467
22	410	0	0
22	411	401	402
22	412	0	0
22	413	442	443
22	414	0	0
22	415	0	0
22	416	369	370
22	417	363	364
22	418	431	432
22	419	434	435
22	420	479	480
22	421	0	0
22	422	0	0
22	423	448	449
22	424	389	390
22	425	412	413
22	426	0	0
22	427	0	0
22	428	350	351
22	429	350	351
22	430	354	355
22	431	0	0
22	432	0	0
22	433	394	395
22	434	0	0
22	435	0	0
22	436	342	343
22	437	0	0
22	438	0	0
22	439	0	0
22	440	456	457
22	441	403	404
22	442	0	0
22	443	0	0
22	444	312	313
22	445	161	162
22	446	0	0
22	447	0	0
22	448	0	0
22	449	463	464
22	450	217	218
22	451	342	343
22	452	312	313
22	453	458	459
22	454	0	0
22	455	439	440
22	456	0	0
22	457	0	0
22	458	0	0
22	459	0	0
22	460	437	438
22	461	0	0
22	462	473	474
22	463	0	0
22	464	0	0
22	465	399	400
22	466	0	0
22	467	0	0
22	468	369	370
22	469	334	335
22	470	458	459
22	471	418	419
22	472	426	427
22	473	0	0
22	474	0	0
22	475	248	249
22	476	0	0
22	477	0	0
22	478	431	432
22	479	0	0
22	480	0	0
22	481	385	386
22	482	456	457
22	483	371	372
22	484	399	400
22	485	453	454
22	486	290	291
22	487	0	0
22	488	0	0
22	489	0	0
22	490	0	0
22	491	422	423
22	492	0	0
22	493	0	0
22	494	0	0
22	495	0	0
22	496	0	0
22	497	0	0
22	498	369	370
22	499	237	238
22	500	0	0
