49	1	0	0
49	2	1	3
49	3	0	0
49	4	1	3
49	5	2	6
49	6	10	11
49	7	1	3
49	8	1	3
49	9	2	6
49	10	0	0
49	11	0	0
49	12	10	11
49	13	2	6
49	14	2	6
49	15	10	11
49	16	5	17
49	17	18	19
49	18	32	33
49	19	21	22
49	20	18	19
49	21	0	0
49	22	0	0
49	23	10	11
49	24	21	22
49	25	5	17
49	26	5	17
49	27	18	19
49	28	5	17
49	29	16	30
49	30	41	42
49	31	21	22
49	32	0	0
49	33	0	0
49	34	21	22
49	35	29	36
49	36	43	44
49	37	32	33
49	38	18	19
49	39	16	30
49	40	16	30
49	41	78	79
49	42	49	50
49	43	45	46
49	44	85	86
49	45	61	62
49	46	51	52
49	47	41	42
49	48	32	33
49	49	69	70
49	50	67	68
49	51	57	58
49	52	72	73
49	53	51	52
49	54	41	42
49	55	32	33
49	56	41	42
49	57	0	0
49	58	0	0
49	59	29	36
49	60	51	52
49	61	112	113
49	62	95	96
49	63	57	58
49	64	29	36
49	65	45	46
49	66	16	30
49	67	0	0
49	68	0	0
49	69	0	0
49	70	0	0
49	71	49	50
49	72	0	0
49	73	0	0
49	74	69	70
49	75	43	44
49	76	49	50
49	77	69	70
49	78	89	90
49	79	120	121
49	80	49	50
49	81	29	36
49	82	78	79
49	83	43	44
49	84	57	58
49	85	106	107
49	86	87	88
49	87	132	133
49	88	116	117
49	89	0	0
49	90	0	0
49	91	87	88
49	92	57	58
49	93	69	70
49	94	45	46
49	95	0	0
49	96	0	0
49	97	95	96
49	98	78	79
49	99	89	90
49	100	85	86
49	101	45	46
49	102	85	86
49	103	78	79
49	104	51	52
49	105	89	90
49	106	142	143
49	107	140	141
49	108	85	86
49	109	89	90
49	110	61	62
49	111	106	107
49	112	0	0
49	113	0	0
49	114	61	62
49	115	112	113
49	116	0	0
49	117	0	0
49	118	112	113
49	119	67	68
49	120	0	0
49	121	0	0
49	122	106	107
49	123	120	121
49	124	61	62
49	125	87	88
49	126	116	117
49	127	67	68
49	128	120	121
49	129	106	107
49	130	112	113
49	131	116	117
49	132	0	0
49	133	0	0
49	134	72	73
49	135	43	44
49	136	95	96
49	137	120	121
49	138	87	88
49	139	116	117
49	140	0	0
49	141	0	0
49	142	0	0
49	143	0	0
49	144	140	141
49	145	132	133
49	146	35	147
49	147	156	157
49	148	95	96
49	149	35	147
49	150	140	141
49	151	72	73
49	152	142	143
49	153	140	141
49	154	146	155
49	155	171	172
49	156	169	170
49	157	158	159
49	158	189	190
49	159	0	0
49	160	35	147
49	161	142	143
49	162	132	133
49	163	67	68
49	164	132	133
49	165	35	147
49	166	158	159
49	167	146	155
49	168	158	159
49	169	0	0
49	170	187	188
49	171	175	176
49	172	0	0
49	173	142	143
49	174	72	73
49	175	0	0
49	176	181	182
49	177	146	155
49	178	171	172
49	179	146	155
49	180	158	159
49	181	0	0
49	182	0	0
49	183	156	157
49	184	175	176
49	185	169	170
49	186	171	172
49	187	192	193
49	188	0	0
49	189	0	0
49	190	0	0
49	191	169	170
49	192	0	0
49	193	0	0
49	194	187	188
49	195	175	176
49	196	192	193
49	197	175	176
49	198	192	193
49	199	187	188
49	200	192	193
