21	1	0	0
21	2	1	3
21	3	0	0
21	4	2	5
21	5	7	8
21	6	1	3
21	7	0	0
21	8	0	0
21	9	7	8
21	10	2	5
21	11	7	8
21	12	1	3
21	13	2	5
21	14	2	5
21	15	7	8
21	16	1	3
21	17	4	18
21	18	21	22
21	19	4	18
21	20	4	18
21	21	25	26
21	22	41	42
21	23	17	24
21	24	31	32
21	25	0	0
21	26	0	0
21	27	17	24
21	28	25	26
21	29	21	22
21	30	25	26
21	31	54	55
21	32	175	176
21	33	17	24
21	34	21	22
21	35	4	18
21	36	17	24
21	37	31	32
21	38	25	26
21	39	31	32
21	40	21	22
21	41	0	0
21	42	0	0
21	43	23	44
21	44	0	0
21	45	23	44
21	46	43	47
21	47	74	75
21	48	46	49
21	49	92	93
21	50	23	44
21	51	41	42
21	52	23	44
21	53	43	47
21	54	0	0
21	55	65	66
21	56	43	47
21	57	43	47
21	58	48	59
21	59	70	71
21	60	48	59
21	61	54	55
21	62	58	63
21	63	76	77
21	64	48	59
21	65	0	0
21	66	0	0
21	67	31	32
21	68	48	59
21	69	46	49
21	70	110	111
21	71	72	73
21	72	90	91
21	73	135	136
21	74	0	0
21	75	104	105
21	76	0	0
21	77	100	101
21	78	70	71
21	79	65	66
21	80	46	49
21	81	62	82
21	82	83	84
21	83	0	0
21	84	117	118
21	85	74	75
21	86	74	75
21	87	72	73
21	88	83	84
21	89	72	73
21	90	129	130
21	91	94	95
21	92	187	188
21	93	167	168
21	94	106	107
21	95	98	99
21	96	76	77
21	97	62	82
21	98	0	0
21	99	160	161
21	100	0	0
21	101	0	0
21	102	41	42
21	103	41	42
21	104	121	122
21	105	137	138
21	106	158	159
21	107	125	126
21	108	72	73
21	109	74	75
21	110	173	174
21	111	143	144
21	112	81	113
21	113	0	0
21	114	54	55
21	115	81	113
21	116	98	99
21	117	0	0
21	118	123	124
21	119	62	82
21	120	100	101
21	121	194	195
21	122	0	0
21	123	0	0
21	124	0	0
21	125	131	132
21	126	0	0
21	127	76	77
21	128	110	111
21	129	0	0
21	130	140	141
21	131	0	0
21	132	0	0
21	133	131	132
21	134	65	66
21	135	0	0
21	136	0	0
21	137	152	153
21	138	156	157
21	139	131	132
21	140	0	0
21	141	150	151
21	142	76	77
21	143	171	172
21	144	163	164
21	145	90	91
21	146	140	141
21	147	98	99
21	148	137	138
21	149	83	84
21	150	184	185
21	151	177	178
21	152	0	0
21	153	192	193
21	154	54	55
21	155	83	84
21	156	0	0
21	157	0	0
21	158	165	166
21	159	0	0
21	160	0	0
21	161	0	0
21	162	81	113
21	163	0	0
21	164	0	0
21	165	0	0
21	166	0	0
21	167	0	0
21	168	0	0
21	169	125	126
21	170	140	141
21	171	0	0
21	172	0	0
21	173	0	0
21	174	0	0
21	175	0	0
21	176	0	0
21	177	0	0
21	178	0	0
21	179	177	178
21	180	131	132
21	181	150	151
21	182	167	168
21	183	106	107
21	184	0	0
21	185	0	0
21	186	160	161
21	187	0	0
21	188	0	0
21	189	143	144
21	190	150	151
21	191	135	136
21	192	0	0
21	193	0	0
21	194	0	0
21	195	0	0
21	196	194	195
21	197	121	122
21	198	117	118
21	199	112	200
21	200	0	0
