40	1	0	0
40	2	1	3
40	3	0	0
40	4	1	3
40	5	1	3
40	6	2	7
40	7	11	12
40	8	2	7
40	9	1	3
40	10	2	7
40	11	0	0
40	12	0	0
40	13	11	12
40	14	6	15
40	15	25	26
40	16	14	17
40	17	19	20
40	18	14	17
40	19	21	22
40	20	23	24
40	21	43	44
40	22	27	28
40	23	33	34
40	24	113	114
40	25	0	0
40	26	51	52
40	27	0	0
40	28	0	0
40	29	14	17
40	30	19	20
40	31	6	15
40	32	6	15
40	33	0	0
40	34	0	0
40	35	23	24
40	36	19	20
40	37	14	17
40	38	25	26
40	39	23	24
40	40	2	7
40	41	25	26
40	42	19	20
40	43	0	0
40	44	0	0
40	45	16	46
40	46	48	49
40	47	23	24
40	48	63	64
40	49	53	54
40	50	16	46
40	51	0	0
40	52	0	0
40	53	66	67
40	54	56	57
40	55	21	22
40	56	101	102
40	57	70	71
40	58	43	44
40	59	56	57
40	60	48	49
40	61	27	28
40	62	6	15
40	63	103	104
40	64	82	83
40	65	25	26
40	66	75	76
40	67	80	81
40	68	16	46
40	69	16	46
40	70	0	0
40	71	0	0
40	72	51	52
40	73	45	74
40	74	89	90
40	75	0	0
40	76	0	0
40	77	56	57
40	78	43	44
40	79	27	28
40	80	0	0
40	81	0	0
40	82	95	96
40	83	85	86
40	84	56	57
40	85	0	0
40	86	0	0
40	87	73	88
40	88	180	181
40	89	139	140
40	90	122	123
40	91	45	74
40	92	87	93
40	93	176	177
40	94	85	86
40	95	0	0
40	96	0	0
40	97	33	34
40	98	43	44
40	99	89	90
40	100	53	54
40	101	0	0
40	102	0	0
40	103	134	135
40	104	124	125
40	105	48	49
40	106	27	28
40	107	87	93
40	108	101	102
40	109	70	71
40	110	87	93
40	111	82	83
40	112	66	67
40	113	0	0
40	114	0	0
40	115	75	76
40	116	70	71
40	117	48	49
40	118	101	102
40	119	51	52
40	120	51	52
40	121	82	83
40	122	141	142
40	123	197	198
40	124	0	0
40	125	0	0
40	126	85	86
40	127	80	81
40	128	73	88
40	129	101	102
40	130	92	131
40	131	162	163
40	132	122	123
40	133	45	74
40	134	0	0
40	135	0	0
40	136	134	135
40	137	103	104
40	138	87	93
40	139	0	0
40	140	170	171
40	141	146	147
40	142	0	0
40	143	73	88
40	144	113	114
40	145	113	114
40	146	191	192
40	147	165	166
40	148	33	34
40	149	63	64
40	150	21	22
40	151	122	123
40	152	33	34
40	153	92	131
40	154	66	67
40	155	134	135
40	156	80	81
40	157	146	147
40	158	85	86
40	159	53	54
40	160	70	71
40	161	95	96
40	162	0	0
40	163	0	0
40	164	124	125
40	165	0	0
40	166	0	0
40	167	139	140
40	168	95	96
40	169	89	90
40	170	0	0
40	171	0	0
40	172	122	123
40	173	11	12
40	174	124	125
40	175	146	147
40	176	0	0
40	177	189	190
40	178	146	147
40	179	165	166
40	180	0	0
40	181	0	0
40	182	80	81
40	183	130	184
40	184	0	0
40	185	134	135
40	186	92	131
40	187	180	181
40	188	89	90
40	189	194	195
40	190	0	0
40	191	0	0
40	192	0	0
40	193	191	192
40	194	0	0
40	195	0	0
40	196	176	177
40	197	0	0
40	198	0	0
40	199	63	64
40	200	141	142
