11	1	0	0
11	2	1	3
11	3	0	0
11	4	1	3
11	5	2	6
11	6	15	16
11	7	1	3
11	8	2	6
11	9	2	6
11	10	5	11
11	11	13	14
11	12	1	3
11	13	19	20
11	14	29	30
11	15	0	0
11	16	0	0
11	17	10	18
11	18	27	28
11	19	0	0
11	20	0	0
11	21	17	22
11	22	0	0
11	23	19	20
11	24	10	18
11	25	2	6
11	26	15	16
11	27	0	0
11	28	0	0
11	29	0	0
11	30	0	0
11	31	21	32
11	32	43	44
11	33	10	18
11	34	19	20
11	35	15	16
11	36	13	14
11	37	29	30
11	38	10	18
11	39	17	22
11	40	29	30
11	41	29	30
11	42	21	32
11	43	0	0
11	44	0	0
11	45	27	28
11	46	21	32
11	47	43	44
11	48	21	32
11	49	31	50
11	50	0	0
