39	1	0	0
39	2	1	3
39	3	0	0
39	4	1	3
39	5	1	3
39	6	2	7
39	7	8	9
39	8	0	0
39	9	0	0
39	10	1	3
39	11	6	12
39	12	25	26
39	13	8	9
39	14	2	7
39	15	8	9
39	16	2	7
39	17	11	18
39	18	41	42
39	19	8	9
39	20	11	18
39	21	6	12
39	22	6	12
39	23	11	18
39	24	2	7
39	25	29	30
39	26	33	34
39	27	25	26
39	28	25	26
39	29	0	0
39	30	0	0
39	31	11	18
39	32	25	26
39	33	0	0
39	34	0	0
39	35	29	30
39	36	6	12
39	37	33	34
39	38	17	39
39	39	60	61
39	40	29	30
39	41	70	71
39	42	43	44
39	43	64	65
39	44	47	48
39	45	41	42
39	46	29	30
39	47	0	0
39	48	0	0
39	49	47	48
39	50	33	34
39	51	33	34
39	52	17	39
39	53	41	42
39	54	41	42
39	55	47	48
39	56	43	44
39	57	17	39
39	58	47	48
39	59	43	44
39	60	82	83
39	61	146	147
39	62	60	61
39	63	60	61
39	64	0	0
39	65	0	0
39	66	17	39
39	67	43	44
39	68	60	61
39	69	64	65
39	70	77	78
39	71	72	73
39	72	0	0
39	73	0	0
39	74	64	65
39	75	70	71
39	76	70	71
39	77	0	0
39	78	0	0
39	79	72	73
39	80	77	78
39	81	64	65
39	82	87	88
39	83	89	90
39	84	38	85
39	85	93	94
39	86	70	71
39	87	105	106
39	88	91	92
39	89	0	0
39	90	111	112
39	91	0	0
39	92	0	0
39	93	128	129
39	94	95	96
39	95	113	114
39	96	132	133
39	97	38	85
39	98	84	99
39	99	134	135
39	100	89	90
39	101	93	94
39	102	93	94
39	103	82	83
39	104	84	99
39	105	0	0
39	106	0	0
39	107	72	73
39	108	91	92
39	109	91	92
39	110	77	78
39	111	0	0
39	112	0	0
39	113	220	221
39	114	140	141
39	115	89	90
39	116	111	112
39	117	77	78
39	118	89	90
39	119	82	83
39	120	82	83
39	121	38	85
39	122	93	94
39	123	72	73
39	124	84	99
39	125	98	126
39	126	149	150
39	127	113	114
39	128	143	144
39	129	261	262
39	130	84	99
39	131	91	92
39	132	136	137
39	133	393	394
39	134	169	170
39	135	161	162
39	136	334	335
39	137	191	192
39	138	111	112
39	139	128	129
39	140	171	172
39	141	284	285
39	142	136	137
39	143	155	156
39	144	196	197
39	145	140	141
39	146	258	259
39	147	193	194
39	148	113	114
39	149	235	236
39	150	153	154
39	151	105	106
39	152	132	133
39	153	216	217
39	154	178	179
39	155	157	158
39	156	214	215
39	157	0	0
39	158	0	0
39	159	157	158
39	160	113	114
39	161	187	188
39	162	275	276
39	163	149	150
39	164	149	150
39	165	105	106
39	166	128	129
39	167	105	106
39	168	132	133
39	169	200	201
39	170	0	0
39	171	0	0
39	172	0	0
39	173	98	126
39	174	153	154
39	175	171	172
39	176	132	133
39	177	153	154
39	178	208	209
39	179	273	274
39	180	143	144
39	181	38	85
39	182	146	147
39	183	171	172
39	184	178	179
39	185	95	96
39	186	155	156
39	187	271	272
39	188	227	228
39	189	169	170
39	190	111	112
39	191	0	0
39	192	0	0
39	193	232	233
39	194	399	400
39	195	157	158
39	196	237	238
39	197	367	368
39	198	149	150
39	199	128	129
39	200	244	245
39	201	211	212
39	202	187	188
39	203	136	137
39	204	161	162
39	205	169	170
39	206	157	158
39	207	193	194
39	208	464	465
39	209	395	396
39	210	155	156
39	211	240	241
39	212	264	265
39	213	187	188
39	214	0	0
39	215	0	0
39	216	286	287
39	217	386	387
39	218	214	215
39	219	216	217
39	220	371	372
39	221	353	354
39	222	140	141
39	223	196	197
39	224	140	141
39	225	211	212
39	226	95	96
39	227	249	250
39	228	314	315
39	229	98	126
39	230	136	137
39	231	214	215
39	232	0	0
39	233	0	0
39	234	143	144
39	235	336	337
39	236	443	444
39	237	0	0
39	238	0	0
39	239	153	154
39	240	316	317
39	241	303	304
39	242	161	162
39	243	227	228
39	244	414	415
39	245	266	267
39	246	155	156
39	247	193	194
39	248	143	144
39	249	0	0
39	250	312	313
39	251	208	209
39	252	211	212
39	253	232	233
39	254	240	241
39	255	216	217
39	256	244	245
39	257	193	194
39	258	321	322
39	259	425	426
39	260	196	197
39	261	411	412
39	262	358	359
39	263	237	238
39	264	329	330
39	265	268	269
39	266	431	432
39	267	362	363
39	268	0	0
39	269	0	0
39	270	95	96
39	271	298	299
39	272	0	0
39	273	406	407
39	274	440	441
39	275	449	450
39	276	323	324
39	277	258	259
39	278	275	276
39	279	240	241
39	280	171	172
39	281	200	201
39	282	216	217
39	283	268	269
39	284	0	0
39	285	0	0
39	286	493	494
39	287	0	0
39	288	268	269
39	289	244	245
39	290	87	88
39	291	275	276
39	292	208	209
39	293	98	126
39	294	284	285
39	295	244	245
39	296	187	188
39	297	134	135
39	298	305	306
39	299	0	0
39	300	232	233
39	301	271	272
39	302	146	147
39	303	0	0
39	304	0	0
39	305	0	0
39	306	0	0
39	307	284	285
39	308	237	238
39	309	161	162
39	310	134	135
39	311	200	201
39	312	0	0
39	313	0	0
39	314	332	333
39	315	402	403
39	316	0	0
39	317	0	0
39	318	273	274
39	319	266	267
39	320	305	306
39	321	0	0
39	322	0	0
39	323	344	345
39	324	421	422
39	325	273	274
39	326	227	228
39	327	323	324
39	328	191	192
39	329	0	0
39	330	0	0
39	331	305	306
39	332	0	0
39	333	0	0
39	334	0	0
39	335	0	0
39	336	0	0
39	337	480	481
39	338	329	330
39	339	258	259
39	340	271	272
39	341	336	337
39	342	240	241
39	343	266	267
39	344	0	0
39	345	423	424
39	346	286	287
39	347	266	267
39	348	268	269
39	349	323	324
39	350	332	333
39	351	200	201
39	352	214	215
39	353	0	0
39	354	0	0
39	355	271	272
39	356	314	315
39	357	316	317
39	358	427	428
39	359	373	374
39	360	332	333
39	361	305	306
39	362	0	0
39	363	0	0
39	364	353	354
39	365	316	317
39	366	344	345
39	367	0	0
39	368	0	0
39	369	87	88
39	370	334	335
39	371	0	0
39	372	0	0
39	373	0	0
39	374	0	0
39	375	371	372
39	376	87	88
39	377	316	317
39	378	275	276
39	379	284	285
39	380	227	228
39	381	208	209
39	382	353	354
39	383	211	212
39	384	286	287
39	385	146	147
39	386	0	0
39	387	460	461
39	388	191	192
39	389	336	337
39	390	323	324
39	391	358	359
39	392	371	372
39	393	499	500
39	394	0	0
39	395	0	0
39	396	0	0
39	397	344	345
39	398	312	313
39	399	0	0
39	400	0	0
39	401	358	359
39	402	0	0
39	403	0	0
39	404	353	354
39	405	261	262
39	406	476	477
39	407	491	492
39	408	264	265
39	409	261	262
39	410	367	368
39	411	0	0
39	412	0	0
39	413	178	179
39	414	0	0
39	415	0	0
39	416	191	192
39	417	362	363
39	418	314	315
39	419	393	394
39	420	411	412
39	421	436	437
39	422	472	473
39	423	0	0
39	424	0	0
39	425	0	0
39	426	0	0
39	427	0	0
39	428	0	0
39	429	344	345
39	430	411	412
39	431	0	0
39	432	0	0
39	433	367	368
39	434	178	179
39	435	303	304
39	436	0	0
39	437	0	0
39	438	125	439
39	439	0	0
39	440	0	0
39	441	0	0
39	442	367	368
39	443	468	469
39	444	0	0
39	445	298	299
39	446	235	236
39	447	443	444
39	448	427	428
39	449	455	456
39	450	0	0
39	451	235	236
39	452	273	274
39	453	431	432
39	454	312	313
39	455	0	0
39	456	0	0
39	457	312	313
39	458	232	233
39	459	220	221
39	460	0	0
39	461	0	0
39	462	329	330
39	463	395	396
39	464	0	0
39	465	0	0
39	466	414	415
39	467	395	396
39	468	0	0
39	469	0	0
39	470	438	471
39	471	0	0
39	472	0	0
39	473	0	0
39	474	169	170
39	475	235	236
39	476	0	0
39	477	0	0
39	478	329	330
39	479	414	415
39	480	0	0
39	481	0	0
39	482	411	412
39	483	237	238
39	484	438	471
39	485	406	407
39	486	399	400
39	487	134	135
39	488	427	428
39	489	472	473
39	490	460	461
39	491	0	0
39	492	0	0
39	493	0	0
39	494	0	0
39	495	470	496
39	496	0	0
39	497	464	465
39	498	402	403
39	499	0	0
39	500	0	0
