48	1	0	0
48	2	1	3
48	3	0	0
48	4	1	3
48	5	1	3
48	6	2	7
48	7	51	52
48	8	1	3
48	9	6	10
48	10	11	12
48	11	21	22
48	12	23	24
48	13	9	14
48	14	18	19
48	15	11	12
48	16	11	12
48	17	11	12
48	18	40	41
48	19	72	73
48	20	2	7
48	21	0	0
48	22	0	0
48	23	0	0
48	24	0	0
48	25	6	10
48	26	6	10
48	27	13	28
48	28	118	119
48	29	21	22
48	30	23	24
48	31	23	24
48	32	6	10
48	33	2	7
48	34	18	19
48	35	23	24
48	36	9	14
48	37	13	28
48	38	13	28
48	39	9	14
48	40	65	66
48	41	47	48
48	42	13	28
48	43	21	22
48	44	40	41
48	45	9	14
48	46	40	41
48	47	0	0
48	48	0	0
48	49	21	22
48	50	40	41
48	51	0	0
48	52	0	0
48	53	27	54
48	54	68	69
48	55	47	48
48	56	18	19
48	57	18	19
48	58	27	54
48	59	2	7
48	60	51	52
48	61	47	48
48	62	51	52
48	63	47	48
48	64	51	52
48	65	0	0
48	66	0	0
48	67	65	66
48	68	82	83
48	69	75	76
48	70	27	54
48	71	27	54
48	72	92	93
48	73	80	81
48	74	68	69
48	75	98	99
48	76	86	87
48	77	65	66
48	78	65	66
48	79	68	69
48	80	0	0
48	81	0	0
48	82	0	0
48	83	116	117
48	84	80	81
48	85	68	69
48	86	134	135
48	87	138	139
48	88	53	89
48	89	0	0
48	90	80	81
48	91	72	73
48	92	0	0
48	93	0	0
48	94	53	89
48	95	92	93
48	96	72	73
48	97	80	81
48	98	176	177
48	99	103	104
48	100	98	99
48	101	88	102
48	102	194	195
48	103	151	152
48	104	125	126
48	105	86	87
48	106	82	83
48	107	75	76
48	108	98	99
48	109	72	73
48	110	92	93
48	111	101	112
48	112	113	114
48	113	149	150
48	114	122	123
48	115	98	99
48	116	130	131
48	117	132	133
48	118	147	148
48	119	0	0
48	120	88	102
48	121	116	117
48	122	169	170
48	123	127	128
48	124	88	102
48	125	0	0
48	126	0	0
48	127	173	174
48	128	161	162
48	129	125	126
48	130	0	0
48	131	166	167
48	132	0	0
48	133	0	0
48	134	157	158
48	135	0	0
48	136	130	131
48	137	82	83
48	138	0	0
48	139	0	0
48	140	75	76
48	141	86	87
48	142	130	131
48	143	82	83
48	144	88	102
48	145	103	104
48	146	138	139
48	147	159	160
48	148	154	155
48	149	0	0
48	150	0	0
48	151	0	0
48	152	0	0
48	153	130	131
48	154	0	0
48	155	164	165
48	156	127	128
48	157	0	0
48	158	0	0
48	159	178	179
48	160	0	0
48	161	0	0
48	162	0	0
48	163	147	148
48	164	0	0
48	165	0	0
48	166	0	0
48	167	0	0
48	168	125	126
48	169	0	0
48	170	196	197
48	171	125	126
48	172	103	104
48	173	0	0
48	174	0	0
48	175	122	123
48	176	0	0
48	177	0	0
48	178	0	0
48	179	0	0
48	180	154	155
48	181	132	133
48	182	161	162
48	183	178	179
48	184	151	152
48	185	101	112
48	186	103	104
48	187	127	128
48	188	138	139
48	189	134	135
48	190	134	135
48	191	134	135
48	192	138	139
48	193	86	87
48	194	0	0
48	195	0	0
48	196	0	0
48	197	0	0
48	198	116	117
48	199	113	114
48	200	116	117
