33	1	0	0
33	2	1	3
33	3	0	0
33	4	1	3
33	5	1	3
33	6	2	7
33	7	8	9
33	8	0	0
33	9	0	0
33	10	8	9
33	11	1	3
33	12	2	7
33	13	2	7
33	14	8	9
33	15	6	16
33	16	29	30
33	17	2	7
33	18	8	9
33	19	6	16
33	20	15	21
33	21	22	23
33	22	38	39
33	23	25	26
33	24	6	16
33	25	44	45
33	26	33	34
33	27	15	21
33	28	6	16
33	29	0	0
33	30	0	0
33	31	25	26
33	32	15	21
33	33	0	0
33	34	0	0
33	35	29	30
33	36	15	21
33	37	33	34
33	38	0	0
33	39	40	41
33	40	0	0
33	41	0	0
33	42	38	39
33	43	38	39
33	44	0	0
33	45	0	0
33	46	25	26
33	47	22	23
33	48	33	34
33	49	29	30
33	50	0	0
