22	1	0	0
22	2	1	3
22	3	0	0
22	4	2	5
22	5	6	7
22	6	0	0
22	7	0	0
22	8	4	9
22	9	10	11
22	10	46	47
22	11	12	13
22	12	0	0
22	13	0	0
22	14	10	11
22	15	6	7
22	16	10	11
22	17	2	5
22	18	8	19
22	19	23	24
22	20	12	13
22	21	1	3
22	22	8	19
22	23	38	39
22	24	36	37
22	25	6	7
22	26	1	3
22	27	8	19
22	28	1	3
22	29	2	5
22	30	12	13
22	31	12	13
22	32	4	9
22	33	8	19
22	34	2	5
22	35	23	24
22	36	40	41
22	37	59	60
22	38	76	77
22	39	49	50
22	40	0	0
22	41	0	0
22	42	23	24
22	43	23	24
22	44	6	7
22	45	36	37
22	46	0	0
22	47	0	0
22	48	46	47
22	49	0	0
22	50	0	0
22	51	36	37
22	52	38	39
22	53	49	50
22	54	4	9
22	55	49	50
22	56	46	47
22	57	10	11
22	58	40	41
22	59	0	0
22	60	0	0
22	61	59	60
22	62	46	47
22	63	38	39
22	64	40	41
22	65	59	60
22	66	40	41
22	67	36	37
22	68	4	9
22	69	49	50
22	70	59	60
22	71	18	72
22	72	73	74
22	73	82	83
22	74	79	80
22	75	38	39
22	76	0	0
22	77	0	0
22	78	18	72
22	79	85	86
22	80	110	111
22	81	73	74
22	82	137	138
22	83	106	107
22	84	76	77
22	85	88	89
22	86	0	0
22	87	73	74
22	88	0	0
22	89	0	0
22	90	18	72
22	91	71	92
22	92	0	0
22	93	71	92
22	94	91	95
22	95	96	97
22	96	108	109
22	97	124	125
22	98	18	72
22	99	91	95
22	100	94	101
22	101	148	149
22	102	73	74
22	103	88	89
22	104	91	95
22	105	76	77
22	106	0	0
22	107	133	134
22	108	119	120
22	109	114	115
22	110	0	0
22	111	0	0
22	112	108	109
22	113	110	111
22	114	0	0
22	115	117	118
22	116	94	101
22	117	0	0
22	118	128	129
22	119	0	0
22	120	154	155
22	121	91	95
22	122	79	80
22	123	71	92
22	124	0	0
22	125	131	132
22	126	96	97
22	127	76	77
22	128	151	152
22	129	165	166
22	130	85	86
22	131	135	136
22	132	156	157
22	133	0	0
22	134	0	0
22	135	140	141
22	136	0	0
22	137	146	147
22	138	0	0
22	139	94	101
22	140	159	160
22	141	174	175
22	142	131	132
22	143	131	132
22	144	94	101
22	145	110	111
22	146	0	0
22	147	0	0
22	148	196	197
22	149	0	0
22	150	119	120
22	151	0	0
22	152	0	0
22	153	114	115
22	154	186	187
22	155	0	0
22	156	167	168
22	157	182	183
22	158	154	155
22	159	0	0
22	160	0	0
22	161	159	160
22	162	140	141
22	163	148	149
22	164	88	89
22	165	0	0
22	166	0	0
22	167	171	172
22	168	0	0
22	169	108	109
22	170	156	157
22	171	0	0
22	172	0	0
22	173	148	149
22	174	0	0
22	175	0	0
22	176	135	136
22	177	82	83
22	178	85	86
22	179	156	157
22	180	140	141
22	181	154	155
22	182	199	200
22	183	0	0
22	184	71	92
22	185	171	172
22	186	191	192
22	187	0	0
22	188	110	111
22	189	133	134
22	190	135	136
22	191	0	0
22	192	0	0
22	193	191	192
22	194	106	107
22	195	106	107
22	196	0	0
22	197	0	0
22	198	156	157
22	199	0	0
22	200	0	0
