33	1	0	0
33	2	1	3
33	3	0	0
33	4	2	5
33	5	27	28
33	6	2	5
33	7	1	3
33	8	1	3
33	9	4	10
33	10	24	25
33	11	9	12
33	12	33	34
33	13	1	3
33	14	4	10
33	15	9	12
33	16	9	12
33	17	9	12
33	18	2	5
33	19	2	5
33	20	4	10
33	21	11	22
33	22	36	37
33	23	4	10
33	24	69	70
33	25	103	104
33	26	11	22
33	27	0	0
33	28	0	0
33	29	24	25
33	30	11	22
33	31	11	22
33	32	27	28
33	33	50	51
33	34	38	39
33	35	33	34
33	36	48	49
33	37	53	54
33	38	74	75
33	39	101	102
33	40	24	25
33	41	36	37
33	42	27	28
33	43	36	37
33	44	27	28
33	45	36	37
33	46	24	25
33	47	33	34
33	48	60	61
33	49	57	58
33	50	67	68
33	51	93	94
33	52	33	34
33	53	88	89
33	54	65	66
33	55	48	49
33	56	48	49
33	57	62	63
33	58	90	91
33	59	53	54
33	60	109	110
33	61	79	80
33	62	0	0
33	63	0	0
33	64	48	49
33	65	77	78
33	66	71	72
33	67	0	0
33	68	0	0
33	69	0	0
33	70	0	0
33	71	0	0
33	72	0	0
33	73	60	61
33	74	0	0
33	75	0	0
33	76	38	39
33	77	0	0
33	78	0	0
33	79	0	0
33	80	0	0
33	81	57	58
33	82	71	72
33	83	69	70
33	84	60	61
33	85	57	58
33	86	65	66
33	87	60	61
33	88	152	153
33	89	149	150
33	90	0	0
33	91	0	0
33	92	67	68
33	93	0	0
33	94	0	0
33	95	57	58
33	96	77	78
33	97	90	91
33	98	79	80
33	99	69	70
33	100	62	63
33	101	0	0
33	102	0	0
33	103	0	0
33	104	0	0
33	105	77	78
33	106	101	102
33	107	71	72
33	108	69	70
33	109	0	0
33	110	0	0
33	111	65	66
33	112	90	91
33	113	103	104
33	114	103	104
33	115	50	51
33	116	67	68
33	117	88	89
33	118	50	51
33	119	90	91
33	120	65	66
33	121	74	75
33	122	77	78
33	123	71	72
33	124	101	102
33	125	50	51
33	126	74	75
33	127	101	102
33	128	53	54
33	129	38	39
33	130	103	104
33	131	88	89
33	132	79	80
33	133	79	80
33	134	62	63
33	135	88	89
33	136	62	63
33	137	93	94
33	138	93	94
33	139	38	39
33	140	67	68
33	141	74	75
33	142	109	110
33	143	93	94
33	144	109	110
33	145	53	54
33	146	109	110
33	147	21	148
33	148	162	163
33	149	0	0
33	150	0	0
33	151	21	148
33	152	0	0
33	153	0	0
33	154	147	155
33	155	180	181
33	156	154	157
33	157	183	184
33	158	154	157
33	159	149	150
33	160	149	150
33	161	147	155
33	162	165	166
33	163	169	170
33	164	152	153
33	165	222	223
33	166	175	176
33	167	156	168
33	168	203	204
33	169	0	0
33	170	192	193
33	171	21	148
33	172	152	153
33	173	169	170
33	174	149	150
33	175	241	242
33	176	188	189
33	177	167	178
33	178	226	227
33	179	21	148
33	180	190	191
33	181	0	0
33	182	180	181
33	183	251	252
33	184	0	0
33	185	167	178
33	186	154	157
33	187	154	157
33	188	275	276
33	189	194	195
33	190	243	244
33	191	228	229
33	192	215	216
33	193	254	255
33	194	0	0
33	195	0	0
33	196	180	181
33	197	165	166
33	198	190	191
33	199	162	163
33	200	192	193
33	201	156	168
33	202	162	163
33	203	265	266
33	204	232	233
33	205	167	178
33	206	203	204
33	207	183	184
33	208	188	189
33	209	183	184
33	210	183	184
33	211	167	178
33	212	165	166
33	213	147	155
33	214	165	166
33	215	0	0
33	216	263	264
33	217	194	195
33	218	152	153
33	219	190	191
33	220	156	168
33	221	190	191
33	222	0	0
33	223	0	0
33	224	203	204
33	225	194	195
33	226	249	250
33	227	237	238
33	228	0	0
33	229	0	0
33	230	203	204
33	231	180	181
33	232	277	278
33	233	267	268
33	234	162	163
33	235	194	195
33	236	156	168
33	237	261	262
33	238	0	0
33	239	147	155
33	240	192	193
33	241	295	296
33	242	0	0
33	243	0	0
33	244	247	248
33	245	188	189
33	246	226	227
33	247	0	0
33	248	0	0
33	249	0	0
33	250	0	0
33	251	0	0
33	252	258	259
33	253	222	223
33	254	0	0
33	255	0	0
33	256	237	238
33	257	169	170
33	258	0	0
33	259	0	0
33	260	169	170
33	261	0	0
33	262	0	0
33	263	0	0
33	264	0	0
33	265	290	291
33	266	0	0
33	267	281	282
33	268	279	280
33	269	192	193
33	270	222	223
33	271	175	176
33	272	188	189
33	273	177	274
33	274	0	0
33	275	0	0
33	276	0	0
33	277	292	293
33	278	0	0
33	279	0	0
33	280	0	0
33	281	0	0
33	282	0	0
33	283	247	248
33	284	237	238
33	285	258	259
33	286	226	227
33	287	249	250
33	288	275	276
33	289	232	233
33	290	0	0
33	291	0	0
33	292	0	0
33	293	298	299
33	294	177	274
33	295	0	0
33	296	0	0
33	297	292	293
33	298	0	0
33	299	0	0
33	300	0	0
