35	1	0	0
35	2	1	3
35	3	0	0
35	4	1	3
35	5	1	3
35	6	2	7
35	7	11	12
35	8	2	7
35	9	6	10
35	10	128	129
35	11	0	0
35	12	0	0
35	13	2	7
35	14	2	7
35	15	6	10
35	16	6	10
35	17	9	18
35	18	24	25
35	19	17	20
35	20	27	28
35	21	1	3
35	22	19	23
35	23	68	69
35	24	73	74
35	25	29	30
35	26	24	25
35	27	48	49
35	28	41	42
35	29	44	45
35	30	34	35
35	31	19	23
35	32	17	20
35	33	19	23
35	34	0	0
35	35	0	0
35	36	19	23
35	37	27	28
35	38	9	18
35	39	29	30
35	40	11	12
35	41	78	79
35	42	82	83
35	43	34	35
35	44	0	0
35	45	0	0
35	46	41	42
35	47	17	20
35	48	160	161
35	49	164	165
35	50	27	28
35	51	22	52
35	52	62	63
35	53	11	12
35	54	44	45
35	55	41	42
35	56	44	45
35	57	17	20
35	58	41	42
35	59	9	18
35	60	51	61
35	61	75	76
35	62	120	121
35	63	71	72
35	64	9	18
35	65	48	49
35	66	62	63
35	67	22	52
35	68	215	216
35	69	117	118
35	70	44	45
35	71	108	109
35	72	169	170
35	73	99	100
35	74	84	85
35	75	80	81
35	76	91	92
35	77	68	69
35	78	145	146
35	79	96	97
35	80	0	0
35	81	193	194
35	82	113	114
35	83	94	95
35	84	0	0
35	85	0	0
35	86	78	79
35	87	6	10
35	88	80	81
35	89	60	90
35	90	283	284
35	91	137	138
35	92	0	0
35	93	62	63
35	94	0	0
35	95	0	0
35	96	0	0
35	97	0	0
35	98	94	95
35	99	0	0
35	100	0	0
35	101	73	74
35	102	71	72
35	103	78	79
35	104	94	95
35	105	48	49
35	106	48	49
35	107	99	100
35	108	237	238
35	109	0	0
35	110	29	30
35	111	51	61
35	112	78	79
35	113	0	0
35	114	0	0
35	115	11	12
35	116	84	85
35	117	239	240
35	118	265	266
35	119	62	63
35	120	177	178
35	121	142	143
35	122	94	95
35	123	71	72
35	124	89	125
35	125	199	200
35	126	80	81
35	127	22	52
35	128	154	155
35	129	190	191
35	130	108	109
35	131	99	100
35	132	124	133
35	133	172	173
35	134	82	83
35	135	80	81
35	136	89	125
35	137	221	222
35	138	0	0
35	139	89	125
35	140	60	90
35	141	68	69
35	142	219	220
35	143	0	0
35	144	73	74
35	145	0	0
35	146	0	0
35	147	124	133
35	148	75	76
35	149	68	69
35	150	137	138
35	151	29	30
35	152	89	125
35	153	96	97
35	154	0	0
35	155	0	0
35	156	51	61
35	157	34	35
35	158	117	118
35	159	84	85
35	160	167	168
35	161	0	0
35	162	137	138
35	163	108	109
35	164	0	0
35	165	274	275
35	166	82	83
35	167	0	0
35	168	0	0
35	169	256	257
35	170	195	196
35	171	169	170
35	172	0	0
35	173	179	180
35	174	91	92
35	175	113	114
35	176	75	76
35	177	293	294
35	178	0	0
35	179	223	224
35	180	241	242
35	181	60	90
35	182	172	173
35	183	154	155
35	184	99	100
35	185	27	28
35	186	22	52
35	187	117	118
35	188	160	161
35	189	75	76
35	190	0	0
35	191	0	0
35	192	142	143
35	193	0	0
35	194	197	198
35	195	217	218
35	196	227	228
35	197	0	0
35	198	271	272
35	199	205	206
35	200	208	209
35	201	193	194
35	202	197	198
35	203	195	196
35	204	51	61
35	205	0	0
35	206	0	0
35	207	164	165
35	208	0	0
35	209	280	281
35	210	179	180
35	211	71	72
35	212	124	133
35	213	205	206
35	214	24	25
35	215	0	0
35	216	0	0
35	217	0	0
35	218	278	279
35	219	0	0
35	220	0	0
35	221	276	277
35	222	0	0
35	223	0	0
35	224	0	0
35	225	142	143
35	226	199	200
35	227	0	0
35	228	230	231
35	229	154	155
35	230	0	0
35	231	0	0
35	232	120	121
35	233	96	97
35	234	169	170
35	235	221	222
35	236	172	173
35	237	289	290
35	238	248	249
35	239	263	264
35	240	0	0
35	241	0	0
35	242	0	0
35	243	193	194
35	244	179	180
35	245	124	133
35	246	239	240
35	247	84	85
35	248	0	0
35	249	299	300
35	250	108	109
35	251	237	238
35	252	128	129
35	253	167	168
35	254	120	121
35	255	91	92
35	256	0	0
35	257	261	262
35	258	73	74
35	259	208	209
35	260	197	198
35	261	0	0
35	262	0	0
35	263	0	0
35	264	291	292
35	265	0	0
35	266	0	0
35	267	179	180
35	268	241	242
35	269	91	92
35	270	142	143
35	271	0	0
35	272	0	0
35	273	24	25
35	274	0	0
35	275	0	0
35	276	0	0
35	277	0	0
35	278	0	0
35	279	0	0
35	280	0	0
35	281	0	0
35	282	34	35
35	283	0	0
35	284	0	0
35	285	167	168
35	286	154	155
35	287	265	266
35	288	193	194
35	289	0	0
35	290	0	0
35	291	0	0
35	292	0	0
35	293	0	0
35	294	0	0
35	295	280	281
35	296	96	97
35	297	208	209
35	298	195	196
35	299	0	0
35	300	0	0
