20	1	0	0
20	2	1	3
20	3	0	0
20	4	1	3
20	5	1	3
20	6	2	7
20	7	12	13
20	8	2	7
20	9	2	7
20	10	1	3
20	11	2	7
20	12	0	0
20	13	0	0
20	14	6	15
20	15	48	49
20	16	14	17
20	17	18	19
20	18	20	21
20	19	40	41
20	20	0	0
20	21	25	26
20	22	16	23
20	23	29	30
20	24	14	17
20	25	0	0
20	26	0	0
20	27	6	15
20	28	14	17
20	29	36	37
20	30	79	80
20	31	6	15
20	32	16	23
20	33	6	15
20	34	22	35
20	35	38	39
20	36	42	43
20	37	88	89
20	38	75	76
20	39	86	87
20	40	46	47
20	41	44	45
20	42	50	51
20	43	58	59
20	44	0	0
20	45	0	0
20	46	0	0
20	47	0	0
20	48	65	66
20	49	53	54
20	50	0	0
20	51	0	0
20	52	16	23
20	53	0	0
20	54	0	0
20	55	53	54
20	56	44	45
20	57	16	23
20	58	0	0
20	59	0	0
20	60	20	21
20	61	12	13
20	62	38	39
20	63	53	54
20	64	42	43
20	65	0	0
20	66	0	0
20	67	44	45
20	68	65	66
20	69	46	47
20	70	29	30
20	71	22	35
20	72	42	43
20	73	44	45
20	74	65	66
20	75	0	0
20	76	139	140
20	77	34	78
20	78	96	97
20	79	158	159
20	80	0	0
20	81	58	59
20	82	65	66
20	83	12	13
20	84	42	43
20	85	29	30
20	86	0	0
20	87	93	94
20	88	126	127
20	89	0	0
20	90	12	13
20	91	53	54
20	92	34	78
20	93	112	113
20	94	148	149
20	95	29	30
20	96	0	0
20	97	152	153
20	98	36	37
20	99	36	37
20	100	93	94
20	101	88	89
20	102	88	89
20	103	22	35
20	104	22	35
20	105	40	41
20	106	75	76
20	107	86	87
20	108	88	89
20	109	25	26
20	110	50	51
20	111	46	47
20	112	192	193
20	113	165	166
20	114	96	97
20	115	75	76
20	116	96	97
20	117	96	97
20	118	18	19
20	119	38	39
20	120	40	41
20	121	86	87
20	122	20	21
20	123	40	41
20	124	93	94
20	125	20	21
20	126	0	0
20	127	0	0
20	128	126	127
20	129	79	80
20	130	112	113
20	131	14	17
20	132	112	113
20	133	126	127
20	134	75	76
20	135	38	39
20	136	18	19
20	137	112	113
20	138	58	59
20	139	142	143
20	140	0	0
20	141	46	47
20	142	171	172
20	143	160	161
20	144	48	49
20	145	139	140
20	146	142	143
20	147	18	19
20	148	0	0
20	149	163	164
20	150	34	78
20	151	34	78
20	152	189	190
20	153	0	0
20	154	86	87
20	155	25	26
20	156	77	157
20	157	0	0
20	158	0	0
20	159	173	174
20	160	0	0
20	161	0	0
20	162	160	161
20	163	0	0
20	164	0	0
20	165	0	0
20	166	0	0
20	167	36	37
20	168	163	164
20	169	25	26
20	170	48	49
20	171	0	0
20	172	0	0
20	173	0	0
20	174	0	0
20	175	50	51
20	176	58	59
20	177	163	164
20	178	79	80
20	179	148	149
20	180	50	51
20	181	173	174
20	182	142	143
20	183	152	153
20	184	142	143
20	185	152	153
20	186	77	157
20	187	152	153
20	188	48	49
20	189	198	199
20	190	196	197
20	191	171	172
20	192	0	0
20	193	0	0
20	194	160	161
20	195	93	94
20	196	0	0
20	197	0	0
20	198	0	0
20	199	0	0
20	200	148	149
