34	1	0	0
34	2	1	3
34	3	0	0
34	4	2	5
34	5	6	7
34	6	0	0
34	7	0	0
34	8	1	3
34	9	1	3
34	10	4	11
34	11	18	19
34	12	10	13
34	13	39	40
34	14	1	3
34	15	4	11
34	16	2	5
34	17	6	7
34	18	27	28
34	19	22	23
34	20	18	19
34	21	2	5
34	22	0	0
34	23	0	0
34	24	10	13
34	25	4	11
34	26	18	19
34	27	0	0
34	28	0	0
34	29	18	19
34	30	6	7
34	31	6	7
34	32	10	13
34	33	22	23
34	34	22	23
34	35	2	5
34	36	22	23
34	37	27	28
34	38	27	28
34	39	47	48
34	40	45	46
34	41	4	11
34	42	10	13
34	43	27	28
34	44	39	40
34	45	65	66
34	46	72	73
34	47	484	485
34	48	78	79
34	49	12	50
34	50	51	52
34	51	60	61
34	52	56	57
34	53	51	52
34	54	47	48
34	55	39	40
34	56	58	59
34	57	139	140
34	58	74	75
34	59	101	102
34	60	93	94
34	61	68	69
34	62	49	63
34	63	112	113
34	64	60	61
34	65	0	0
34	66	0	0
34	67	12	50
34	68	124	125
34	69	90	91
34	70	62	71
34	71	99	100
34	72	0	0
34	73	0	0
34	74	0	0
34	75	0	0
34	76	39	40
34	77	47	48
34	78	0	0
34	79	0	0
34	80	65	66
34	81	51	52
34	82	68	69
34	83	72	73
34	84	49	63
34	85	70	86
34	86	110	111
34	87	78	79
34	88	12	50
34	89	70	86
34	90	0	0
34	91	0	0
34	92	58	59
34	93	121	122
34	94	116	117
34	95	45	46
34	96	65	66
34	97	12	50
34	98	58	59
34	99	114	115
34	100	133	134
34	101	0	0
34	102	0	0
34	103	65	66
34	104	60	61
34	105	51	52
34	106	90	91
34	107	60	61
34	108	72	73
34	109	68	69
34	110	118	119
34	111	126	127
34	112	177	178
34	113	167	168
34	114	153	154
34	115	147	148
34	116	0	0
34	117	0	0
34	118	427	428
34	119	230	231
34	120	118	119
34	121	0	0
34	122	0	0
34	123	74	75
34	124	0	0
34	125	0	0
34	126	202	203
34	127	238	239
34	128	90	91
34	129	45	46
34	130	118	119
34	131	47	48
34	132	93	94
34	133	183	184
34	134	162	163
34	135	56	57
34	136	62	71
34	137	121	122
34	138	62	71
34	139	260	261
34	140	155	156
34	141	101	102
34	142	78	79
34	143	126	127
34	144	99	100
34	145	124	125
34	146	70	86
34	147	359	360
34	148	317	318
34	149	99	100
34	150	70	86
34	151	45	46
34	152	49	63
34	153	342	343
34	154	262	263
34	155	0	0
34	156	0	0
34	157	78	79
34	158	56	57
34	159	62	71
34	160	147	148
34	161	110	111
34	162	174	175
34	163	242	243
34	164	112	113
34	165	121	122
34	166	121	122
34	167	285	286
34	168	274	275
34	169	68	69
34	170	118	119
34	171	58	59
34	172	56	57
34	173	93	94
34	174	0	0
34	175	235	236
34	176	110	111
34	177	189	190
34	178	179	180
34	179	244	245
34	180	205	206
34	181	90	91
34	182	114	115
34	183	323	324
34	184	200	201
34	185	124	125
34	186	177	178
34	187	116	117
34	188	155	156
34	189	194	195
34	190	309	310
34	191	124	125
34	192	183	184
34	193	74	75
34	194	210	211
34	195	311	312
34	196	189	190
34	197	189	190
34	198	126	127
34	199	126	127
34	200	240	241
34	201	368	369
34	202	0	0
34	203	327	328
34	204	139	140
34	205	223	224
34	206	293	294
34	207	110	111
34	208	101	102
34	209	177	178
34	210	0	0
34	211	0	0
34	212	93	94
34	213	72	73
34	214	202	203
34	215	179	180
34	216	205	206
34	217	177	178
34	218	155	156
34	219	162	163
34	220	183	184
34	221	155	156
34	222	112	113
34	223	0	0
34	224	0	0
34	225	167	168
34	226	200	201
34	227	210	211
34	228	200	201
34	229	99	100
34	230	270	271
34	231	0	0
34	232	147	148
34	233	189	190
34	234	194	195
34	235	0	0
34	236	249	250
34	237	74	75
34	238	333	334
34	239	477	478
34	240	277	278
34	241	380	381
34	242	289	290
34	243	335	336
34	244	251	252
34	245	255	256
34	246	179	180
34	247	162	163
34	248	205	206
34	249	0	0
34	250	0	0
34	251	0	0
34	252	0	0
34	253	244	245
34	254	116	117
34	255	0	0
34	256	0	0
34	257	174	175
34	258	179	180
34	259	153	154
34	260	0	0
34	261	0	0
34	262	387	388
34	263	307	308
34	264	240	241
34	265	147	148
34	266	183	184
34	267	112	113
34	268	139	140
34	269	235	236
34	270	378	379
34	271	0	0
34	272	174	175
34	273	202	203
34	274	406	407
34	275	281	282
34	276	223	224
34	277	0	0
34	278	0	0
34	279	244	245
34	280	116	117
34	281	0	0
34	282	287	288
34	283	205	206
34	284	251	252
34	285	302	303
34	286	305	306
34	287	0	0
34	288	0	0
34	289	0	0
34	290	0	0
34	291	49	63
34	292	240	241
34	293	0	0
34	294	0	0
34	295	223	224
34	296	194	195
34	297	249	250
34	298	251	252
34	299	281	282
34	300	249	250
34	301	260	261
34	302	320	321
34	303	375	376
34	304	240	241
34	305	0	0
34	306	0	0
34	307	409	410
34	308	401	402
34	309	0	0
34	310	345	346
34	311	0	0
34	312	0	0
34	313	244	245
34	314	249	250
34	315	274	275
34	316	293	294
34	317	419	420
34	318	350	351
34	319	202	203
34	320	0	0
34	321	0	0
34	322	260	261
34	323	0	0
34	324	473	474
34	325	317	318
34	326	238	239
34	327	0	0
34	328	366	367
34	329	327	328
34	330	287	288
34	331	223	224
34	332	114	115
34	333	0	0
34	334	0	0
34	335	452	453
34	336	445	446
34	337	302	303
34	338	289	290
34	339	85	340
34	340	487	488
34	341	320	321
34	342	392	393
34	343	382	383
34	344	162	163
34	345	0	0
34	346	0	0
34	347	238	239
34	348	305	306
34	349	235	236
34	350	495	496
34	351	0	0
34	352	281	282
34	353	194	195
34	354	230	231
34	355	230	231
34	356	251	252
34	357	350	351
34	358	277	278
34	359	0	0
34	360	390	391
34	361	320	321
34	362	230	231
34	363	242	243
34	364	345	346
34	365	210	211
34	366	435	436
34	367	421	422
34	368	437	438
34	369	0	0
34	370	101	102
34	371	255	256
34	372	235	236
34	373	114	115
34	374	281	282
34	375	0	0
34	376	0	0
34	377	289	290
34	378	0	0
34	379	0	0
34	380	0	0
34	381	0	0
34	382	0	0
34	383	439	440
34	384	359	360
34	385	345	346
34	386	174	175
34	387	447	448
34	388	0	0
34	389	359	360
34	390	398	399
34	391	0	0
34	392	424	425
34	393	0	0
34	394	307	308
34	395	302	303
34	396	335	336
34	397	242	243
34	398	0	0
34	399	0	0
34	400	238	239
34	401	0	0
34	402	0	0
34	403	153	154
34	404	85	340
34	405	366	367
34	406	0	0
34	407	0	0
34	408	153	154
34	409	0	0
34	410	0	0
34	411	375	376
34	412	200	201
34	413	380	381
34	414	302	303
34	415	368	369
34	416	375	376
34	417	392	393
34	418	293	294
34	419	0	0
34	420	0	0
34	421	0	0
34	422	0	0
34	423	305	306
34	424	0	0
34	425	0	0
34	426	421	422
34	427	0	0
34	428	0	0
34	429	409	410
34	430	317	318
34	431	421	422
34	432	133	134
34	433	139	140
34	434	387	388
34	435	458	459
34	436	499	500
34	437	0	0
34	438	0	0
34	439	0	0
34	440	0	0
34	441	335	336
34	442	419	420
34	443	427	428
34	444	167	168
34	445	0	0
34	446	0	0
34	447	0	0
34	448	0	0
34	449	262	263
34	450	287	288
34	451	320	321
34	452	0	0
34	453	0	0
34	454	285	286
34	455	323	324
34	456	401	402
34	457	333	334
34	458	0	0
34	459	0	0
34	460	85	340
34	461	309	310
34	462	380	381
34	463	368	369
34	464	309	310
34	465	260	261
34	466	285	286
34	467	452	453
34	468	390	391
34	469	85	340
34	470	133	134
34	471	305	306
34	472	262	263
34	473	0	0
34	474	0	0
34	475	375	376
34	476	473	474
34	477	0	0
34	478	0	0
34	479	390	391
34	480	435	436
34	481	458	459
34	482	285	286
34	483	350	351
34	484	0	0
34	485	0	0
34	486	242	243
34	487	0	0
34	488	0	0
34	489	366	367
34	490	380	381
34	491	323	324
34	492	277	278
34	493	317	318
34	494	277	278
34	495	0	0
34	496	0	0
34	497	289	290
34	498	293	294
34	499	0	0
34	500	0	0
