28	1	0	0
28	2	1	3
28	3	0	0
28	4	1	3
28	5	1	3
28	6	2	7
28	7	8	9
28	8	0	0
28	9	0	0
28	10	6	11
28	11	26	27
28	12	1	3
28	13	6	11
28	14	8	9
28	15	6	11
28	16	2	7
28	17	8	9
28	18	10	19
28	19	31	32
28	20	6	11
28	21	2	7
28	22	10	19
28	23	18	24
28	24	35	36
28	25	8	9
28	26	46	47
28	27	80	81
28	28	2	7
28	29	26	27
28	30	26	27
28	31	52	53
28	32	164	165
28	33	31	32
28	34	18	24
28	35	58	59
28	36	49	50
28	37	10	19
28	38	31	32
28	39	18	24
28	40	10	19
28	41	23	42
28	42	123	124
28	43	31	32
28	44	23	42
28	45	18	24
28	46	0	0
28	47	0	0
28	48	26	27
28	49	99	100
28	50	93	94
28	51	46	47
28	52	56	57
28	53	102	103
28	54	23	42
28	55	46	47
28	56	0	0
28	57	0	0
28	58	118	119
28	59	62	63
28	60	35	36
28	61	35	36
28	62	156	157
28	63	71	72
28	64	46	47
28	65	62	63
28	66	41	67
28	67	73	74
28	68	23	42
28	69	62	63
28	70	35	36
28	71	0	0
28	72	0	0
28	73	162	163
28	74	75	76
28	75	84	85
28	76	0	0
28	77	71	72
28	78	62	63
28	79	49	50
28	80	0	0
28	81	0	0
28	82	52	53
28	83	80	81
28	84	91	92
28	85	86	87
28	86	104	105
28	87	147	148
28	88	73	74
28	89	56	57
28	90	80	81
28	91	145	146
28	92	0	0
28	93	188	189
28	94	0	0
28	95	91	92
28	96	56	57
28	97	84	85
28	98	80	81
28	99	143	144
28	100	110	111
28	101	41	67
28	102	0	0
28	103	0	0
28	104	132	133
28	105	121	122
28	106	41	67
28	107	104	105
28	108	104	105
28	109	91	92
28	110	0	0
28	111	0	0
28	112	73	74
28	113	102	103
28	114	91	92
28	115	104	105
28	116	75	76
28	117	102	103
28	118	0	0
28	119	149	150
28	120	102	103
28	121	0	0
28	122	0	0
28	123	0	0
28	124	129	130
28	125	49	50
28	126	123	124
28	127	99	100
28	128	118	119
28	129	0	0
28	130	171	172
28	131	58	59
28	132	0	0
28	133	0	0
28	134	129	130
28	135	93	94
28	136	71	72
28	137	132	133
28	138	86	87
28	139	71	72
28	140	49	50
28	141	73	74
28	142	118	119
28	143	0	0
28	144	0	0
28	145	166	167
28	146	195	196
28	147	180	181
28	148	0	0
28	149	0	0
28	150	0	0
28	151	145	146
28	152	99	100
28	153	143	144
28	154	118	119
28	155	75	76
28	156	0	0
28	157	0	0
28	158	56	57
28	159	99	100
28	160	121	122
28	161	84	85
28	162	0	0
28	163	0	0
28	164	0	0
28	165	0	0
28	166	0	0
28	167	0	0
28	168	166	167
28	169	84	85
28	170	93	94
28	171	0	0
28	172	0	0
28	173	110	111
28	174	147	148
28	175	132	133
28	176	156	157
28	177	129	130
28	178	162	163
28	179	41	67
28	180	0	0
28	181	0	0
28	182	147	148
28	183	52	53
28	184	58	59
28	185	166	167
28	186	147	148
28	187	121	122
28	188	0	0
28	189	0	0
28	190	123	124
28	191	121	122
28	192	132	133
28	193	180	181
28	194	75	76
28	195	0	0
28	196	0	0
28	197	164	165
28	198	156	157
28	199	110	111
28	200	52	53
