6	1	0	0
6	2	1	3
6	3	0	0
6	4	1	3
6	5	1	3
6	6	2	7
6	7	69	70
6	8	6	9
6	9	57	58
6	10	2	7
6	11	8	12
6	12	26	27
6	13	2	7
6	14	8	12
6	15	2	7
6	16	1	3
6	17	11	18
6	18	20	21
6	19	11	18
6	20	29	30
6	21	33	34
6	22	11	18
6	23	17	24
6	24	44	45
6	25	17	24
6	26	51	52
6	27	36	37
6	28	26	27
6	29	99	100
6	30	115	116
6	31	20	21
6	32	20	21
6	33	62	63
6	34	180	181
6	35	6	9
6	36	187	188
6	37	38	39
6	38	0	0
6	39	0	0
6	40	6	9
6	41	38	39
6	42	8	12
6	43	26	27
6	44	86	87
6	45	74	75
6	46	36	37
6	47	44	45
6	48	36	37
6	49	29	30
6	50	6	9
6	51	128	129
6	52	117	118
6	53	44	45
6	54	8	12
6	55	51	52
6	56	44	45
6	57	88	89
6	58	59	60
6	59	0	0
6	60	0	0
6	61	26	27
6	62	196	197
6	63	67	68
6	64	33	34
6	65	29	30
6	66	17	24
6	67	0	0
6	68	0	0
6	69	0	0
6	70	0	0
6	71	36	37
6	72	11	18
6	73	69	70
6	74	76	77
6	75	293	294
6	76	95	96
6	77	81	82
6	78	62	63
6	79	62	63
6	80	51	52
6	81	132	133
6	82	166	167
6	83	33	34
6	84	29	30
6	85	76	77
6	86	145	146
6	87	90	91
6	88	0	0
6	89	0	0
6	90	121	122
6	91	107	108
6	92	69	70
6	93	67	68
6	94	86	87
6	95	125	126
6	96	194	195
6	97	67	68
6	98	95	96
6	99	260	261
6	100	103	104
6	101	76	77
6	102	38	39
6	103	0	0
6	104	0	0
6	105	57	58
6	106	67	68
6	107	183	184
6	108	222	223
6	109	107	108
6	110	62	63
6	111	17	24
6	112	23	113
6	113	268	269
6	114	103	104
6	115	141	142
6	116	176	177
6	117	0	0
6	118	0	0
6	119	86	87
6	120	20	21
6	121	317	318
6	122	245	246
6	123	33	34
6	124	90	91
6	125	0	0
6	126	0	0
6	127	99	100
6	128	0	0
6	129	0	0
6	130	95	96
6	131	117	118
6	132	0	0
6	133	0	0
6	134	69	70
6	135	57	58
6	136	86	87
6	137	128	129
6	138	38	39
6	139	76	77
6	140	95	96
6	141	0	0
6	142	0	0
6	143	23	113
6	144	125	126
6	145	152	153
6	146	159	160
6	147	88	89
6	148	115	116
6	149	121	122
6	150	74	75
6	151	103	104
6	152	219	220
6	153	154	155
6	154	0	0
6	155	0	0
6	156	115	116
6	157	128	129
6	158	51	52
6	159	172	173
6	160	168	169
6	161	145	146
6	162	81	82
6	163	141	142
6	164	57	58
6	165	74	75
6	166	0	0
6	167	0	0
6	168	0	0
6	169	0	0
6	170	159	160
6	171	145	146
6	172	0	0
6	173	0	0
6	174	103	104
6	175	81	82
6	176	0	0
6	177	0	0
6	178	168	169
6	179	81	82
6	180	206	207
6	181	189	190
6	182	145	146
6	183	0	0
6	184	0	0
6	185	172	173
6	186	99	100
6	187	0	0
6	188	0	0
6	189	0	0
6	190	0	0
6	191	90	91
6	192	115	116
6	193	159	160
6	194	0	0
6	195	0	0
6	196	0	0
6	197	0	0
6	198	187	188
6	199	88	89
6	200	168	169
6	201	168	169
6	202	117	118
6	203	166	167
6	204	90	91
6	205	132	133
6	206	0	0
6	207	0	0
6	208	183	184
6	209	183	184
6	210	152	153
6	211	154	155
6	212	125	126
6	213	107	108
6	214	107	108
6	215	176	177
6	216	121	122
6	217	125	126
6	218	141	142
6	219	0	0
6	220	0	0
6	221	59	60
6	222	0	0
6	223	0	0
6	224	172	173
6	225	128	129
6	226	88	89
6	227	206	207
6	228	183	184
6	229	159	160
6	230	187	188
6	231	166	167
6	232	189	190
6	233	222	223
6	234	121	122
6	235	23	113
6	236	112	237
6	237	281	282
6	238	176	177
6	239	180	181
6	240	189	190
6	241	112	237
6	242	152	153
6	243	172	173
6	244	180	181
6	245	0	0
6	246	0	0
6	247	219	220
6	248	112	237
6	249	222	223
6	250	222	223
6	251	196	197
6	252	176	177
6	253	132	133
6	254	112	237
6	255	206	207
6	256	187	188
6	257	196	197
6	258	206	207
6	259	132	133
6	260	0	0
6	261	0	0
6	262	74	75
6	263	59	60
6	264	236	265
6	265	330	331
6	266	154	155
6	267	196	197
6	268	315	316
6	269	275	276
6	270	141	142
6	271	236	265
6	272	245	246
6	273	59	60
6	274	180	181
6	275	302	303
6	276	305	306
6	277	260	261
6	278	23	113
6	279	166	167
6	280	154	155
6	281	0	0
6	282	289	290
6	283	281	282
6	284	268	269
6	285	245	246
6	286	260	261
6	287	245	246
6	288	189	190
6	289	379	380
6	290	291	292
6	291	327	328
6	292	295	296
6	293	332	333
6	294	0	0
6	295	428	429
6	296	340	341
6	297	152	153
6	298	99	100
6	299	281	282
6	300	236	265
6	301	117	118
6	302	312	313
6	303	344	345
6	304	268	269
6	305	383	384
6	306	359	360
6	307	302	303
6	308	289	290
6	309	293	294
6	310	275	276
6	311	281	282
6	312	473	474
6	313	0	0
6	314	291	292
6	315	385	386
6	316	320	321
6	317	0	0
6	318	0	0
6	319	305	306
6	320	0	0
6	321	399	400
6	322	312	313
6	323	289	290
6	324	219	220
6	325	289	290
6	326	268	269
6	327	354	355
6	328	374	375
6	329	302	303
6	330	351	352
6	331	377	378
6	332	0	0
6	333	366	367
6	334	275	276
6	335	295	296
6	336	327	328
6	337	194	195
6	338	260	261
6	339	330	331
6	340	0	0
6	341	356	357
6	342	291	292
6	343	340	341
6	344	0	0
6	345	430	431
6	346	312	313
6	347	340	341
6	348	320	321
6	349	275	276
6	350	332	333
6	351	458	459
6	352	0	0
6	353	293	294
6	354	0	0
6	355	433	434
6	356	0	0
6	357	370	371
6	358	327	328
6	359	451	452
6	360	465	466
6	361	291	292
6	362	295	296
6	363	332	333
6	364	320	321
6	365	320	321
6	366	0	0
6	367	0	0
6	368	351	352
6	369	351	352
6	370	0	0
6	371	0	0
6	372	344	345
6	373	317	318
6	374	463	464
6	375	408	409
6	376	330	331
6	377	0	0
6	378	0	0
6	379	425	426
6	380	423	424
6	381	354	355
6	382	302	303
6	383	0	0
6	384	390	391
6	385	411	412
6	386	0	0
6	387	359	360
6	388	379	380
6	389	332	333
6	390	0	0
6	391	0	0
6	392	377	378
6	393	383	384
6	394	366	367
6	395	194	195
6	396	293	294
6	397	383	384
6	398	370	371
6	399	0	0
6	400	416	417
6	401	385	386
6	402	359	360
6	403	264	404
6	404	435	436
6	405	194	195
6	406	295	296
6	407	264	404
6	408	0	0
6	409	467	468
6	410	317	318
6	411	0	0
6	412	0	0
6	413	390	391
6	414	340	341
6	415	411	412
6	416	420	421
6	417	443	444
6	418	351	352
6	419	312	313
6	420	0	0
6	421	0	0
6	422	399	400
6	423	0	0
6	424	0	0
6	425	0	0
6	426	440	441
6	427	390	391
6	428	0	0
6	429	0	0
6	430	469	470
6	431	437	438
6	432	420	421
6	433	490	491
6	434	0	0
6	435	0	0
6	436	453	454
6	437	0	0
6	438	0	0
6	439	430	431
6	440	455	456
6	441	0	0
6	442	317	318
6	443	0	0
6	444	0	0
6	445	416	417
6	446	420	421
6	447	374	375
6	448	425	426
6	449	443	444
6	450	236	265
6	451	0	0
6	452	0	0
6	453	0	0
6	454	0	0
6	455	0	0
6	456	0	0
6	457	366	367
6	458	477	478
6	459	0	0
6	460	428	429
6	461	374	375
6	462	264	404
6	463	0	0
6	464	471	472
6	465	484	485
6	466	0	0
6	467	0	0
6	468	0	0
6	469	0	0
6	470	0	0
6	471	0	0
6	472	0	0
6	473	492	493
6	474	0	0
6	475	437	438
6	476	428	429
6	477	0	0
6	478	0	0
6	479	443	444
6	480	458	459
6	481	370	371
6	482	399	400
6	483	440	441
6	484	0	0
6	485	0	0
6	486	383	384
6	487	408	409
6	488	390	391
6	489	428	429
6	490	0	0
6	491	0	0
6	492	0	0
6	493	0	0
6	494	455	456
6	495	354	355
6	496	385	386
6	497	366	367
6	498	379	380
6	499	467	468
6	500	467	468
