38	1	0	0
38	2	1	3
38	3	0	0
38	4	2	5
38	5	16	17
38	6	2	5
38	7	4	8
38	8	24	25
38	9	4	8
38	10	2	5
38	11	7	12
38	12	27	28
38	13	1	3
38	14	7	12
38	15	2	5
38	16	0	0
38	17	0	0
38	18	11	19
38	19	22	23
38	20	1	3
38	21	7	12
38	22	69	70
38	23	37	38
38	24	32	33
38	25	49	50
38	26	4	8
38	27	29	30
38	28	82	83
38	29	45	46
38	30	62	63
38	31	11	19
38	32	0	0
38	33	0	0
38	34	32	33
38	35	22	23
38	36	7	12
38	37	0	0
38	38	86	87
38	39	29	30
38	40	11	19
38	41	18	42
38	42	66	67
38	43	32	33
38	44	29	30
38	45	0	0
38	46	0	0
38	47	27	28
38	48	37	38
38	49	0	0
38	50	0	0
38	51	29	30
38	52	4	8
38	53	32	33
38	54	18	42
38	55	45	46
38	56	1	3
38	57	45	46
38	58	11	19
38	59	22	23
38	60	27	28
38	61	27	28
38	62	0	0
38	63	0	0
38	64	18	42
38	65	18	42
38	66	0	0
38	67	80	81
38	68	49	50
38	69	77	78
38	70	91	92
38	71	22	23
38	72	66	67
38	73	66	67
38	74	16	17
38	75	16	17
38	76	69	70
38	77	131	132
38	78	136	137
38	79	49	50
38	80	107	108
38	81	149	150
38	82	103	104
38	83	94	95
38	84	45	46
38	85	77	78
38	86	143	144
38	87	0	0
38	88	80	81
38	89	62	63
38	90	49	50
38	91	105	106
38	92	129	130
38	93	80	81
38	94	0	0
38	95	0	0
38	96	77	78
38	97	69	70
38	98	91	92
38	99	24	25
38	100	16	17
38	101	69	70
38	102	62	63
38	103	0	0
38	104	0	0
38	105	0	0
38	106	0	0
38	107	179	180
38	108	126	127
38	109	103	104
38	110	37	38
38	111	86	87
38	112	62	63
38	113	41	114
38	114	0	0
38	115	107	108
38	116	103	104
38	117	66	67
38	118	94	95
38	119	86	87
38	120	91	92
38	121	82	83
38	122	82	83
38	123	80	81
38	124	113	125
38	125	158	159
38	126	169	170
38	127	0	0
38	128	113	125
38	129	0	0
38	130	0	0
38	131	0	0
38	132	0	0
38	133	24	25
38	134	24	25
38	135	86	87
38	136	0	0
38	137	0	0
38	138	94	95
38	139	105	106
38	140	82	83
38	141	113	125
38	142	107	108
38	143	0	0
38	144	0	0
38	145	113	125
38	146	37	38
38	147	41	114
38	148	143	144
38	149	156	157
38	150	0	0
38	151	94	95
38	152	136	137
38	153	105	106
38	154	107	108
38	155	131	132
38	156	197	198
38	157	0	0
38	158	176	177
38	159	166	167
38	160	143	144
38	161	77	78
38	162	156	157
38	163	41	114
38	164	105	106
38	165	131	132
38	166	171	172
38	167	186	187
38	168	143	144
38	169	0	0
38	170	0	0
38	171	0	0
38	172	0	0
38	173	129	130
38	174	149	150
38	175	156	157
38	176	199	200
38	177	0	0
38	178	91	92
38	179	0	0
38	180	0	0
38	181	126	127
38	182	176	177
38	183	126	127
38	184	103	104
38	185	166	167
38	186	0	0
38	187	0	0
38	188	166	167
38	189	131	132
38	190	41	114
38	191	129	130
38	192	129	130
38	193	158	159
38	194	186	187
38	195	156	157
38	196	179	180
38	197	0	0
38	198	0	0
38	199	0	0
38	200	0	0
