45	1	0	0
45	2	1	3
45	3	0	0
45	4	1	3
45	5	1	3
45	6	2	7
45	7	13	14
45	8	2	7
45	9	2	7
45	10	6	11
45	11	42	43
45	12	1	3
45	13	0	0
45	14	0	0
45	15	10	16
45	16	18	19
45	17	2	7
45	18	26	27
45	19	40	41
45	20	13	14
45	21	13	14
45	22	6	11
45	23	6	11
45	24	18	19
45	25	13	14
45	26	36	37
45	27	75	76
45	28	10	16
45	29	18	19
45	30	18	19
45	31	15	32
45	32	56	57
45	33	31	34
45	34	126	127
45	35	15	32
45	36	0	0
45	37	0	0
45	38	10	16
45	39	15	32
45	40	69	70
45	41	53	54
45	42	45	46
45	43	51	52
45	44	15	32
45	45	0	0
45	46	0	0
45	47	6	11
45	48	45	46
45	49	26	27
45	50	42	43
45	51	0	0
45	52	0	0
45	53	0	0
45	54	0	0
45	55	31	34
45	56	58	59
45	57	112	113
45	58	91	92
45	59	60	61
45	60	77	78
45	61	94	95
45	62	60	61
45	63	51	52
45	64	10	16
45	65	51	52
45	66	26	27
45	67	60	61
45	68	40	41
45	69	0	0
45	70	0	0
45	71	31	34
45	72	42	43
45	73	51	52
45	74	26	27
45	75	0	0
45	76	0	0
45	77	0	0
45	78	0	0
45	79	40	41
45	80	45	46
45	81	69	70
45	82	60	61
45	83	31	34
45	84	75	76
45	85	77	78
45	86	45	46
45	87	36	37
45	88	77	78
45	89	75	76
45	90	56	57
45	91	96	97
45	92	135	136
45	93	53	54
45	94	0	0
45	95	0	0
45	96	0	0
45	97	0	0
45	98	96	97
45	99	69	70
45	100	96	97
45	101	40	41
45	102	53	54
45	103	42	43
45	104	69	70
45	105	75	76
45	106	33	107
45	107	293	294
45	108	96	97
45	109	58	59
45	110	53	54
45	111	91	92
45	112	150	151
45	113	128	129
45	114	94	95
45	115	36	37
45	116	112	113
45	117	112	113
45	118	94	95
45	119	33	107
45	120	91	92
45	121	56	57
45	122	94	95
45	123	36	37
45	124	56	57
45	125	112	113
45	126	152	153
45	127	130	131
45	128	234	235
45	129	212	213
45	130	142	143
45	131	252	253
45	132	128	129
45	133	106	134
45	134	138	139
45	135	0	0
45	136	0	0
45	137	58	59
45	138	0	0
45	139	148	149
45	140	77	78
45	141	130	131
45	142	156	157
45	143	223	224
45	144	126	127
45	145	106	134
45	146	130	131
45	147	106	134
45	148	276	277
45	149	221	222
45	150	183	184
45	151	166	167
45	152	191	192
45	153	265	266
45	154	126	127
45	155	33	107
45	156	163	164
45	157	177	178
45	158	135	136
45	159	130	131
45	160	91	92
45	161	148	149
45	162	128	129
45	163	0	0
45	164	0	0
45	165	33	107
45	166	0	0
45	167	0	0
45	168	152	153
45	169	128	129
45	170	150	151
45	171	58	59
45	172	152	153
45	173	135	136
45	174	138	139
45	175	133	176
45	176	0	0
45	177	0	0
45	178	0	0
45	179	150	151
45	180	135	136
45	181	156	157
45	182	152	153
45	183	0	0
45	184	0	0
45	185	106	134
45	186	163	164
45	187	183	184
45	188	138	139
45	189	156	157
45	190	138	139
45	191	200	201
45	192	194	195
45	193	126	127
45	194	256	257
45	195	245	246
45	196	194	195
45	197	166	167
45	198	148	149
45	199	194	195
45	200	218	219
45	201	239	240
45	202	175	203
45	203	216	217
45	204	200	201
45	205	142	143
45	206	191	192
45	207	156	157
45	208	142	143
45	209	133	176
45	210	166	167
45	211	194	195
45	212	0	0
45	213	0	0
45	214	200	201
45	215	212	213
45	216	0	0
45	217	0	0
45	218	0	0
45	219	0	0
45	220	148	149
45	221	273	274
45	222	243	244
45	223	0	0
45	224	248	249
45	225	218	219
45	226	183	184
45	227	223	224
45	228	177	178
45	229	191	192
45	230	166	167
45	231	163	164
45	232	175	203
45	233	133	176
45	234	0	0
45	235	0	0
45	236	163	164
45	237	150	151
45	238	133	176
45	239	0	0
45	240	0	0
45	241	216	217
45	242	142	143
45	243	291	292
45	244	262	263
45	245	0	0
45	246	0	0
45	247	177	178
45	248	0	0
45	249	0	0
45	250	177	178
45	251	245	246
45	252	260	261
45	253	0	0
45	254	216	217
45	255	239	240
45	256	0	0
45	257	0	0
45	258	252	253
45	259	218	219
45	260	0	0
45	261	282	283
45	262	0	0
45	263	0	0
45	264	191	192
45	265	0	0
45	266	278	279
45	267	260	261
45	268	183	184
45	269	265	266
45	270	248	249
45	271	243	244
45	272	239	240
45	273	0	0
45	274	296	297
45	275	221	222
45	276	0	0
45	277	0	0
45	278	284	285
45	279	0	0
45	280	252	253
45	281	234	235
45	282	0	0
45	283	0	0
45	284	0	0
45	285	0	0
45	286	262	263
45	287	248	249
45	288	243	244
45	289	218	219
45	290	248	249
45	291	0	0
45	292	0	0
45	293	0	0
45	294	0	0
45	295	234	235
45	296	0	0
45	297	0	0
45	298	296	297
45	299	296	297
45	300	276	277
