17	1	0	0
17	2	1	3
17	3	0	0
17	4	1	3
17	5	2	6
17	6	10	11
17	7	1	3
17	8	2	6
17	9	1	3
17	10	0	0
17	11	0	0
17	12	10	11
17	13	10	11
17	14	10	11
17	15	2	6
17	16	2	6
17	17	5	18
17	18	21	22
17	19	5	18
17	20	5	18
17	21	34	35
17	22	72	73
17	23	5	18
17	24	21	22
17	25	17	26
17	26	27	28
17	27	31	32
17	28	74	75
17	29	27	28
17	30	21	22
17	31	44	45
17	32	46	47
17	33	21	22
17	34	0	0
17	35	0	0
17	36	17	26
17	37	27	28
17	38	25	39
17	39	40	41
17	40	79	80
17	41	48	49
17	42	34	35
17	43	40	41
17	44	0	0
17	45	0	0
17	46	0	0
17	47	0	0
17	48	120	121
17	49	61	62
17	50	44	45
17	51	48	49
17	52	44	45
17	53	40	41
17	54	38	55
17	55	105	106
17	56	46	47
17	57	48	49
17	58	27	28
17	59	48	49
17	60	46	47
17	61	64	65
17	62	81	82
17	63	61	62
17	64	0	0
17	65	0	0
17	66	61	62
17	67	31	32
17	68	61	62
17	69	17	26
17	70	46	47
17	71	31	32
17	72	0	0
17	73	0	0
17	74	115	116
17	75	76	77
17	76	0	0
17	77	0	0
17	78	38	55
17	79	0	0
17	80	124	125
17	81	0	0
17	82	0	0
17	83	64	65
17	84	79	80
17	85	25	39
17	86	44	45
17	87	31	32
17	88	40	41
17	89	74	75
17	90	74	75
17	91	74	75
17	92	72	73
17	93	64	65
17	94	64	65
17	95	79	80
17	96	17	26
17	97	38	55
17	98	76	77
17	99	38	55
17	100	81	82
17	101	54	102
17	102	117	118
17	103	81	82
17	104	34	35
17	105	112	113
17	106	0	0
17	107	81	82
17	108	105	106
17	109	25	39
17	110	72	73
17	111	105	106
17	112	136	137
17	113	161	162
17	114	25	39
17	115	0	0
17	116	0	0
17	117	140	141
17	118	168	169
17	119	115	116
17	120	0	0
17	121	190	191
17	122	54	102
17	123	117	118
17	124	130	131
17	125	183	184
17	126	117	118
17	127	117	118
17	128	120	121
17	129	79	80
17	130	0	0
17	131	0	0
17	132	115	116
17	133	34	35
17	134	124	125
17	135	124	125
17	136	145	146
17	137	0	0
17	138	112	113
17	139	76	77
17	140	164	165
17	141	149	150
17	142	115	116
17	143	140	141
17	144	120	121
17	145	198	199
17	146	159	160
17	147	105	106
17	148	120	121
17	149	0	0
17	150	156	157
17	151	101	152
17	152	0	0
17	153	124	125
17	154	54	102
17	155	130	131
17	156	0	0
17	157	0	0
17	158	101	152
17	159	0	0
17	160	0	0
17	161	0	0
17	162	0	0
17	163	159	160
17	164	195	196
17	165	179	180
17	166	136	137
17	167	101	152
17	168	0	0
17	169	0	0
17	170	145	146
17	171	54	102
17	172	136	137
17	173	164	165
17	174	164	165
17	175	136	137
17	176	145	146
17	177	145	146
17	178	161	162
17	179	187	188
17	180	0	0
17	181	140	141
17	182	161	162
17	183	0	0
17	184	0	0
17	185	72	73
17	186	168	169
17	187	0	0
17	188	0	0
17	189	130	131
17	190	0	0
17	191	0	0
17	192	168	169
17	193	156	157
17	194	101	152
17	195	0	0
17	196	0	0
17	197	149	150
17	198	0	0
17	199	0	0
17	200	190	191
