7	1	0	0
7	2	1	3
7	3	0	0
7	4	2	5
7	5	11	12
7	6	2	5
7	7	2	5
7	8	4	9
7	9	13	14
7	10	2	5
7	11	0	0
7	12	0	0
7	13	0	0
7	14	15	16
7	15	0	0
7	16	0	0
7	17	15	16
7	18	13	14
7	19	8	20
7	20	22	23
7	21	15	16
7	22	26	27
7	23	62	63
7	24	4	9
7	25	8	20
7	26	31	32
7	27	50	51
7	28	15	16
7	29	22	23
7	30	11	12
7	31	0	0
7	32	0	0
7	33	8	20
7	34	19	35
7	35	55	56
7	36	11	12
7	37	34	38
7	38	45	46
7	39	26	27
7	40	37	41
7	41	47	48
7	42	22	23
7	43	26	27
7	44	8	20
7	45	57	58
7	46	75	76
7	47	71	72
7	48	0	0
7	49	13	14
7	50	0	0
7	51	0	0
7	52	26	27
7	53	4	9
7	54	50	51
7	55	93	94
7	56	80	81
7	57	0	0
7	58	0	0
7	59	22	23
7	60	11	12
7	61	47	48
7	62	0	0
7	63	0	0
7	64	62	63
7	65	55	56
7	66	45	46
7	67	55	56
7	68	34	38
7	69	1	3
7	70	45	46
7	71	0	0
7	72	73	74
7	73	0	0
7	74	0	0
7	75	91	92
7	76	0	0
7	77	71	72
7	78	71	72
7	79	50	51
7	80	0	0
7	81	83	84
7	82	4	9
7	83	0	0
7	84	0	0
7	85	13	14
7	86	57	58
7	87	71	72
7	88	50	51
7	89	37	41
7	90	1	3
7	91	0	0
7	92	0	0
7	93	0	0
7	94	95	96
7	95	0	0
7	96	0	0
7	97	62	63
7	98	93	94
7	99	31	32
7	100	62	63
