27	1	0	0
27	2	1	3
27	3	0	0
27	4	2	5
27	5	6	7
27	6	0	0
27	7	0	0
27	8	6	7
27	9	2	5
27	10	1	3
27	11	1	3
27	12	2	5
27	13	6	7
27	14	4	15
27	15	43	44
27	16	6	7
27	17	1	3
27	18	4	15
27	19	4	15
27	20	14	21
27	21	28	29
27	22	2	5
27	23	4	15
27	24	14	21
27	25	20	26
27	26	30	31
27	27	20	26
27	28	33	34
27	29	55	56
27	30	37	38
27	31	0	0
27	32	28	29
27	33	78	79
27	34	48	49
27	35	14	21
27	36	14	21
27	37	53	54
27	38	68	69
27	39	20	26
27	40	25	41
27	41	0	0
27	42	30	31
27	43	63	64
27	44	51	52
27	45	28	29
27	46	28	29
27	47	20	26
27	48	0	0
27	49	0	0
27	50	30	31
27	51	0	0
27	52	0	0
27	53	57	58
27	54	66	67
27	55	0	0
27	56	85	86
27	57	0	0
27	58	0	0
27	59	48	49
27	60	43	44
27	61	37	38
27	62	51	52
27	63	0	0
27	64	0	0
27	65	51	52
27	66	0	0
27	67	0	0
27	68	0	0
27	69	0	0
27	70	53	54
27	71	33	34
27	72	48	49
27	73	43	44
27	74	53	54
27	75	25	41
27	76	48	49
27	77	57	58
27	78	0	0
27	79	0	0
27	80	66	67
27	81	63	64
27	82	25	41
27	83	66	67
27	84	25	41
27	85	0	0
27	86	0	0
27	87	63	64
27	88	63	64
27	89	57	58
27	90	37	38
27	91	43	44
27	92	40	93
27	93	0	0
27	94	53	54
27	95	30	31
27	96	57	58
27	97	51	52
27	98	37	38
27	99	40	93
27	100	66	67
