24	1	0	0
24	2	1	3
24	3	0	0
24	4	2	5
24	5	24	25
24	6	4	7
24	7	10	11
24	8	4	7
24	9	1	3
24	10	14	15
24	11	19	20
24	12	1	3
24	13	1	3
24	14	0	0
24	15	0	0
24	16	2	5
24	17	14	15
24	18	14	15
24	19	0	0
24	20	0	0
24	21	14	15
24	22	19	20
24	23	10	11
24	24	0	0
24	25	0	0
24	26	19	20
24	27	2	5
24	28	2	5
24	29	10	11
24	30	10	11
24	31	6	32
24	32	34	35
24	33	19	20
24	34	0	0
24	35	42	43
24	36	24	25
24	37	24	25
24	38	31	39
24	39	0	0
24	40	4	7
24	41	4	7
24	42	0	0
24	43	0	0
24	44	31	39
24	45	42	43
24	46	38	47
24	47	0	0
24	48	46	49
24	49	0	0
24	50	34	35
