49	1	0	0
49	2	1	3
49	3	0	0
49	4	2	5
49	5	10	11
49	6	1	3
49	7	1	3
49	8	1	3
49	9	2	5
49	10	0	0
49	11	0	0
49	12	2	5
49	13	10	11
49	14	2	5
49	15	4	16
49	16	17	18
49	17	29	30
49	18	19	20
49	19	0	0
49	20	0	0
49	21	4	16
49	22	10	11
49	23	17	18
49	24	19	20
49	25	17	18
49	26	10	11
49	27	19	20
49	28	17	18
49	29	0	0
49	30	0	0
49	31	15	32
49	32	36	37
49	33	31	34
49	34	45	46
49	35	29	30
49	36	55	56
49	37	63	64
49	38	4	16
49	39	19	20
49	40	31	34
49	41	15	32
49	42	29	30
49	43	31	34
49	44	29	30
49	45	70	71
49	46	120	121
49	47	33	48
49	48	52	53
49	49	15	32
49	50	45	46
49	51	15	32
49	52	140	141
49	53	73	74
49	54	36	37
49	55	66	67
49	56	60	61
49	57	36	37
49	58	45	46
49	59	4	16
49	60	0	0
49	61	0	0
49	62	31	34
49	63	88	89
49	64	127	128
49	65	33	48
49	66	0	0
49	67	0	0
49	68	60	61
49	69	52	53
49	70	160	161
49	71	80	81
49	72	66	67
49	73	75	76
49	74	294	295
49	75	84	85
49	76	97	98
49	77	55	56
49	78	33	48
49	79	63	64
49	80	162	163
49	81	171	172
49	82	45	46
49	83	55	56
49	84	109	110
49	85	86	87
49	86	0	0
49	87	0	0
49	88	0	0
49	89	0	0
49	90	60	61
49	91	33	48
49	92	84	85
49	93	86	87
49	94	66	67
49	95	63	64
49	96	84	85
49	97	130	131
49	98	272	273
49	99	88	89
49	100	63	64
49	101	73	74
49	102	75	76
49	103	52	53
49	104	88	89
49	105	86	87
49	106	97	98
49	107	84	85
49	108	60	61
49	109	0	0
49	110	0	0
49	111	55	56
49	112	109	110
49	113	88	89
49	114	52	53
49	115	109	110
49	116	73	74
49	117	109	110
49	118	86	87
49	119	97	98
49	120	123	124
49	121	0	0
49	122	75	76
49	123	135	136
49	124	152	153
49	125	47	126
49	126	212	213
49	127	0	0
49	128	0	0
49	129	66	67
49	130	0	0
49	131	0	0
49	132	36	37
49	133	120	121
49	134	73	74
49	135	0	0
49	136	0	0
49	137	47	126
49	138	70	71
49	139	70	71
49	140	142	143
49	141	158	159
49	142	202	203
49	143	148	149
49	144	135	136
49	145	70	71
49	146	97	98
49	147	120	121
49	148	279	280
49	149	220	221
49	150	47	126
49	151	140	141
49	152	0	0
49	153	0	0
49	154	130	131
49	155	135	136
49	156	80	81
49	157	152	153
49	158	190	191
49	159	192	193
49	160	165	166
49	161	176	177
49	162	0	0
49	163	0	0
49	164	80	81
49	165	0	0
49	166	0	0
49	167	165	166
49	168	120	121
49	169	125	170
49	170	300	301
49	171	0	0
49	172	0	0
49	173	148	149
49	174	75	76
49	175	130	131
49	176	0	0
49	177	0	0
49	178	158	159
49	179	125	170
49	180	176	177
49	181	123	124
49	182	176	177
49	183	169	184
49	184	248	249
49	185	47	126
49	186	125	170
49	187	171	172
49	188	123	124
49	189	140	141
49	190	455	456
49	191	204	205
49	192	443	444
49	193	210	211
49	194	190	191
49	195	123	124
49	196	142	143
49	197	192	193
49	198	135	136
49	199	80	81
49	200	190	191
49	201	165	166
49	202	235	236
49	203	320	321
49	204	0	0
49	205	0	0
49	206	152	153
49	207	142	143
49	208	140	141
49	209	171	172
49	210	0	0
49	211	0	0
49	212	224	225
49	213	325	326
49	214	169	184
49	215	130	131
49	216	127	128
49	217	127	128
49	218	183	219
49	219	0	0
49	220	0	0
49	221	0	0
49	222	176	177
49	223	142	143
49	224	255	256
49	225	243	244
49	226	218	227
49	227	237	238
49	228	210	211
49	229	160	161
49	230	165	166
49	231	183	219
49	232	152	153
49	233	162	163
49	234	160	161
49	235	0	0
49	236	0	0
49	237	245	246
49	238	292	293
49	239	125	170
49	240	158	159
49	241	190	191
49	242	171	172
49	243	283	284
49	244	250	251
49	245	265	266
49	246	296	297
49	247	192	193
49	248	289	290
49	249	258	259
49	250	316	317
49	251	277	278
49	252	192	193
49	253	250	251
49	254	169	184
49	255	419	420
49	256	421	422
49	257	250	251
49	258	270	271
49	259	260	261
49	260	338	339
49	261	0	0
49	262	169	184
49	263	237	238
49	264	235	236
49	265	0	0
49	266	349	350
49	267	218	227
49	268	220	221
49	269	250	251
49	270	0	0
49	271	438	439
49	272	0	0
49	273	0	0
49	274	127	128
49	275	237	238
49	276	270	271
49	277	469	470
49	278	0	0
49	279	0	0
49	280	0	0
49	281	235	236
49	282	245	246
49	283	306	307
49	284	308	309
49	285	183	219
49	286	160	161
49	287	204	205
49	288	237	238
49	289	327	328
49	290	371	372
49	291	283	284
49	292	0	0
49	293	345	346
49	294	383	384
49	295	298	299
49	296	0	0
49	297	0	0
49	298	388	389
49	299	378	379
49	300	313	314
49	301	407	408
49	302	220	221
49	303	158	159
49	304	272	273
49	305	210	211
49	306	494	495
49	307	429	430
49	308	0	0
49	309	332	333
49	310	204	205
49	311	202	203
49	312	243	244
49	313	465	466
49	314	343	344
49	315	255	256
49	316	423	424
49	317	0	0
49	318	245	246
49	319	260	261
49	320	0	0
49	321	0	0
49	322	265	266
49	323	248	249
49	324	272	273
49	325	0	0
49	326	354	355
49	327	0	0
49	328	459	460
49	329	272	273
49	330	202	203
49	331	202	203
49	332	0	0
49	333	0	0
49	334	204	205
49	335	306	307
49	336	283	284
49	337	306	307
49	338	409	410
49	339	0	0
49	340	235	236
49	341	332	333
49	342	316	317
49	343	385	386
49	344	369	370
49	345	411	412
49	346	0	0
49	347	327	328
49	348	306	307
49	349	450	451
49	350	0	0
49	351	255	256
49	352	292	293
49	353	220	221
49	354	361	362
49	355	461	462
49	356	292	293
49	357	338	339
49	358	277	278
49	359	248	249
49	360	320	321
49	361	396	397
49	362	485	486
49	363	320	321
49	364	332	333
49	365	349	350
49	366	343	344
49	367	292	293
49	368	345	346
49	369	467	468
49	370	0	0
49	371	0	0
49	372	393	394
49	373	327	328
49	374	270	271
49	375	349	350
49	376	316	317
49	377	327	328
49	378	0	0
49	379	0	0
49	380	277	278
49	381	162	163
49	382	313	314
49	383	0	0
49	384	499	500
49	385	0	0
49	386	0	0
49	387	369	370
49	388	0	0
49	389	0	0
49	390	316	317
49	391	243	244
49	392	296	297
49	393	0	0
49	394	404	405
49	395	277	278
49	396	0	0
49	397	427	428
49	398	298	299
49	399	383	384
49	400	313	314
49	401	210	211
49	402	255	256
49	403	383	384
49	404	0	0
49	405	0	0
49	406	404	405
49	407	0	0
49	408	477	478
49	409	0	0
49	410	0	0
49	411	0	0
49	412	0	0
49	413	354	355
49	414	320	321
49	415	396	397
49	416	393	394
49	417	393	394
49	418	349	350
49	419	0	0
49	420	0	0
49	421	0	0
49	422	435	436
49	423	0	0
49	424	0	0
49	425	148	149
49	426	162	163
49	427	0	0
49	428	0	0
49	429	0	0
49	430	0	0
49	431	183	219
49	432	224	225
49	433	338	339
49	434	289	290
49	435	0	0
49	436	488	489
49	437	343	344
49	438	0	0
49	439	0	0
49	440	270	271
49	441	245	246
49	442	296	297
49	443	0	0
49	444	0	0
49	445	427	428
49	446	427	428
49	447	289	290
49	448	289	290
49	449	279	280
49	450	491	492
49	451	0	0
49	452	332	333
49	453	283	284
49	454	218	227
49	455	0	0
49	456	0	0
49	457	258	259
49	458	361	362
49	459	0	0
49	460	0	0
49	461	0	0
49	462	0	0
49	463	438	439
49	464	421	422
49	465	0	0
49	466	0	0
49	467	0	0
49	468	0	0
49	469	0	0
49	470	0	0
49	471	265	266
49	472	298	299
49	473	325	326
49	474	465	466
49	475	313	314
49	476	438	439
49	477	0	0
49	478	0	0
49	479	419	420
49	480	388	389
49	481	385	386
49	482	279	280
49	483	298	299
49	484	393	394
49	485	0	0
49	486	0	0
49	487	345	346
49	488	0	0
49	489	0	0
49	490	419	420
49	491	0	0
49	492	0	0
49	493	427	428
49	494	0	0
49	495	0	0
49	496	388	389
49	497	438	439
49	498	345	346
49	499	0	0
49	500	0	0
