14	1	0	0
14	2	1	3
14	3	0	0
14	4	2	5
14	5	15	16
14	6	2	5
14	7	2	5
14	8	2	5
14	9	1	3
14	10	4	11
14	11	13	14
14	12	4	11
14	13	17	18
14	14	31	32
14	15	0	0
14	16	0	0
14	17	0	0
14	18	0	0
14	19	17	18
14	20	13	14
14	21	15	16
14	22	15	16
14	23	15	16
14	24	17	18
14	25	10	26
14	26	67	68
14	27	4	11
14	28	17	18
14	29	10	26
14	30	10	26
14	31	0	0
14	32	0	0
14	33	1	3
14	34	13	14
14	35	10	26
14	36	13	14
14	37	1	3
14	38	25	39
14	39	41	42
14	40	4	11
14	41	44	45
14	42	63	64
14	43	25	39
14	44	57	58
14	45	221	222
14	46	31	32
14	47	25	39
14	48	31	32
14	49	44	45
14	50	25	39
14	51	38	52
14	52	55	56
14	53	31	32
14	54	41	42
14	55	92	93
14	56	100	101
14	57	88	89
14	58	78	79
14	59	44	45
14	60	55	56
14	61	57	58
14	62	44	45
14	63	148	149
14	64	198	199
14	65	63	64
14	66	38	52
14	67	69	70
14	68	114	115
14	69	83	84
14	70	74	75
14	71	57	58
14	72	69	70
14	73	67	68
14	74	0	0
14	75	0	0
14	76	55	56
14	77	67	68
14	78	0	0
14	79	0	0
14	80	63	64
14	81	55	56
14	82	57	58
14	83	0	0
14	84	0	0
14	85	67	68
14	86	41	42
14	87	78	79
14	88	0	0
14	89	0	0
14	90	41	42
14	91	83	84
14	92	103	104
14	93	107	108
14	94	78	79
14	95	63	64
14	96	83	84
14	97	83	84
14	98	38	52
14	99	69	70
14	100	126	127
14	101	105	106
14	102	100	101
14	103	203	204
14	104	137	138
14	105	132	133
14	106	157	158
14	107	112	113
14	108	121	122
14	109	92	93
14	110	38	52
14	111	74	75
14	112	116	117
14	113	179	180
14	114	159	160
14	115	128	129
14	116	0	0
14	117	0	0
14	118	74	75
14	119	114	115
14	120	74	75
14	121	143	144
14	122	150	151
14	123	105	106
14	124	121	122
14	125	121	122
14	126	226	227
14	127	174	175
14	128	0	0
14	129	0	0
14	130	126	127
14	131	88	89
14	132	177	178
14	133	134	135
14	134	0	0
14	135	0	0
14	136	116	117
14	137	166	167
14	138	140	141
14	139	134	135
14	140	0	0
14	141	0	0
14	142	100	101
14	143	0	0
14	144	0	0
14	145	103	104
14	146	134	135
14	147	128	129
14	148	232	233
14	149	164	165
14	150	0	0
14	151	0	0
14	152	132	133
14	153	107	108
14	154	78	79
14	155	69	70
14	156	107	108
14	157	299	300
14	158	216	217
14	159	0	0
14	160	0	0
14	161	116	117
14	162	92	93
14	163	107	108
14	164	0	0
14	165	0	0
14	166	0	0
14	167	0	0
14	168	103	104
14	169	103	104
14	170	116	117
14	171	92	93
14	172	166	167
14	173	114	115
14	174	747	748
14	175	240	241
14	176	157	158
14	177	0	0
14	178	0	0
14	179	0	0
14	180	0	0
14	181	143	144
14	182	174	175
14	183	126	127
14	184	150	151
14	185	132	133
14	186	166	167
14	187	157	158
14	188	179	180
14	189	88	89
14	190	159	160
14	191	166	167
14	192	126	127
14	193	100	101
14	194	88	89
14	195	134	135
14	196	137	138
14	197	157	158
14	198	254	255
14	199	313	314
14	200	174	175
14	201	128	129
14	202	198	199
14	203	409	410
14	204	211	212
14	205	198	199
14	206	114	115
14	207	121	122
14	208	150	151
14	209	132	133
14	210	143	144
14	211	0	0
14	212	0	0
14	213	143	144
14	214	51	215
14	215	250	251
14	216	0	0
14	217	0	0
14	218	159	160
14	219	177	178
14	220	112	113
14	221	283	284
14	222	235	236
14	223	174	175
14	224	137	138
14	225	159	160
14	226	274	275
14	227	244	245
14	228	179	180
14	229	51	215
14	230	164	165
14	231	221	222
14	232	0	0
14	233	0	0
14	234	137	138
14	235	0	0
14	236	0	0
14	237	226	227
14	238	226	227
14	239	105	106
14	240	0	0
14	241	0	0
14	242	211	212
14	243	128	129
14	244	0	0
14	245	0	0
14	246	214	247
14	247	280	281
14	248	214	247
14	249	177	178
14	250	266	267
14	251	257	258
14	252	112	113
14	253	221	222
14	254	0	0
14	255	0	0
14	256	177	178
14	257	328	329
14	258	438	439
14	259	105	106
14	260	240	241
14	261	164	165
14	262	214	247
14	263	257	258
14	264	51	215
14	265	203	204
14	266	270	271
14	267	343	344
14	268	214	247
14	269	51	215
14	270	423	424
14	271	276	277
14	272	216	217
14	273	244	245
14	274	0	0
14	275	0	0
14	276	278	279
14	277	363	364
14	278	336	337
14	279	286	287
14	280	346	347
14	281	305	306
14	282	150	151
14	283	0	0
14	284	0	0
14	285	112	113
14	286	0	0
14	287	0	0
14	288	274	275
14	289	198	199
14	290	286	287
14	291	216	217
14	292	235	236
14	293	226	227
14	294	235	236
14	295	216	217
14	296	257	258
14	297	211	212
14	298	164	165
14	299	0	0
14	300	0	0
14	301	140	141
14	302	244	245
14	303	221	222
14	304	299	300
14	305	359	360
14	306	315	316
14	307	280	281
14	308	211	212
14	309	257	258
14	310	246	311
14	311	319	320
14	312	232	233
14	313	0	0
14	314	0	0
14	315	631	632
14	316	573	574
14	317	283	284
14	318	203	204
14	319	395	396
14	320	547	548
14	321	240	241
14	322	140	141
14	323	278	279
14	324	278	279
14	325	274	275
14	326	266	267
14	327	244	245
14	328	399	400
14	329	608	609
14	330	140	141
14	331	254	255
14	332	315	316
14	333	313	314
14	334	310	335
14	335	429	430
14	336	0	0
14	337	0	0
14	338	313	314
14	339	270	271
14	340	328	329
14	341	278	279
14	342	235	236
14	343	667	668
14	344	349	350
14	345	336	337
14	346	406	407
14	347	543	544
14	348	274	275
14	349	379	380
14	350	586	587
14	351	270	271
14	352	232	233
14	353	319	320
14	354	270	271
14	355	179	180
14	356	310	335
14	357	203	204
14	358	148	149
14	359	376	377
14	360	387	388
14	361	319	320
14	362	305	306
14	363	457	458
14	364	606	607
14	365	313	314
14	366	280	281
14	367	280	281
14	368	336	337
14	369	315	316
14	370	343	344
14	371	359	360
14	372	266	267
14	373	232	233
14	374	148	149
14	375	346	347
14	376	384	385
14	377	473	474
14	378	246	311
14	379	416	417
14	380	390	391
14	381	319	320
14	382	376	377
14	383	310	335
14	384	434	435
14	385	453	454
14	386	266	267
14	387	892	893
14	388	421	422
14	389	148	149
14	390	0	0
14	391	0	0
14	392	359	360
14	393	390	391
14	394	336	337
14	395	0	0
14	396	651	652
14	397	310	335
14	398	343	344
14	399	0	0
14	400	426	427
14	401	254	255
14	402	240	241
14	403	250	251
14	404	334	405
14	405	449	450
14	406	541	542
14	407	525	526
14	408	399	400
14	409	0	0
14	410	0	0
14	411	328	329
14	412	384	385
14	413	315	316
14	414	384	385
14	415	379	380
14	416	0	0
14	417	0	0
14	418	363	364
14	419	250	251
14	420	334	405
14	421	719	720
14	422	445	446
14	423	594	595
14	424	0	0
14	425	276	277
14	426	502	503
14	427	611	612
14	428	363	364
14	429	567	568
14	430	441	442
14	431	276	277
14	432	387	388
14	433	343	344
14	434	447	448
14	435	460	461
14	436	276	277
14	437	305	306
14	438	714	715
14	439	512	513
14	440	438	439
14	441	477	478
14	442	550	551
14	443	376	377
14	444	384	385
14	445	563	564
14	446	516	517
14	447	0	0
14	448	0	0
14	449	539	540
14	450	796	797
14	451	349	350
14	452	299	300
14	453	463	464
14	454	467	468
14	455	426	427
14	456	416	417
14	457	0	0
14	458	0	0
14	459	376	377
14	460	0	0
14	461	0	0
14	462	460	461
14	463	0	0
14	464	0	0
14	465	387	388
14	466	346	347
14	467	0	0
14	468	0	0
14	469	328	329
14	470	286	287
14	471	359	360
14	472	334	405
14	473	558	559
14	474	485	486
14	475	434	435
14	476	426	427
14	477	0	0
14	478	0	0
14	479	246	311
14	480	363	364
14	481	449	450
14	482	438	439
14	483	467	468
14	484	250	251
14	485	682	683
14	486	613	614
14	487	254	255
14	488	453	454
14	489	445	446
14	490	416	417
14	491	423	424
14	492	434	435
14	493	399	400
14	494	346	347
14	495	387	388
14	496	406	407
14	497	453	454
14	498	409	410
14	499	395	396
14	500	449	450
14	501	283	284
14	502	0	0
14	503	0	0
14	504	390	391
14	505	390	391
14	506	467	468
14	507	399	400
14	508	477	478
14	509	434	435
14	510	467	468
14	511	286	287
14	512	522	523
14	513	692	693
14	514	283	284
14	515	423	424
14	516	0	0
14	517	0	0
14	518	441	442
14	519	416	417
14	520	305	306
14	521	485	486
14	522	552	553
14	523	565	566
14	524	334	405
14	525	778	779
14	526	696	697
14	527	463	464
14	528	522	523
14	529	406	407
14	530	457	458
14	531	512	513
14	532	379	380
14	533	349	350
14	534	429	430
14	535	441	442
14	536	423	424
14	537	395	396
14	538	516	517
14	539	648	649
14	540	706	707
14	541	577	578
14	542	643	644
14	543	974	975
14	544	823	824
14	545	457	458
14	546	429	430
14	547	711	712
14	548	698	699
14	549	453	454
14	550	569	570
14	551	597	598
14	552	0	0
14	553	0	0
14	554	512	513
14	555	522	523
14	556	441	442
14	557	406	407
14	558	602	603
14	559	636	637
14	560	349	350
14	561	429	430
14	562	426	427
14	563	0	0
14	564	0	0
14	565	0	0
14	566	0	0
14	567	589	590
14	568	725	726
14	569	621	622
14	570	700	701
14	571	516	517
14	572	445	446
14	573	0	0
14	574	581	582
14	575	421	422
14	576	463	464
14	577	851	852
14	578	616	617
14	579	525	526
14	580	563	564
14	581	646	647
14	582	600	601
14	583	577	578
14	584	395	396
14	585	539	540
14	586	730	731
14	587	860	861
14	588	581	582
14	589	830	831
14	590	0	0
14	591	552	553
14	592	447	448
14	593	522	523
14	594	921	922
14	595	805	806
14	596	541	542
14	597	785	786
14	598	618	619
14	599	567	568
14	600	0	0
14	601	677	678
14	602	0	0
14	603	0	0
14	604	597	598
14	605	550	551
14	606	0	0
14	607	0	0
14	608	834	835
14	609	655	656
14	610	409	410
14	611	0	0
14	612	0	0
14	613	0	0
14	614	0	0
14	615	550	551
14	616	633	634
14	617	955	956
14	618	789	790
14	619	702	703
14	620	539	540
14	621	0	0
14	622	653	654
14	623	463	464
14	624	565	566
14	625	569	570
14	626	457	458
14	627	569	570
14	628	525	526
14	629	597	598
14	630	569	570
14	631	663	664
14	632	992	993
14	633	0	0
14	634	0	0
14	635	558	559
14	636	0	0
14	637	0	0
14	638	597	598
14	639	563	564
14	640	581	582
14	641	485	486
14	642	577	578
14	643	952	953
14	644	787	788
14	645	600	601
14	646	757	758
14	647	680	681
14	648	0	0
14	649	732	733
14	650	608	609
14	651	737	738
14	652	783	784
14	653	0	0
14	654	821	822
14	655	753	754
14	656	0	0
14	657	379	380
14	658	404	659
14	659	826	827
14	660	621	622
14	661	600	601
14	662	547	548
14	663	0	0
14	664	0	0
14	665	404	659
14	666	502	503
14	667	0	0
14	668	0	0
14	669	563	564
14	670	643	644
14	671	646	647
14	672	633	634
14	673	502	503
14	674	667	668
14	675	611	612
14	676	438	439
14	677	0	0
14	678	0	0
14	679	577	578
14	680	0	0
14	681	0	0
14	682	0	0
14	683	0	0
14	684	611	612
14	685	541	542
14	686	299	300
14	687	581	582
14	688	611	612
14	689	565	566
14	690	613	614
14	691	565	566
14	692	727	728
14	693	0	0
14	694	421	422
14	695	573	574
14	696	0	0
14	697	722	723
14	698	781	782
14	699	773	774
14	700	0	0
14	701	869	870
14	702	742	743
14	703	0	0
14	704	573	574
14	705	558	559
14	706	740	741
14	707	960	961
14	708	706	707
14	709	677	678
14	710	698	699
14	711	857	858
14	712	0	0
14	713	246	311
14	714	765	766
14	715	0	0
14	716	602	603
14	717	677	678
14	718	473	474
14	719	792	793
14	720	0	0
14	721	621	622
14	722	853	854
14	723	0	0
14	724	680	681
14	725	0	0
14	726	0	0
14	727	0	0
14	728	0	0
14	729	512	513
14	730	0	0
14	731	0	0
14	732	0	0
14	733	997	998
14	734	525	526
14	735	485	486
14	736	730	731
14	737	0	0
14	738	944	945
14	739	682	683
14	740	0	0
14	741	813	814
14	742	0	0
14	743	0	0
14	744	719	720
14	745	404	659
14	746	706	707
14	747	0	0
14	748	0	0
14	749	552	553
14	750	682	683
14	751	543	544
14	752	616	617
14	753	0	0
14	754	0	0
14	755	663	664
14	756	616	617
14	757	0	0
14	758	0	0
14	759	586	587
14	760	698	699
14	761	706	707
14	762	502	503
14	763	722	723
14	764	477	478
14	765	866	867
14	766	0	0
14	767	747	748
14	768	613	614
14	769	651	652
14	770	722	723
14	771	655	656
14	772	653	654
14	773	948	949
14	774	968	969
14	775	740	741
14	776	445	446
14	777	646	647
14	778	876	877
14	779	0	0
14	780	539	540
14	781	905	906
14	782	800	801
14	783	0	0
14	784	0	0
14	785	925	926
14	786	0	0
14	787	0	0
14	788	0	0
14	789	895	896
14	790	836	837
14	791	732	733
14	792	0	0
14	793	0	0
14	794	613	614
14	795	773	774
14	796	0	0
14	797	809	810
14	798	547	548
14	799	600	601
14	800	970	971
14	801	0	0
14	802	719	720
14	803	722	723
14	804	725	726
14	805	0	0
14	806	0	0
14	807	567	568
14	808	608	609
14	809	811	812
14	810	0	0
14	811	844	845
14	812	0	0
14	813	0	0
14	814	0	0
14	815	586	587
14	816	725	726
14	817	404	659
14	818	636	637
14	819	658	820
14	820	0	0
14	821	0	0
14	822	0	0
14	823	864	865
14	824	0	0
14	825	792	793
14	826	0	0
14	827	915	916
14	828	702	703
14	829	680	681
14	830	872	873
14	831	885	886
14	832	543	544
14	833	606	607
14	834	902	903
14	835	0	0
14	836	0	0
14	837	923	924
14	838	719	720
14	839	800	801
14	840	730	731
14	841	658	820
14	842	785	786
14	843	830	831
14	844	0	0
14	845	0	0
14	846	606	607
14	847	460	461
14	848	757	758
14	849	740	741
14	850	682	683
14	851	0	0
14	852	0	0
14	853	0	0
14	854	0	0
14	855	787	788
14	856	547	548
14	857	0	0
14	858	0	0
14	859	783	784
14	860	0	0
14	861	0	0
14	862	811	812
14	863	696	697
14	864	927	928
14	865	0	0
14	866	0	0
14	867	0	0
14	868	809	810
14	869	0	0
14	870	888	889
14	871	778	779
14	872	0	0
14	873	937	938
14	874	460	461
14	875	851	852
14	876	0	0
14	877	0	0
14	878	421	422
14	879	658	820
14	880	805	806
14	881	608	609
14	882	805	806
14	883	606	607
14	884	633	634
14	885	911	912
14	886	0	0
14	887	747	748
14	888	985	986
14	889	0	0
14	890	680	681
14	891	567	568
14	892	0	0
14	893	0	0
14	894	796	797
14	895	0	0
14	896	0	0
14	897	616	617
14	898	792	793
14	899	796	797
14	900	876	877
14	901	550	551
14	902	0	0
14	903	0	0
14	904	902	903
14	905	0	0
14	906	0	0
14	907	643	644
14	908	888	889
14	909	447	448
14	910	813	814
14	911	942	943
14	912	0	0
14	913	844	845
14	914	905	906
14	915	0	0
14	916	0	0
14	917	651	652
14	918	869	870
14	919	757	758
14	920	783	784
14	921	0	0
14	922	0	0
14	923	0	0
14	924	0	0
14	925	962	963
14	926	0	0
14	927	0	0
14	928	0	0
14	929	844	845
14	930	725	726
14	931	594	595
14	932	811	812
14	933	558	559
14	934	813	814
14	935	655	656
14	936	753	754
14	937	0	0
14	938	0	0
14	939	730	731
14	940	449	450
14	941	805	806
14	942	957	958
14	943	0	0
14	944	0	0
14	945	0	0
14	946	663	664
14	947	409	410
14	948	0	0
14	949	0	0
14	950	648	649
14	951	541	542
14	952	0	0
14	953	0	0
14	954	864	865
14	955	0	0
14	956	0	0
14	957	0	0
14	958	0	0
14	959	778	779
14	960	0	0
14	961	0	0
14	962	0	0
14	963	0	0
14	964	821	822
14	965	952	953
14	966	552	553
14	967	646	647
14	968	0	0
14	969	981	982
14	970	999	1000
14	971	0	0
14	972	826	827
14	973	888	889
14	974	0	0
14	975	0	0
14	976	902	903
14	977	618	619
14	978	800	801
14	979	648	649
14	980	892	893
14	981	0	0
14	982	0	0
14	983	737	738
14	984	821	822
14	985	0	0
14	986	0	0
14	987	711	712
14	988	742	743
14	989	727	728
14	990	844	845
14	991	633	634
14	992	0	0
14	993	0	0
14	994	921	922
14	995	866	867
14	996	773	774
14	997	0	0
14	998	0	0
14	999	0	0
14	1000	0	0
