34	1	0	0
34	2	1	3
34	3	0	0
34	4	1	3
34	5	1	3
34	6	1	3
34	7	2	8
34	8	11	12
34	9	2	8
34	10	2	8
34	11	0	0
34	12	0	0
34	13	11	12
34	14	2	8
34	15	11	12
34	16	11	12
34	17	7	18
34	18	55	56
34	19	17	20
34	20	23	24
34	21	19	22
34	22	30	31
34	23	91	92
34	24	39	40
34	25	19	22
34	26	21	27
34	27	57	58
34	28	7	18
34	29	21	27
34	30	97	98
34	31	44	45
34	32	26	33
34	33	138	139
34	34	26	33
34	35	32	36
34	36	0	0
34	37	17	20
34	38	19	22
34	39	71	72
34	40	41	42
34	41	0	0
34	42	0	0
34	43	41	42
34	44	103	104
34	45	86	87
34	46	23	24
34	47	32	36
34	48	39	40
34	49	35	50
34	50	142	143
34	51	17	20
34	52	39	40
34	53	41	42
34	54	7	18
34	55	61	62
34	56	82	83
34	57	99	100
34	58	114	115
34	59	41	42
34	60	19	22
34	61	0	0
34	62	0	0
34	63	35	50
34	64	35	50
34	65	21	27
34	66	7	18
34	67	23	24
34	68	23	24
34	69	39	40
34	70	21	27
34	71	0	0
34	72	0	0
34	73	17	20
34	74	26	33
34	75	35	50
34	76	71	72
34	77	44	45
34	78	30	31
34	79	55	56
34	80	57	58
34	81	55	56
34	82	0	0
34	83	0	0
34	84	26	33
34	85	57	58
34	86	214	215
34	87	126	127
34	88	61	62
34	89	71	72
34	90	57	58
34	91	204	205
34	92	129	130
34	93	55	56
34	94	44	45
34	95	82	83
34	96	91	92
34	97	105	106
34	98	101	102
34	99	110	111
34	100	0	0
34	101	144	145
34	102	135	136
34	103	151	152
34	104	107	108
34	105	0	0
34	106	177	178
34	107	0	0
34	108	0	0
34	109	103	104
34	110	163	164
34	111	278	279
34	112	103	104
34	113	86	87
34	114	181	182
34	115	132	133
34	116	99	100
34	117	30	31
34	118	114	115
34	119	82	83
34	120	101	102
34	121	105	106
34	122	82	83
34	123	99	100
34	124	99	100
34	125	44	45
34	126	0	0
34	127	0	0
34	128	101	102
34	129	0	0
34	130	0	0
34	131	86	87
34	132	186	187
34	133	190	191
34	134	129	130
34	135	0	0
34	136	0	0
34	137	32	36
34	138	270	271
34	139	0	0
34	140	61	62
34	141	91	92
34	142	155	156
34	143	175	176
34	144	0	0
34	145	0	0
34	146	107	108
34	147	32	36
34	148	105	106
34	149	135	136
34	150	30	31
34	151	0	0
34	152	0	0
34	153	135	136
34	154	129	130
34	155	160	161
34	156	0	0
34	157	49	158
34	158	261	262
34	159	86	87
34	160	192	193
34	161	276	277
34	162	101	102
34	163	293	294
34	164	198	199
34	165	97	98
34	166	163	164
34	167	132	133
34	168	155	156
34	169	71	72
34	170	107	108
34	171	138	139
34	172	107	108
34	173	97	98
34	174	49	158
34	175	233	234
34	176	230	231
34	177	0	0
34	178	0	0
34	179	129	130
34	180	91	92
34	181	0	0
34	182	235	236
34	183	103	104
34	184	175	176
34	185	126	127
34	186	0	0
34	187	0	0
34	188	144	145
34	189	151	152
34	190	210	211
34	191	222	223
34	192	280	281
34	193	224	225
34	194	135	136
34	195	155	156
34	196	126	127
34	197	132	133
34	198	0	0
34	199	0	0
34	200	114	115
34	201	155	156
34	202	198	199
34	203	177	178
34	204	0	0
34	205	0	0
34	206	138	139
34	207	151	152
34	208	151	152
34	209	190	191
34	210	0	0
34	211	0	0
34	212	138	139
34	213	163	164
34	214	0	0
34	215	0	0
34	216	210	211
34	217	142	143
34	218	192	193
34	219	126	127
34	220	157	221
34	221	0	0
34	222	0	0
34	223	0	0
34	224	0	0
34	225	251	252
34	226	61	62
34	227	204	205
34	228	192	193
34	229	186	187
34	230	248	249
34	231	297	298
34	232	192	193
34	233	241	242
34	234	237	238
34	235	0	0
34	236	256	257
34	237	0	0
34	238	0	0
34	239	190	191
34	240	163	164
34	241	284	285
34	242	0	0
34	243	49	158
34	244	241	242
34	245	181	182
34	246	198	199
34	247	222	223
34	248	0	0
34	249	0	0
34	250	175	176
34	251	0	0
34	252	0	0
34	253	190	191
34	254	97	98
34	255	114	115
34	256	0	0
34	257	0	0
34	258	210	211
34	259	49	158
34	260	233	234
34	261	266	267
34	262	0	0
34	263	214	215
34	264	142	143
34	265	251	252
34	266	0	0
34	267	0	0
34	268	266	267
34	269	210	211
34	270	286	287
34	271	0	0
34	272	157	221
34	273	186	187
34	274	251	252
34	275	248	249
34	276	0	0
34	277	0	0
34	278	0	0
34	279	0	0
34	280	0	0
34	281	0	0
34	282	105	106
34	283	144	145
34	284	0	0
34	285	0	0
34	286	0	0
34	287	0	0
34	288	144	145
34	289	237	238
34	290	160	161
34	291	241	242
34	292	270	271
34	293	0	0
34	294	0	0
34	295	248	249
34	296	222	223
34	297	0	0
34	298	0	0
34	299	181	182
34	300	230	231
