46	1	0	0
46	2	1	3
46	3	0	0
46	4	1	3
46	5	1	3
46	6	1	3
46	7	2	8
46	8	9	10
46	9	0	0
46	10	0	0
46	11	9	10
46	12	9	10
46	13	9	10
46	14	2	8
46	15	2	8
46	16	2	8
46	17	7	18
46	18	111	112
46	19	17	20
46	20	29	30
46	21	17	20
46	22	19	23
46	23	49	50
46	24	17	20
46	25	17	20
46	26	19	23
46	27	19	23
46	28	19	23
46	29	31	32
46	30	43	44
46	31	37	38
46	32	33	34
46	33	0	0
46	34	0	0
46	35	33	34
46	36	29	30
46	37	0	0
46	38	0	0
46	39	37	38
46	40	31	32
46	41	31	32
46	42	7	18
46	43	139	140
46	44	57	58
46	45	7	18
46	46	29	30
46	47	33	34
46	48	29	30
46	49	90	91
46	50	51	52
46	51	179	180
46	52	71	72
46	53	33	34
46	54	37	38
46	55	37	38
46	56	31	32
46	57	0	0
46	58	0	0
46	59	7	18
46	60	51	52
46	61	22	62
46	62	63	64
46	63	87	88
46	64	161	162
46	65	51	52
46	66	49	50
46	67	22	62
46	68	63	64
46	69	51	52
46	70	63	64
46	71	75	76
46	72	79	80
46	73	43	44
46	74	71	72
46	75	0	0
46	76	0	0
46	77	61	78
46	78	107	108
46	79	0	0
46	80	0	0
46	81	61	78
46	82	43	44
46	83	63	64
46	84	22	62
46	85	79	80
46	86	75	76
46	87	94	95
46	88	92	93
46	89	61	78
46	90	113	114
46	91	100	101
46	92	116	117
46	93	0	0
46	94	0	0
46	95	151	152
46	96	87	88
46	97	57	58
46	98	71	72
46	99	87	88
46	100	103	104
46	101	0	0
46	102	100	101
46	103	0	0
46	104	0	0
46	105	79	80
46	106	61	78
46	107	121	122
46	108	131	132
46	109	43	44
46	110	57	58
46	111	183	184
46	112	0	0
46	113	192	193
46	114	148	149
46	115	79	80
46	116	119	120
46	117	0	0
46	118	94	95
46	119	0	0
46	120	0	0
46	121	0	0
46	122	169	170
46	123	111	112
46	124	77	125
46	125	128	129
46	126	113	114
46	127	71	72
46	128	157	158
46	129	0	0
46	130	107	108
46	131	153	154
46	132	136	137
46	133	100	101
46	134	119	120
46	135	128	129
46	136	0	0
46	137	0	0
46	138	94	95
46	139	0	0
46	140	0	0
46	141	131	132
46	142	57	58
46	143	113	114
46	144	121	122
46	145	94	95
46	146	136	137
46	147	22	62
46	148	0	0
46	149	0	0
46	150	148	149
46	151	0	0
46	152	0	0
46	153	0	0
46	154	0	0
46	155	151	152
46	156	119	120
46	157	0	0
46	158	0	0
46	159	148	149
46	160	49	50
46	161	0	0
46	162	195	196
46	163	151	152
46	164	100	101
46	165	116	117
46	166	87	88
46	167	92	93
46	168	161	162
46	169	0	0
46	170	189	190
46	171	131	132
46	172	113	114
46	173	119	120
46	174	107	108
46	175	161	162
46	176	103	104
46	177	111	112
46	178	107	108
46	179	0	0
46	180	197	198
46	181	131	132
46	182	121	122
46	183	0	0
46	184	0	0
46	185	157	158
46	186	128	129
46	187	90	91
46	188	49	50
46	189	0	0
46	190	0	0
46	191	90	91
46	192	0	0
46	193	0	0
46	194	139	140
46	195	0	0
46	196	0	0
46	197	0	0
46	198	0	0
46	199	92	93
46	200	153	154
