18	1	0	0
18	2	1	3
18	3	0	0
18	4	1	3
18	5	2	6
18	6	18	19
18	7	1	3
18	8	2	6
18	9	2	6
18	10	5	11
18	11	13	14
18	12	2	6
18	13	22	23
18	14	26	27
18	15	13	14
18	16	1	3
18	17	5	11
18	18	0	0
18	19	0	0
18	20	13	14
18	21	13	14
18	22	0	0
18	23	0	0
18	24	10	25
18	25	37	38
18	26	0	0
18	27	0	0
18	28	5	11
18	29	5	11
18	30	18	19
18	31	26	27
18	32	18	19
18	33	10	25
18	34	22	23
18	35	18	19
18	36	10	25
18	37	55	56
18	38	42	43
18	39	37	38
18	40	10	25
18	41	37	38
18	42	47	48
18	43	52	53
18	44	37	38
18	45	42	43
18	46	22	23
18	47	0	0
18	48	0	0
18	49	22	23
18	50	47	48
18	51	26	27
18	52	0	0
18	53	0	0
18	54	52	53
18	55	59	60
18	56	66	67
18	57	42	43
18	58	52	53
18	59	0	0
18	60	0	0
18	61	59	60
18	62	55	56
18	63	42	43
18	64	59	60
18	65	26	27
18	66	0	0
18	67	0	0
18	68	47	48
18	69	66	67
18	70	47	48
18	71	66	67
18	72	52	53
18	73	66	67
18	74	55	56
18	75	55	56
18	76	59	60
18	77	24	78
18	78	80	81
18	79	24	78
18	80	92	93
18	81	83	84
18	82	24	78
18	83	100	101
18	84	90	91
18	85	83	84
18	86	77	87
18	87	98	99
18	88	24	78
18	89	77	87
18	90	203	204
18	91	115	116
18	92	117	118
18	93	155	156
18	94	83	84
18	95	92	93
18	96	77	87
18	97	92	93
18	98	107	108
18	99	143	144
18	100	194	195
18	101	104	105
18	102	100	101
18	103	83	84
18	104	0	0
18	105	0	0
18	106	100	101
18	107	123	124
18	108	141	142
18	109	80	81
18	110	77	87
18	111	80	81
18	112	86	113
18	113	145	146
18	114	107	108
18	115	0	0
18	116	0	0
18	117	192	193
18	118	131	132
18	119	115	116
18	120	104	105
18	121	104	105
18	122	98	99
18	123	127	128
18	124	148	149
18	125	112	126
18	126	129	130
18	127	0	0
18	128	135	136
18	129	162	163
18	130	160	161
18	131	0	0
18	132	0	0
18	133	92	93
18	134	117	118
18	135	0	0
18	136	0	0
18	137	131	132
18	138	98	99
18	139	123	124
18	140	104	105
18	141	0	0
18	142	167	168
18	143	216	217
18	144	239	240
18	145	169	170
18	146	158	159
18	147	90	91
18	148	186	187
18	149	294	295
18	150	112	126
18	151	80	81
18	152	131	132
18	153	148	149
18	154	143	144
18	155	209	210
18	156	183	184
18	157	141	142
18	158	0	0
18	159	205	206
18	160	174	175
18	161	0	0
18	162	225	226
18	163	198	199
18	164	148	149
18	165	117	118
18	166	135	136
18	167	0	0
18	168	0	0
18	169	274	275
18	170	0	0
18	171	160	161
18	172	162	163
18	173	135	136
18	174	0	0
18	175	243	244
18	176	127	128
18	177	129	130
18	178	155	156
18	179	148	149
18	180	141	142
18	181	115	116
18	182	98	99
18	183	0	0
18	184	0	0
18	185	131	132
18	186	0	0
18	187	0	0
18	188	169	170
18	189	115	116
18	190	135	136
18	191	167	168
18	192	0	0
18	193	0	0
18	194	0	0
18	195	0	0
18	196	186	187
18	197	158	159
18	198	255	256
18	199	262	263
18	200	155	156
18	201	145	146
18	202	123	124
18	203	0	0
18	204	0	0
18	205	0	0
18	206	0	0
18	207	194	195
18	208	203	204
18	209	0	0
18	210	0	0
18	211	107	108
18	212	127	128
18	213	107	108
18	214	198	199
18	215	141	142
18	216	0	0
18	217	0	0
18	218	205	206
18	219	123	124
18	220	86	113
18	221	86	113
18	222	186	187
18	223	160	161
18	224	216	217
18	225	0	0
18	226	264	265
18	227	198	199
18	228	117	118
18	229	127	128
18	230	225	226
18	231	174	175
18	232	90	91
18	233	167	168
18	234	160	161
18	235	145	146
18	236	186	187
18	237	158	159
18	238	158	159
18	239	281	282
18	240	0	0
18	241	129	130
18	242	162	163
18	243	299	300
18	244	277	278
18	245	205	206
18	246	209	210
18	247	225	226
18	248	155	156
18	249	192	193
18	250	125	251
18	251	0	0
18	252	243	244
18	253	162	163
18	254	209	210
18	255	0	0
18	256	0	0
18	257	205	206
18	258	250	259
18	259	0	0
18	260	243	244
18	261	192	193
18	262	0	0
18	263	0	0
18	264	0	0
18	265	0	0
18	266	262	263
18	267	225	226
18	268	216	217
18	269	129	130
18	270	198	199
18	271	239	240
18	272	216	217
18	273	194	195
18	274	0	0
18	275	296	297
18	276	262	263
18	277	0	0
18	278	0	0
18	279	112	126
18	280	255	256
18	281	0	0
18	282	0	0
18	283	255	256
18	284	169	170
18	285	145	146
18	286	100	101
18	287	239	240
18	288	167	168
18	289	174	175
18	290	125	251
18	291	239	240
18	292	90	91
18	293	192	193
18	294	0	0
18	295	0	0
18	296	0	0
18	297	0	0
18	298	255	256
18	299	0	0
18	300	0	0
