49	1	0	0
49	2	1	3
49	3	0	0
49	4	1	3
49	5	2	6
49	6	12	13
49	7	1	3
49	8	2	6
49	9	1	3
49	10	5	11
49	11	14	15
49	12	0	0
49	13	0	0
49	14	18	19
49	15	21	22
49	16	2	6
49	17	5	11
49	18	0	0
49	19	0	0
49	20	14	15
49	21	0	0
49	22	0	0
49	23	21	22
49	24	12	13
49	25	21	22
49	26	18	19
49	27	12	13
49	28	12	13
49	29	21	22
49	30	5	11
49	31	14	15
49	32	5	11
49	33	10	34
49	34	37	38
49	35	18	19
49	36	18	19
49	37	54	55
49	38	40	41
49	39	2	6
49	40	52	53
49	41	46	47
49	42	37	38
49	43	37	38
49	44	14	15
49	45	37	38
49	46	0	0
49	47	0	0
49	48	40	41
49	49	46	47
49	50	40	41
49	51	40	41
49	52	0	0
49	53	0	0
49	54	67	68
49	55	56	57
49	56	0	0
49	57	0	0
49	58	52	53
49	59	52	53
49	60	33	61
49	61	72	73
49	62	46	47
49	63	46	47
49	64	33	61
49	65	10	34
49	66	10	34
49	67	0	0
49	68	0	0
49	69	52	53
49	70	56	57
49	71	54	55
49	72	0	0
49	73	76	77
49	74	67	68
49	75	56	57
49	76	0	0
49	77	87	88
49	78	76	77
49	79	54	55
49	80	72	73
49	81	76	77
49	82	33	61
49	83	60	84
49	84	90	91
49	85	60	84
49	86	54	55
49	87	0	0
49	88	0	0
49	89	76	77
49	90	92	93
49	91	0	0
49	92	0	0
49	93	97	98
49	94	56	57
49	95	90	91
49	96	90	91
49	97	0	0
49	98	0	0
49	99	90	91
49	100	0	0
