10	1	0	0
10	2	1	3
10	3	0	0
10	4	1	3
10	5	1	3
10	6	1	3
10	7	2	8
10	8	41	42
10	9	2	8
10	10	2	8
10	11	7	12
10	12	14	15
10	13	2	8
10	14	20	21
10	15	18	19
10	16	11	17
10	17	22	23
10	18	0	0
10	19	0	0
10	20	0	0
10	21	0	0
10	22	27	28
10	23	0	0
10	24	11	17
10	25	18	19
10	26	7	12
10	27	0	0
10	28	45	46
10	29	18	19
10	30	7	12
10	31	27	28
10	32	11	17
10	33	20	21
10	34	27	28
10	35	22	23
10	36	20	21
10	37	16	38
10	38	0	0
10	39	11	17
10	40	7	12
10	41	0	0
10	42	0	0
10	43	14	15
10	44	27	28
10	45	0	0
10	46	0	0
10	47	18	19
10	48	22	23
10	49	16	38
10	50	41	42
