10	1	0	0
10	2	1	3
10	3	0	0
10	4	1	3
10	5	1	3
10	6	1	3
10	7	2	8
10	8	10	11
10	9	2	8
10	10	0	0
10	11	0	0
10	12	10	11
10	13	7	14
10	14	73	74
10	15	7	14
10	16	13	17
10	17	18	19
10	18	36	37
10	19	45	46
10	20	18	19
10	21	16	22
10	22	23	24
10	23	26	27
10	24	60	61
10	25	2	8
10	26	31	32
10	27	108	109
10	28	13	17
10	29	21	30
10	30	40	41
10	31	77	78
10	32	124	125
10	33	18	19
10	34	18	19
10	35	13	17
10	36	68	69
10	37	104	105
10	38	21	30
10	39	36	37
10	40	57	58
10	41	82	83
10	42	26	27
10	43	29	44
10	44	239	240
10	45	66	67
10	46	101	102
10	47	10	11
10	48	31	32
10	49	7	14
10	50	45	46
10	51	7	14
10	52	13	17
10	53	23	24
10	54	29	44
10	55	23	24
10	56	40	41
10	57	241	242
10	58	86	87
10	59	29	44
10	60	70	71
10	61	117	118
10	62	45	46
10	63	23	24
10	64	40	41
10	65	31	32
10	66	0	0
10	67	0	0
10	68	0	0
10	69	0	0
10	70	84	85
10	71	677	678
10	72	66	67
10	73	256	257
10	74	106	107
10	75	57	58
10	76	57	58
10	77	0	0
10	78	0	0
10	79	45	46
10	80	70	71
10	81	29	44
10	82	164	165
10	83	98	99
10	84	0	0
10	85	0	0
10	86	113	114
10	87	115	116
10	88	2	8
10	89	60	61
10	90	57	58
10	91	31	32
10	92	66	67
10	93	70	71
10	94	82	83
10	95	77	78
10	96	86	87
10	97	10	11
10	98	219	220
10	99	201	202
10	100	77	78
10	101	0	0
10	102	0	0
10	103	70	71
10	104	0	0
10	105	0	0
10	106	0	0
10	107	0	0
10	108	121	122
10	109	119	120
10	110	60	61
10	111	36	37
10	112	82	83
10	113	160	161
10	114	178	179
10	115	144	145
10	116	224	225
10	117	138	139
10	118	128	129
10	119	0	0
10	120	0	0
10	121	0	0
10	122	0	0
10	123	117	118
10	124	0	0
10	125	0	0
10	126	21	30
10	127	108	109
10	128	0	0
10	129	0	0
10	130	84	85
10	131	36	37
10	132	115	116
10	133	73	74
10	134	73	74
10	135	121	122
10	136	128	129
10	137	104	105
10	138	0	0
10	139	0	0
10	140	104	105
10	141	73	74
10	142	115	116
10	143	104	105
10	144	0	0
10	145	0	0
10	146	60	61
10	147	124	125
10	148	113	114
10	149	77	78
10	150	138	139
10	151	128	129
10	152	124	125
10	153	40	41
10	154	138	139
10	155	16	22
10	156	115	116
10	157	106	107
10	158	66	67
10	159	113	114
10	160	0	0
10	161	0	0
10	162	84	85
10	163	121	122
10	164	176	177
10	165	215	216
10	166	108	109
10	167	43	168
10	168	212	213
10	169	119	120
10	170	144	145
10	171	21	30
10	172	138	139
10	173	113	114
10	174	82	83
10	175	84	85
10	176	183	184
10	177	186	187
10	178	0	0
10	179	0	0
10	180	98	99
10	181	124	125
10	182	178	179
10	183	0	0
10	184	0	0
10	185	98	99
10	186	0	0
10	187	0	0
10	188	106	107
10	189	106	107
10	190	167	191
10	191	207	208
10	192	167	191
10	193	160	161
10	194	190	195
10	195	198	199
10	196	176	177
10	197	144	145
10	198	274	275
10	199	453	454
10	200	68	69
10	201	487	488
10	202	502	503
10	203	128	129
10	204	183	184
10	205	117	118
10	206	183	184
10	207	0	0
10	208	234	235
10	209	160	161
10	210	98	99
10	211	190	195
10	212	353	354
10	213	265	266
10	214	117	118
10	215	221	222
10	216	277	278
10	217	215	216
10	218	160	161
10	219	253	254
10	220	328	329
10	221	0	0
10	222	0	0
10	223	186	187
10	224	0	0
10	225	0	0
10	226	194	227
10	227	228	229
10	228	289	290
10	229	303	304
10	230	228	229
10	231	164	165
10	232	186	187
10	233	68	69
10	234	720	721
10	235	406	407
10	236	201	202
10	237	207	208
10	238	144	145
10	239	291	292
10	240	555	556
10	241	300	301
10	242	394	395
10	243	194	227
10	244	215	216
10	245	119	120
10	246	68	69
10	247	167	191
10	248	121	122
10	249	239	240
10	250	183	184
10	251	239	240
10	252	178	179
10	253	0	0
10	254	0	0
10	255	43	168
10	256	0	0
10	257	0	0
10	258	253	254
10	259	215	216
10	260	228	229
10	261	221	222
10	262	16	22
10	263	228	229
10	264	16	22
10	265	318	319
10	266	284	285
10	267	101	102
10	268	164	165
10	269	198	199
10	270	26	27
10	271	253	254
10	272	256	257
10	273	86	87
10	274	0	0
10	275	341	342
10	276	119	120
10	277	0	0
10	278	0	0
10	279	178	179
10	280	256	257
10	281	241	242
10	282	108	109
10	283	26	27
10	284	756	757
10	285	337	338
10	286	186	187
10	287	277	278
10	288	265	266
10	289	321	322
10	290	440	441
10	291	426	427
10	292	409	410
10	293	291	292
10	294	274	275
10	295	176	177
10	296	284	285
10	297	241	242
10	298	176	177
10	299	284	285
10	300	307	308
10	301	310	311
10	302	241	242
10	303	995	996
10	304	457	458
10	305	194	227
10	306	43	168
10	307	0	0
10	308	0	0
10	309	101	102
10	310	0	0
10	311	0	0
10	312	201	202
10	313	194	227
10	314	274	275
10	315	303	304
10	316	234	235
10	317	86	87
10	318	435	436
10	319	475	476
10	320	239	240
10	321	378	379
10	322	324	325
10	323	289	290
10	324	376	377
10	325	551	552
10	326	310	311
10	327	164	165
10	328	0	0
10	329	0	0
10	330	207	208
10	331	300	301
10	332	300	301
10	333	300	301
10	334	101	102
10	335	167	191
10	336	198	199
10	337	386	387
10	338	351	352
10	339	234	235
10	340	190	195
10	341	356	357
10	342	768	769
10	343	310	311
10	344	201	202
10	345	190	195
10	346	212	213
10	347	277	278
10	348	277	278
10	349	265	266
10	350	328	329
10	351	422	423
10	352	358	359
10	353	445	446
10	354	363	364
10	355	310	311
10	356	390	391
10	357	740	741
10	358	373	374
10	359	413	414
10	360	274	275
10	361	328	329
10	362	356	357
10	363	641	642
10	364	388	389
10	365	307	308
10	366	337	338
10	367	226	368
10	368	485	486
10	369	265	266
10	370	43	168
10	371	284	285
10	372	303	304
10	373	0	0
10	374	0	0
10	375	303	304
10	376	711	712
10	377	716	717
10	378	433	434
10	379	384	385
10	380	363	364
10	381	291	292
10	382	318	319
10	383	351	352
10	384	0	0
10	385	450	451
10	386	797	798
10	387	416	417
10	388	455	456
10	389	397	398
10	390	514	515
10	391	401	402
10	392	289	290
10	393	289	290
10	394	0	0
10	395	534	535
10	396	363	364
10	397	537	538
10	398	428	429
10	399	363	364
10	400	324	325
10	401	411	412
10	402	553	554
10	403	198	199
10	404	224	225
10	405	307	308
10	406	437	438
10	407	463	464
10	408	390	391
10	409	730	731
10	410	530	531
10	411	622	623
10	412	461	462
10	413	0	0
10	414	0	0
10	415	341	342
10	416	420	421
10	417	736	737
10	418	376	377
10	419	321	322
10	420	0	0
10	421	0	0
10	422	467	468
10	423	618	619
10	424	411	412
10	425	386	387
10	426	430	431
10	427	807	808
10	428	0	0
10	429	0	0
10	430	527	528
10	431	834	835
10	432	324	325
10	433	479	480
10	434	609	610
10	435	915	916
10	436	0	0
10	437	634	635
10	438	665	666
10	439	307	308
10	440	636	637
10	441	0	0
10	442	437	438
10	443	384	385
10	444	324	325
10	445	745	746
10	446	593	594
10	447	224	225
10	448	226	368
10	449	384	385
10	450	597	598
10	451	498	499
10	452	416	417
10	453	562	563
10	454	504	505
10	455	524	525
10	456	630	631
10	457	694	695
10	458	852	853
10	459	453	454
10	460	422	423
10	461	0	0
10	462	925	926
10	463	489	490
10	464	584	585
10	465	321	322
10	466	457	458
10	467	0	0
10	468	0	0
10	469	445	446
10	470	337	338
10	471	219	220
10	472	384	385
10	473	253	254
10	474	207	208
10	475	491	492
10	476	0	0
10	477	386	387
10	478	411	412
10	479	510	511
10	480	587	588
10	481	378	379
10	482	390	391
10	483	221	222
10	484	430	431
10	485	844	845
10	486	494	495
10	487	0	0
10	488	0	0
10	489	519	520
10	490	0	0
10	491	508	509
10	492	599	600
10	493	409	410
10	494	877	878
10	495	0	0
10	496	321	322
10	497	428	429
10	498	539	540
10	499	656	657
10	500	433	434
10	501	435	436
10	502	0	0
10	503	0	0
10	504	591	592
10	505	582	583
10	506	394	395
10	507	328	329
10	508	644	645
10	509	568	569
10	510	542	543
10	511	0	0
10	512	401	402
10	513	212	213
10	514	0	0
10	515	0	0
10	516	437	438
10	517	457	458
10	518	318	319
10	519	565	566
10	520	0	0
10	521	467	468
10	522	219	220
10	523	502	503
10	524	616	617
10	525	0	0
10	526	353	354
10	527	614	615
10	528	0	0
10	529	401	402
10	530	558	559
10	531	0	0
10	532	373	374
10	533	413	414
10	534	0	0
10	535	0	0
10	536	514	515
10	537	663	664
10	538	707	708
10	539	0	0
10	540	832	833
10	541	221	222
10	542	0	0
10	543	690	691
10	544	487	488
10	545	411	412
10	546	494	495
10	547	426	427
10	548	534	535
10	549	479	480
10	550	416	417
10	551	0	0
10	552	0	0
10	553	580	581
10	554	789	790
10	555	0	0
10	556	0	0
10	557	475	476
10	558	987	988
10	559	0	0
10	560	356	357
10	561	388	389
10	562	611	612
10	563	0	0
10	564	463	464
10	565	751	752
10	566	785	786
10	567	524	525
10	568	0	0
10	569	0	0
10	570	437	438
10	571	555	556
10	572	409	410
10	573	401	402
10	574	234	235
10	575	514	515
10	576	406	407
10	577	219	220
10	578	224	225
10	579	510	511
10	580	0	0
10	581	714	715
10	582	809	810
10	583	990	991
10	584	620	621
10	585	0	0
10	586	539	540
10	587	0	0
10	588	0	0
10	589	534	535
10	590	406	407
10	591	627	628
10	592	0	0
10	593	595	596
10	594	602	603
10	595	762	763
10	596	0	0
10	597	0	0
10	598	732	733
10	599	701	702
10	600	743	744
10	601	430	431
10	602	791	792
10	603	632	633
10	604	390	391
10	605	373	374
10	606	479	480
10	607	212	213
10	608	435	436
10	609	0	0
10	610	672	673
10	611	0	0
10	612	909	910
10	613	422	423
10	614	0	0
10	615	0	0
10	616	0	0
10	617	0	0
10	618	0	0
10	619	0	0
10	620	726	727
10	621	0	0
10	622	815	816
10	623	0	0
10	624	487	488
10	625	599	600
10	626	453	454
10	627	0	0
10	628	0	0
10	629	542	543
10	630	0	0
10	631	867	868
10	632	0	0
10	633	787	788
10	634	0	0
10	635	0	0
10	636	887	888
10	637	651	652
10	638	510	511
10	639	409	410
10	640	358	359
10	641	661	662
10	642	0	0
10	643	537	538
10	644	0	0
10	645	0	0
10	646	565	566
10	647	614	615
10	648	644	645
10	649	627	628
10	650	413	414
10	651	0	0
10	652	900	901
10	653	562	563
10	654	641	642
10	655	455	456
10	656	0	0
10	657	805	806
10	658	568	569
10	659	616	617
10	660	504	505
10	661	749	750
10	662	686	687
10	663	0	0
10	664	0	0
10	665	811	812
10	666	872	873
10	667	430	431
10	668	291	292
10	669	422	423
10	670	226	368
10	671	318	319
10	672	696	697
10	673	0	0
10	674	580	581
10	675	609	610
10	676	562	563
10	677	0	0
10	678	0	0
10	679	568	569
10	680	597	598
10	681	367	682
10	682	0	0
10	683	485	486
10	684	519	520
10	685	663	664
10	686	858	859
10	687	774	775
10	688	485	486
10	689	413	414
10	690	0	0
10	691	779	780
10	692	553	554
10	693	445	446
10	694	0	0
10	695	772	773
10	696	0	0
10	697	0	0
10	698	591	592
10	699	527	528
10	700	455	456
10	701	0	0
10	702	0	0
10	703	378	379
10	704	367	682
10	705	620	621
10	706	701	702
10	707	0	0
10	708	0	0
10	709	416	417
10	710	397	398
10	711	854	855
10	712	0	0
10	713	510	511
10	714	0	0
10	715	0	0
10	716	799	800
10	717	0	0
10	718	256	257
10	719	632	633
10	720	0	0
10	721	0	0
10	722	593	594
10	723	558	559
10	724	565	566
10	725	599	600
10	726	0	0
10	727	997	998
10	728	622	623
10	729	537	538
10	730	969	970
10	731	813	814
10	732	0	0
10	733	0	0
10	734	394	395
10	735	614	615
10	736	0	0
10	737	0	0
10	738	595	596
10	739	665	666
10	740	821	822
10	741	0	0
10	742	663	664
10	743	0	0
10	744	0	0
10	745	938	939
10	746	0	0
10	747	634	635
10	748	467	468
10	749	0	0
10	750	950	951
10	751	0	0
10	752	0	0
10	753	743	744
10	754	686	687
10	755	622	623
10	756	0	0
10	757	905	906
10	758	519	520
10	759	618	619
10	760	502	503
10	761	356	357
10	762	0	0
10	763	933	934
10	764	378	379
10	765	428	429
10	766	508	509
10	767	634	635
10	768	0	0
10	769	856	857
10	770	386	387
10	771	373	374
10	772	0	0
10	773	0	0
10	774	0	0
10	775	0	0
10	776	630	631
10	777	376	377
10	778	534	535
10	779	0	0
10	780	0	0
10	781	498	499
10	782	701	702
10	783	461	462
10	784	394	395
10	785	0	0
10	786	0	0
10	787	0	0
10	788	0	0
10	789	0	0
10	790	983	984
10	791	0	0
10	792	829	830
10	793	514	515
10	794	524	525
10	795	450	451
10	796	467	468
10	797	917	918
10	798	0	0
10	799	0	0
10	800	927	928
10	801	479	480
10	802	789	790
10	803	785	786
10	804	487	488
10	805	953	954
10	806	0	0
10	807	0	0
10	808	0	0
10	809	0	0
10	810	874	875
10	811	0	0
10	812	0	0
10	813	0	0
10	814	848	849
10	815	0	0
10	816	0	0
10	817	632	633
10	818	677	678
10	819	498	499
10	820	609	610
10	821	921	922
10	822	0	0
10	823	450	451
10	824	809	810
10	825	542	543
10	826	435	436
10	827	618	619
10	828	527	528
10	829	0	0
10	830	0	0
10	831	634	635
10	832	890	891
10	833	0	0
10	834	882	883
10	835	0	0
10	836	791	792
10	837	696	697
10	838	813	814
10	839	636	637
10	840	426	427
10	841	762	763
10	842	797	798
10	843	602	603
10	844	0	0
10	845	0	0
10	846	580	581
10	847	720	721
10	848	0	0
10	849	0	0
10	850	582	583
10	851	537	538
10	852	0	0
10	853	0	0
10	854	0	0
10	855	0	0
10	856	0	0
10	857	0	0
10	858	0	0
10	859	0	0
10	860	644	645
10	861	568	569
10	862	805	806
10	863	406	407
10	864	789	790
10	865	358	359
10	866	774	775
10	867	0	0
10	868	0	0
10	869	494	495
10	870	854	855
10	871	595	596
10	872	930	931
10	873	0	0
10	874	0	0
10	875	0	0
10	876	485	486
10	877	980	981
10	878	0	0
10	879	530	531
10	880	428	429
10	881	614	615
10	882	0	0
10	883	0	0
10	884	807	808
10	885	351	352
10	886	768	769
10	887	962	963
10	888	0	0
10	889	475	476
10	890	0	0
10	891	0	0
10	892	856	857
10	893	745	746
10	894	450	451
10	895	226	368
10	896	539	540
10	897	491	492
10	898	602	603
10	899	457	458
10	900	0	0
10	901	0	0
10	902	694	695
10	903	811	812
10	904	542	543
10	905	0	0
10	906	0	0
10	907	730	731
10	908	696	697
10	909	0	0
10	910	0	0
10	911	779	780
10	912	663	664
10	913	453	454
10	914	440	441
10	915	0	0
10	916	0	0
10	917	0	0
10	918	0	0
10	919	813	814
10	920	618	619
10	921	0	0
10	922	0	0
10	923	582	583
10	924	475	476
10	925	0	0
10	926	0	0
10	927	0	0
10	928	0	0
10	929	856	857
10	930	964	965
10	931	0	0
10	932	553	554
10	933	0	0
10	934	0	0
10	935	616	617
10	936	915	916
10	937	858	859
10	938	0	0
10	939	0	0
10	940	504	505
10	941	630	631
10	942	353	354
10	943	756	757
10	944	672	673
10	945	584	585
10	946	834	835
10	947	809	810
10	948	595	596
10	949	774	775
10	950	0	0
10	951	0	0
10	952	950	951
10	953	0	0
10	954	0	0
10	955	461	462
10	956	353	354
10	957	856	857
10	958	593	594
10	959	832	833
10	960	611	612
10	961	665	666
10	962	0	0
10	963	0	0
10	964	0	0
10	965	0	0
10	966	858	859
10	967	768	769
10	968	730	731
10	969	0	0
10	970	973	974
10	971	848	849
10	972	874	875
10	973	0	0
10	974	0	0
10	975	665	666
10	976	508	509
10	977	539	540
10	978	969	970
10	979	900	901
10	980	0	0
10	981	0	0
10	982	555	556
10	983	0	0
10	984	0	0
10	985	593	594
10	986	799	800
10	987	0	0
10	988	0	0
10	989	730	731
10	990	0	0
10	991	0	0
10	992	644	645
10	993	555	556
10	994	440	441
10	995	0	0
10	996	0	0
10	997	0	0
10	998	0	0
10	999	995	996
10	1000	0	0
