33	1	0	0
33	2	1	3
33	3	0	0
33	4	1	3
33	5	2	6
33	6	14	15
33	7	5	8
33	8	20	21
33	9	1	3
33	10	2	6
33	11	2	6
33	12	5	8
33	13	1	3
33	14	0	0
33	15	0	0
33	16	2	6
33	17	14	15
33	18	14	15
33	19	5	8
33	20	28	29
33	21	38	39
33	22	7	23
33	23	30	31
33	24	14	15
33	25	20	21
33	26	20	21
33	27	7	23
33	28	0	0
33	29	0	0
33	30	52	53
33	31	32	33
33	32	0	0
33	33	41	42
33	34	20	21
33	35	22	36
33	36	70	71
33	37	30	31
33	38	0	0
33	39	0	0
33	40	32	33
33	41	0	0
33	42	0	0
33	43	28	29
33	44	7	23
33	45	28	29
33	46	22	36
33	47	7	23
33	48	5	8
33	49	41	42
33	50	22	36
33	51	32	33
33	52	61	62
33	53	74	75
33	54	32	33
33	55	41	42
33	56	35	57
33	57	85	86
33	58	22	36
33	59	41	42
33	60	30	31
33	61	0	0
33	62	0	0
33	63	56	64
33	64	72	73
33	65	63	66
33	66	79	80
33	67	65	68
33	68	0	0
33	69	30	31
33	70	97	98
33	71	0	0
33	72	0	0
33	73	90	91
33	74	0	0
33	75	0	0
33	76	67	77
33	77	0	0
33	78	52	53
33	79	0	0
33	80	0	0
33	81	61	62
33	82	67	77
33	83	56	64
33	84	38	39
33	85	0	0
33	86	0	0
33	87	74	75
33	88	65	68
33	89	74	75
33	90	0	0
33	91	0	0
33	92	90	91
33	93	85	86
33	94	61	62
33	95	74	75
33	96	52	53
33	97	0	0
33	98	0	0
33	99	35	57
33	100	0	76
