48	1	0	0
48	2	1	3
48	3	0	0
48	4	1	3
48	5	2	6
48	6	7	8
48	7	0	0
48	8	0	0
48	9	5	10
48	10	23	24
48	11	1	3
48	12	9	13
48	13	16	17
48	14	7	8
48	15	1	3
48	16	29	30
48	17	103	104
48	18	2	6
48	19	12	20
48	20	21	22
48	21	75	76
48	22	27	28
48	23	38	39
48	24	89	90
48	25	7	8
48	26	2	6
48	27	33	34
48	28	31	32
48	29	84	85
48	30	73	74
48	31	62	63
48	32	42	43
48	33	47	48
48	34	36	37
48	35	31	32
48	36	0	0
48	37	0	0
48	38	0	0
48	39	0	0
48	40	36	37
48	41	23	24
48	42	0	0
48	43	0	0
48	44	36	37
48	45	9	13
48	46	2	6
48	47	0	0
48	48	0	0
48	49	23	24
48	50	21	22
48	51	23	24
48	52	9	13
48	53	9	13
48	54	31	32
48	55	7	8
48	56	36	37
48	57	47	48
48	58	19	59
48	59	126	127
48	60	33	34
48	61	27	28
48	62	0	0
48	63	0	0
48	64	47	48
48	65	62	63
48	66	42	43
48	67	21	22
48	68	38	39
48	69	21	22
48	70	27	28
48	71	42	43
48	72	27	28
48	73	0	0
48	74	0	0
48	75	111	112
48	76	94	95
48	77	29	30
48	78	38	39
48	79	31	32
48	80	47	48
48	81	62	63
48	82	19	59
48	83	62	63
48	84	0	0
48	85	0	0
48	86	29	30
48	87	12	20
48	88	75	76
48	89	0	0
48	90	0	0
48	91	16	17
48	92	19	59
48	93	75	76
48	94	198	199
48	95	132	133
48	96	94	95
48	97	33	34
48	98	29	30
48	99	84	85
48	100	73	74
48	101	73	74
48	102	5	10
48	103	153	154
48	104	114	115
48	105	94	95
48	106	33	34
48	107	19	59
48	108	5	10
48	109	38	39
48	110	5	10
48	111	246	247
48	112	142	143
48	113	103	104
48	114	0	0
48	115	0	0
48	116	114	115
48	117	111	112
48	118	103	104
48	119	12	20
48	120	94	95
48	121	114	115
48	122	103	104
48	123	42	43
48	124	73	74
48	125	84	85
48	126	173	174
48	127	136	137
48	128	12	20
48	129	84	85
48	130	89	90
48	131	126	127
48	132	0	0
48	133	0	0
48	134	132	133
48	135	75	76
48	136	160	161
48	137	196	197
48	138	58	139
48	139	147	148
48	140	136	137
48	141	114	115
48	142	0	0
48	143	0	0
48	144	89	90
48	145	111	112
48	146	89	90
48	147	155	156
48	148	162	163
48	149	132	133
48	150	111	112
48	151	132	133
48	152	126	127
48	153	0	0
48	154	0	0
48	155	168	169
48	156	157	158
48	157	215	216
48	158	170	171
48	159	157	158
48	160	233	234
48	161	188	189
48	162	281	282
48	163	242	243
48	164	16	17
48	165	160	161
48	166	58	139
48	167	136	137
48	168	258	259
48	169	177	178
48	170	340	341
48	171	244	245
48	172	160	161
48	173	425	426
48	174	219	220
48	175	138	176
48	176	320	321
48	177	179	180
48	178	194	195
48	179	279	280
48	180	184	185
48	181	162	163
48	182	168	169
48	183	162	163
48	184	0	0
48	185	0	0
48	186	153	154
48	187	179	180
48	188	298	299
48	189	205	206
48	190	153	154
48	191	142	143
48	192	162	163
48	193	184	185
48	194	239	240
48	195	230	231
48	196	223	224
48	197	202	203
48	198	0	0
48	199	0	0
48	200	147	148
48	201	196	197
48	202	307	308
48	203	271	272
48	204	16	17
48	205	0	0
48	206	0	0
48	207	188	189
48	208	188	189
48	209	155	156
48	210	205	206
48	211	126	127
48	212	168	169
48	213	147	148
48	214	205	206
48	215	309	310
48	216	303	304
48	217	136	137
48	218	188	189
48	219	358	359
48	220	0	0
48	221	215	216
48	222	142	143
48	223	0	0
48	224	0	0
48	225	138	176
48	226	142	143
48	227	198	199
48	228	58	139
48	229	153	154
48	230	0	0
48	231	0	0
48	232	157	158
48	233	235	236
48	234	260	261
48	235	0	0
48	236	0	0
48	237	233	234
48	238	196	197
48	239	0	0
48	240	0	0
48	241	138	176
48	242	255	256
48	243	363	364
48	244	314	315
48	245	477	478
48	246	0	0
48	247	0	0
48	248	215	216
48	249	184	185
48	250	184	185
48	251	215	216
48	252	160	161
48	253	244	245
48	254	246	247
48	255	317	318
48	256	274	275
48	257	168	169
48	258	266	267
48	259	294	295
48	260	0	0
48	261	0	0
48	262	246	247
48	263	223	224
48	264	138	176
48	265	246	247
48	266	447	448
48	267	0	0
48	268	219	220
48	269	194	195
48	270	244	245
48	271	0	0
48	272	0	0
48	273	235	236
48	274	334	335
48	275	325	326
48	276	170	171
48	277	266	267
48	278	255	256
48	279	0	0
48	280	0	0
48	281	475	476
48	282	332	333
48	283	230	231
48	284	239	240
48	285	173	174
48	286	242	243
48	287	239	240
48	288	202	203
48	289	202	203
48	290	258	259
48	291	266	267
48	292	177	178
48	293	260	261
48	294	420	421
48	295	369	370
48	296	173	174
48	297	155	156
48	298	0	0
48	299	0	0
48	300	194	195
48	301	223	224
48	302	155	156
48	303	343	344
48	304	305	306
48	305	0	0
48	306	0	0
48	307	0	0
48	308	0	0
48	309	413	414
48	310	336	337
48	311	279	280
48	312	309	310
48	313	307	308
48	314	0	0
48	315	0	0
48	316	307	308
48	317	338	339
48	318	468	469
48	319	303	304
48	320	323	324
48	321	479	480
48	322	194	195
48	323	360	361
48	324	439	440
48	325	0	0
48	326	0	0
48	327	255	256
48	328	323	324
48	329	271	272
48	330	317	318
48	331	323	324
48	332	398	399
48	333	0	0
48	334	0	0
48	335	0	0
48	336	0	0
48	337	0	0
48	338	0	0
48	339	0	0
48	340	0	0
48	341	491	492
48	342	298	299
48	343	0	0
48	344	0	0
48	345	305	306
48	346	303	304
48	347	332	333
48	348	338	339
48	349	314	315
48	350	323	324
48	351	325	326
48	352	303	304
48	353	271	272
48	354	147	148
48	355	309	310
48	356	196	197
48	357	157	158
48	358	0	0
48	359	0	0
48	360	409	410
48	361	377	378
48	362	233	234
48	363	0	0
48	364	441	442
48	365	170	171
48	366	279	280
48	367	309	310
48	368	233	234
48	369	0	0
48	370	0	0
48	371	239	240
48	372	179	180
48	373	314	315
48	374	358	359
48	375	338	339
48	376	336	337
48	377	394	395
48	378	0	0
48	379	377	378
48	380	175	381
48	381	454	455
48	382	298	299
48	383	58	139
48	384	244	245
48	385	338	339
48	386	298	299
48	387	320	321
48	388	198	199
48	389	360	361
48	390	320	321
48	391	202	203
48	392	377	378
48	393	320	321
48	394	443	444
48	395	451	452
48	396	255	256
48	397	205	206
48	398	0	0
48	399	0	0
48	400	170	171
48	401	279	280
48	402	398	399
48	403	369	370
48	404	363	364
48	405	336	337
48	406	325	326
48	407	334	335
48	408	260	261
48	409	463	464
48	410	0	0
48	411	271	272
48	412	340	341
48	413	0	0
48	414	0	0
48	415	305	306
48	416	260	261
48	417	394	395
48	418	413	414
48	419	223	224
48	420	0	0
48	421	0	0
48	422	274	275
48	423	219	220
48	424	219	220
48	425	432	433
48	426	0	0
48	427	266	267
48	428	363	364
48	429	274	275
48	430	307	308
48	431	325	326
48	432	0	0
48	433	0	0
48	434	281	282
48	435	317	318
48	436	343	344
48	437	358	359
48	438	420	421
48	439	489	490
48	440	0	0
48	441	0	0
48	442	0	0
48	443	0	0
48	444	0	0
48	445	358	359
48	446	242	243
48	447	0	0
48	448	0	0
48	449	409	410
48	450	360	361
48	451	0	0
48	452	485	486
48	453	441	442
48	454	0	0
48	455	0	0
48	456	363	364
48	457	447	448
48	458	432	433
48	459	258	259
48	460	380	461
48	461	497	498
48	462	441	442
48	463	0	0
48	464	495	496
48	465	235	236
48	466	336	337
48	467	305	306
48	468	0	0
48	469	0	0
48	470	173	174
48	471	425	426
48	472	463	464
48	473	175	381
48	474	398	399
48	475	0	0
48	476	0	0
48	477	0	0
48	478	0	0
48	479	0	0
48	480	0	0
48	481	425	426
48	482	443	444
48	483	377	378
48	484	413	414
48	485	0	0
48	486	0	0
48	487	394	395
48	488	175	381
48	489	0	0
48	490	0	0
48	491	0	0
48	492	0	0
48	493	334	335
48	494	439	440
48	495	0	0
48	496	0	0
48	497	0	0
48	498	0	0
48	499	475	476
48	500	454	455
