21	1	0	0
21	2	1	3
21	3	0	0
21	4	2	5
21	5	31	32
21	6	4	7
21	7	8	9
21	8	15	16
21	9	12	13
21	10	4	7
21	11	2	5
21	12	0	0
21	13	0	0
21	14	12	13
21	15	0	0
21	16	0	0
21	17	2	5
21	18	15	16
21	19	2	5
21	20	8	9
21	21	8	9
21	22	12	13
21	23	8	9
21	24	1	3
21	25	1	3
21	26	4	7
21	27	12	13
21	28	1	3
21	29	15	16
21	30	15	16
21	31	0	0
21	32	0	0
21	33	6	34
21	34	73	74
21	35	4	7
21	36	6	34
21	37	31	32
21	38	31	32
21	39	31	32
21	40	33	41
21	41	59	60
21	42	40	43
21	43	102	103
21	44	40	43
21	45	33	41
21	46	42	47
21	47	83	84
21	48	6	34
21	49	40	43
21	50	33	41
21	51	46	52
21	52	0	0
21	53	6	34
21	54	46	52
21	55	42	47
21	56	33	41
21	57	51	58
21	58	87	88
21	59	63	64
21	60	61	62
21	61	92	93
21	62	99	100
21	63	68	69
21	64	146	147
21	65	63	64
21	66	57	67
21	67	149	150
21	68	118	119
21	69	70	71
21	70	0	0
21	71	0	0
21	72	68	69
21	73	108	109
21	74	85	86
21	75	51	58
21	76	63	64
21	77	73	74
21	78	40	43
21	79	42	47
21	80	73	74
21	81	68	69
21	82	70	71
21	83	97	98
21	84	201	202
21	85	240	241
21	86	95	96
21	87	128	129
21	88	235	236
21	89	57	67
21	90	73	74
21	91	46	52
21	92	203	204
21	93	274	275
21	94	42	47
21	95	0	0
21	96	0	0
21	97	208	209
21	98	114	115
21	99	0	0
21	100	123	124
21	101	99	100
21	102	267	268
21	103	133	134
21	104	87	88
21	105	57	67
21	106	57	67
21	107	87	88
21	108	0	0
21	109	143	144
21	110	83	84
21	111	63	64
21	112	85	86
21	113	99	100
21	114	298	299
21	115	121	122
21	116	97	98
21	117	61	62
21	118	0	0
21	119	0	0
21	120	108	109
21	121	220	221
21	122	194	195
21	123	0	0
21	124	0	0
21	125	108	109
21	126	68	69
21	127	92	93
21	128	157	158
21	129	141	142
21	130	97	98
21	131	92	93
21	132	114	115
21	133	0	0
21	134	206	207
21	135	87	88
21	136	128	129
21	137	121	122
21	138	128	129
21	139	123	124
21	140	108	109
21	141	0	0
21	142	248	249
21	143	0	0
21	144	0	0
21	145	123	124
21	146	245	246
21	147	190	191
21	148	114	115
21	149	229	230
21	150	151	152
21	151	172	173
21	152	160	161
21	153	146	147
21	154	99	100
21	155	97	98
21	156	61	62
21	157	278	279
21	158	196	197
21	159	70	71
21	160	166	167
21	161	188	189
21	162	102	103
21	163	70	71
21	164	123	124
21	165	114	115
21	166	217	218
21	167	0	0
21	168	51	58
21	169	121	122
21	170	59	60
21	171	143	144
21	172	0	0
21	173	181	182
21	174	46	52
21	175	151	152
21	176	61	62
21	177	95	96
21	178	133	134
21	179	121	122
21	180	118	119
21	181	213	214
21	182	0	0
21	183	160	161
21	184	92	93
21	185	141	142
21	186	85	86
21	187	85	86
21	188	0	0
21	189	0	0
21	190	0	0
21	191	0	0
21	192	141	142
21	193	149	150
21	194	0	0
21	195	0	0
21	196	0	0
21	197	0	0
21	198	118	119
21	199	166	167
21	200	141	142
21	201	0	0
21	202	242	243
21	203	0	0
21	204	0	0
21	205	157	158
21	206	231	232
21	207	0	0
21	208	211	212
21	209	282	283
21	210	51	58
21	211	0	0
21	212	0	0
21	213	284	285
21	214	288	289
21	215	208	209
21	216	201	202
21	217	296	297
21	218	227	228
21	219	102	103
21	220	0	0
21	221	0	0
21	222	149	150
21	223	213	214
21	224	149	150
21	225	190	191
21	226	181	182
21	227	0	0
21	228	261	262
21	229	0	0
21	230	0	0
21	231	293	294
21	232	0	0
21	233	133	134
21	234	128	129
21	235	286	287
21	236	0	0
21	237	83	84
21	238	95	96
21	239	146	147
21	240	0	0
21	241	0	0
21	242	265	266
21	243	0	0
21	244	146	147
21	245	0	0
21	246	0	0
21	247	235	236
21	248	0	0
21	249	0	0
21	250	83	84
21	251	59	60
21	252	196	197
21	253	203	204
21	254	166	167
21	255	235	236
21	256	190	191
21	257	211	212
21	258	240	241
21	259	196	197
21	260	245	246
21	261	0	0
21	262	0	0
21	263	196	197
21	264	190	191
21	265	0	0
21	266	271	272
21	267	0	0
21	268	0	0
21	269	59	60
21	270	265	266
21	271	0	0
21	272	280	281
21	273	229	230
21	274	0	0
21	275	0	0
21	276	240	241
21	277	160	161
21	278	0	0
21	279	0	0
21	280	0	0
21	281	0	0
21	282	0	0
21	283	0	0
21	284	0	0
21	285	0	0
21	286	0	0
21	287	0	0
21	288	0	0
21	289	0	0
21	290	280	281
21	291	267	268
21	292	203	204
21	293	0	0
21	294	0	0
21	295	206	207
21	296	0	0
21	297	0	0
21	298	0	0
21	299	0	0
21	300	0	0
