27	1	0	0
27	2	1	3
27	3	0	0
27	4	1	3
27	5	2	6
27	6	11	12
27	7	1	3
27	8	2	6
27	9	2	6
27	10	1	3
27	11	0	0
27	12	0	0
27	13	11	12
27	14	5	15
27	15	56	57
27	16	11	12
27	17	2	6
27	18	14	19
27	19	21	22
27	20	11	12
27	21	28	29
27	22	36	37
27	23	5	15
27	24	21	22
27	25	21	22
27	26	5	15
27	27	5	15
27	28	30	31
27	29	32	33
27	30	0	0
27	31	0	0
27	32	0	0
27	33	0	0
27	34	21	22
27	35	32	33
27	36	45	46
27	37	65	66
27	38	14	19
27	39	36	37
27	40	14	19
27	41	32	33
27	42	36	37
27	43	30	31
27	44	14	19
27	45	0	0
27	46	0	0
27	47	30	31
27	48	32	33
27	49	30	31
27	50	45	46
27	51	18	52
27	52	76	77
27	53	36	37
27	54	28	29
27	55	28	29
27	56	101	102
27	57	85	86
27	58	28	29
27	59	45	46
27	60	51	61
27	61	81	82
27	62	45	46
27	63	56	57
27	64	18	52
27	65	0	0
27	66	0	0
27	67	65	66
27	68	18	52
27	69	65	66
27	70	51	61
27	71	65	66
27	72	56	57
27	73	51	61
27	74	56	57
27	75	51	61
27	76	97	98
27	77	88	89
27	78	18	52
27	79	76	77
27	80	76	77
27	81	0	0
27	82	0	0
27	83	60	84
27	84	163	164
27	85	0	0
27	86	0	0
27	87	85	86
27	88	108	109
27	89	161	162
27	90	76	77
27	91	85	86
27	92	83	93
27	93	103	104
27	94	83	93
27	95	85	86
27	96	83	93
27	97	121	122
27	98	154	155
27	99	88	89
27	100	88	89
27	101	0	0
27	102	0	0
27	103	119	120
27	104	123	124
27	105	92	106
27	106	125	126
27	107	88	89
27	108	113	114
27	109	111	112
27	110	108	109
27	111	0	0
27	112	0	0
27	113	0	0
27	114	0	0
27	115	108	109
27	116	103	104
27	117	101	102
27	118	103	104
27	119	168	169
27	120	298	299
27	121	140	141
27	122	147	148
27	123	207	208
27	124	128	129
27	125	0	0
27	126	202	203
27	127	60	84
27	128	159	160
27	129	191	192
27	130	92	106
27	131	83	93
27	132	123	124
27	133	125	126
27	134	125	126
27	135	123	124
27	136	105	137
27	137	0	0
27	138	103	104
27	139	119	120
27	140	0	0
27	141	0	0
27	142	121	122
27	143	136	144
27	144	174	175
27	145	140	141
27	146	128	129
27	147	0	0
27	148	0	0
27	149	92	106
27	150	101	102
27	151	140	141
27	152	101	102
27	153	105	137
27	154	0	0
27	155	185	186
27	156	108	109
27	157	143	158
27	158	0	0
27	159	170	171
27	160	0	0
27	161	165	166
27	162	268	269
27	163	193	194
27	164	219	220
27	165	0	0
27	166	0	0
27	167	123	124
27	168	222	223
27	169	251	252
27	170	187	188
27	171	263	264
27	172	105	137
27	173	81	82
27	174	214	215
27	175	180	181
27	176	60	84
27	177	119	120
27	178	97	98
27	179	113	114
27	180	236	237
27	181	199	200
27	182	128	129
27	183	165	166
27	184	163	164
27	185	0	0
27	186	0	0
27	187	209	210
27	188	258	259
27	189	180	181
27	190	168	169
27	191	0	0
27	192	0	0
27	193	277	278
27	194	0	0
27	195	97	98
27	196	140	141
27	197	180	181
27	198	161	162
27	199	0	0
27	200	274	275
27	201	125	126
27	202	0	0
27	203	212	213
27	204	111	112
27	205	157	206
27	206	0	0
27	207	239	240
27	208	0	0
27	209	0	0
27	210	0	0
27	211	187	188
27	212	0	0
27	213	282	283
27	214	0	0
27	215	0	0
27	216	202	203
27	217	119	120
27	218	143	158
27	219	256	257
27	220	296	297
27	221	202	203
27	222	0	0
27	223	0	0
27	224	205	225
27	225	0	0
27	226	199	200
27	227	154	155
27	228	136	144
27	229	199	200
27	230	147	148
27	231	111	112
27	232	222	223
27	233	174	175
27	234	113	114
27	235	163	164
27	236	243	244
27	237	0	0
27	238	222	223
27	239	0	0
27	240	0	0
27	241	121	122
27	242	168	169
27	243	0	0
27	244	0	0
27	245	174	175
27	246	214	215
27	247	193	194
27	248	113	114
27	249	128	129
27	250	209	210
27	251	265	266
27	252	253	254
27	253	0	0
27	254	0	0
27	255	219	220
27	256	0	0
27	257	0	0
27	258	0	0
27	259	0	0
27	260	222	223
27	261	157	206
27	262	180	181
27	263	0	0
27	264	0	0
27	265	0	0
27	266	0	0
27	267	157	206
27	268	0	0
27	269	0	0
27	270	60	84
27	271	136	144
27	272	105	137
27	273	168	169
27	274	0	0
27	275	289	290
27	276	239	240
27	277	0	0
27	278	285	286
27	279	165	166
27	280	212	213
27	281	199	200
27	282	0	0
27	283	0	0
27	284	202	203
27	285	0	0
27	286	0	0
27	287	207	208
27	288	209	210
27	289	0	0
27	290	0	0
27	291	251	252
27	292	253	254
27	293	159	160
27	294	136	144
27	295	159	160
27	296	0	0
27	297	0	0
27	298	0	0
27	299	0	0
27	300	207	208
