38	1	0	0
38	2	1	3
38	3	0	0
38	4	2	5
38	5	13	14
38	6	1	3
38	7	4	8
38	8	0	0
38	9	1	3
38	10	7	11
38	11	15	16
38	12	4	8
38	13	0	0
38	14	0	0
38	15	37	38
38	16	35	36
38	17	15	16
38	18	4	8
38	19	10	20
38	20	26	27
38	21	10	20
38	22	13	14
38	23	13	14
38	24	13	14
38	25	1	3
38	26	0	0
38	27	44	45
38	28	15	16
38	29	4	8
38	30	7	11
38	31	10	20
38	32	7	11
38	33	26	27
38	34	7	11
38	35	0	0
38	36	0	0
38	37	39	40
38	38	0	0
38	39	0	0
38	40	0	0
38	41	15	16
38	42	19	43
38	43	47	48
38	44	0	0
38	45	0	0
38	46	2	5
38	47	0	0
38	48	0	0
38	49	37	38
38	50	2	5
