37	1	0	0
37	2	1	3
37	3	0	0
37	4	2	5
37	5	29	30
37	6	1	3
37	7	2	5
37	8	2	5
37	9	2	5
37	10	1	3
37	11	4	12
37	12	18	19
37	13	4	12
37	14	4	12
37	15	11	16
37	16	50	51
37	17	4	12
37	18	22	23
37	19	156	157
37	20	15	21
37	21	130	131
37	22	0	0
37	23	0	0
37	24	1	3
37	25	20	26
37	26	40	41
37	27	15	21
37	28	15	21
37	29	0	0
37	30	0	0
37	31	29	30
37	32	22	23
37	33	20	26
37	34	20	26
37	35	25	36
37	36	38	39
37	37	11	16
37	38	67	68
37	39	151	152
37	40	55	56
37	41	53	54
37	42	29	30
37	43	35	44
37	44	48	49
37	45	18	19
37	46	15	21
37	47	40	41
37	48	105	106
37	49	77	78
37	50	70	71
37	51	73	74
37	52	22	23
37	53	160	161
37	54	86	87
37	55	57	58
37	56	113	114
37	57	193	194
37	58	124	125
37	59	20	26
37	60	40	41
37	61	22	23
37	62	57	58
37	63	29	30
37	64	55	56
37	65	25	36
37	66	11	16
37	67	88	89
37	68	82	83
37	69	11	16
37	70	0	0
37	71	172	173
37	72	53	54
37	73	84	85
37	74	135	136
37	75	50	51
37	76	40	41
37	77	94	95
37	78	147	148
37	79	70	71
37	80	48	49
37	81	50	51
37	82	101	102
37	83	139	140
37	84	0	0
37	85	0	0
37	86	92	93
37	87	0	0
37	88	117	118
37	89	122	123
37	90	70	71
37	91	73	74
37	92	0	0
37	93	120	121
37	94	169	170
37	95	108	109
37	96	82	83
37	97	94	95
37	98	38	39
37	99	50	51
37	100	86	87
37	101	166	167
37	102	0	0
37	103	53	54
37	104	82	83
37	105	0	0
37	106	0	0
37	107	86	87
37	108	0	0
37	109	0	0
37	110	67	68
37	111	73	74
37	112	92	93
37	113	0	0
37	114	0	0
37	115	82	83
37	116	18	19
37	117	185	186
37	118	0	0
37	119	35	44
37	120	0	0
37	121	0	0
37	122	0	0
37	123	0	0
37	124	133	134
37	125	0	0
37	126	57	58
37	127	94	95
37	128	84	85
37	129	120	121
37	130	0	0
37	131	181	182
37	132	130	131
37	133	0	0
37	134	0	0
37	135	0	0
37	136	0	0
37	137	108	109
37	138	105	106
37	139	0	0
37	140	0	0
37	141	25	36
37	142	77	78
37	143	57	58
37	144	108	109
37	145	38	39
37	146	117	118
37	147	0	0
37	148	0	0
37	149	48	49
37	150	124	125
37	151	0	0
37	152	188	189
37	153	92	93
37	154	38	39
37	155	139	140
37	156	0	0
37	157	0	0
37	158	147	148
37	159	77	78
37	160	0	0
37	161	0	0
37	162	135	136
37	163	86	87
37	164	130	131
37	165	55	56
37	166	0	0
37	167	0	0
37	168	124	125
37	169	0	0
37	170	174	175
37	171	135	136
37	172	0	0
37	173	0	0
37	174	0	0
37	175	0	0
37	176	73	74
37	177	70	71
37	178	166	167
37	179	172	173
37	180	92	93
37	181	0	0
37	182	0	0
37	183	122	123
37	184	48	49
37	185	0	0
37	186	0	0
37	187	124	125
37	188	0	0
37	189	195	196
37	190	185	186
37	191	139	140
37	192	130	131
37	193	0	0
37	194	0	0
37	195	0	0
37	196	0	0
37	197	53	54
37	198	77	78
37	199	139	140
37	200	133	134
