8	1	0	0
8	2	1	3
8	3	0	0
8	4	1	3
8	5	1	3
8	6	1	3
8	7	2	8
8	8	9	10
8	9	0	0
8	10	0	0
8	11	2	8
8	12	9	10
8	13	2	8
8	14	9	10
8	15	7	16
8	16	21	22
8	17	15	18
8	18	28	29
8	19	17	20
8	20	73	74
8	21	33	34
8	22	36	37
8	23	15	18
8	24	2	8
8	25	7	16
8	26	17	20
8	27	15	18
8	28	42	43
8	29	57	58
8	30	9	10
8	31	21	22
8	32	28	29
8	33	0	0
8	34	0	0
8	35	17	20
8	36	0	0
8	37	0	0
8	38	17	20
8	39	36	37
8	40	15	18
8	41	33	34
8	42	51	52
8	43	49	50
8	44	42	43
8	45	28	29
8	46	19	47
8	47	61	62
8	48	28	29
8	49	0	0
8	50	0	0
8	51	0	0
8	52	0	0
8	53	7	16
8	54	42	43
8	55	7	16
8	56	33	34
8	57	63	64
8	58	0	0
8	59	42	43
8	60	33	34
8	61	70	71
8	62	90	91
8	63	0	0
8	64	0	0
8	65	63	64
8	66	51	52
8	67	19	47
8	68	36	37
8	69	19	47
8	70	0	0
8	71	80	81
8	72	61	62
8	73	0	0
8	74	87	88
8	75	70	71
8	76	49	50
8	77	70	71
8	78	70	71
8	79	21	22
8	80	83	84
8	81	0	0
8	82	80	81
8	83	0	0
8	84	0	0
8	85	83	84
8	86	73	74
8	87	0	0
8	88	0	0
8	89	87	88
8	90	0	0
8	91	0	0
8	92	87	88
8	93	63	64
8	94	57	58
8	95	51	52
8	96	21	22
8	97	80	81
8	98	57	58
8	99	46	100
8	100	0	0
