25	1	0	0
25	2	1	3
25	3	0	0
25	4	2	5
25	5	6	7
25	6	0	0
25	7	0	0
25	8	6	7
25	9	6	7
25	10	6	7
25	11	2	5
25	12	2	5
25	13	2	5
25	14	4	15
25	15	19	20
25	16	4	15
25	17	4	15
25	18	4	15
25	19	111	112
25	20	94	95
25	21	1	3
25	22	14	23
25	23	25	26
25	24	1	3
25	25	27	28
25	26	33	34
25	27	60	61
25	28	36	37
25	29	1	3
25	30	22	31
25	31	45	46
25	32	22	31
25	33	39	40
25	34	68	69
25	35	14	23
25	36	0	0
25	37	0	0
25	38	27	28
25	39	0	0
25	40	0	0
25	41	39	40
25	42	30	43
25	43	533	534
25	44	19	20
25	45	104	105
25	46	65	66
25	47	33	34
25	48	14	23
25	49	25	26
25	50	45	46
25	51	33	34
25	52	30	43
25	53	30	43
25	54	19	20
25	55	22	31
25	56	30	43
25	57	27	28
25	58	36	37
25	59	39	40
25	60	0	0
25	61	0	0
25	62	27	28
25	63	42	64
25	64	83	84
25	65	85	86
25	66	100	101
25	67	19	20
25	68	0	0
25	69	0	0
25	70	45	46
25	71	25	26
25	72	68	69
25	73	39	40
25	74	25	26
25	75	36	37
25	76	14	23
25	77	60	61
25	78	65	66
25	79	60	61
25	80	45	46
25	81	63	82
25	82	206	207
25	83	107	108
25	84	304	305
25	85	228	229
25	86	97	98
25	87	68	69
25	88	65	66
25	89	22	31
25	90	33	34
25	91	60	61
25	92	81	93
25	93	156	157
25	94	0	0
25	95	0	0
25	96	81	93
25	97	0	0
25	98	0	0
25	99	97	98
25	100	264	265
25	101	218	219
25	102	65	66
25	103	63	82
25	104	194	195
25	105	138	139
25	106	83	84
25	107	116	117
25	108	132	133
25	109	42	64
25	110	68	69
25	111	0	0
25	112	0	0
25	113	36	37
25	114	107	108
25	115	94	95
25	116	120	121
25	117	495	496
25	118	85	86
25	119	100	101
25	120	158	159
25	121	169	170
25	122	83	84
25	123	111	112
25	124	107	108
25	125	100	101
25	126	63	82
25	127	104	105
25	128	42	64
25	129	92	130
25	130	276	277
25	131	81	93
25	132	202	203
25	133	291	292
25	134	104	105
25	135	116	117
25	136	100	101
25	137	63	82
25	138	142	143
25	139	145	146
25	140	85	86
25	141	132	133
25	142	0	0
25	143	0	0
25	144	104	105
25	145	0	0
25	146	0	0
25	147	145	146
25	148	42	64
25	149	132	133
25	150	97	98
25	151	116	117
25	152	94	95
25	153	132	133
25	154	94	95
25	155	83	84
25	156	182	183
25	157	200	201
25	158	163	164
25	159	244	245
25	160	97	98
25	161	107	108
25	162	81	93
25	163	0	0
25	164	0	0
25	165	138	139
25	166	142	143
25	167	158	159
25	168	120	121
25	169	188	189
25	170	178	179
25	171	142	143
25	172	138	139
25	173	129	174
25	174	204	205
25	175	85	86
25	176	116	117
25	177	142	143
25	178	0	0
25	179	0	0
25	180	129	174
25	181	178	179
25	182	231	232
25	183	351	352
25	184	158	159
25	185	178	179
25	186	138	139
25	187	145	146
25	188	0	0
25	189	0	0
25	190	145	146
25	191	169	170
25	192	173	193
25	193	268	269
25	194	247	248
25	195	308	309
25	196	178	179
25	197	156	157
25	198	173	193
25	199	111	112
25	200	348	349
25	201	215	216
25	202	595	596
25	203	492	493
25	204	417	418
25	205	208	209
25	206	306	307
25	207	322	323
25	208	261	262
25	209	465	466
25	210	192	211
25	211	255	256
25	212	156	157
25	213	206	207
25	214	173	193
25	215	310	311
25	216	237	238
25	217	182	183
25	218	0	0
25	219	0	0
25	220	210	221
25	221	282	283
25	222	158	159
25	223	163	164
25	224	194	195
25	225	204	205
25	226	210	221
25	227	194	195
25	228	0	0
25	229	0	0
25	230	200	201
25	231	391	392
25	232	249	250
25	233	129	174
25	234	92	130
25	235	215	216
25	236	228	229
25	237	272	273
25	238	252	253
25	239	206	207
25	240	231	232
25	241	237	238
25	242	237	238
25	243	228	229
25	244	0	0
25	245	0	0
25	246	208	209
25	247	0	0
25	248	0	0
25	249	564	565
25	250	266	267
25	251	194	195
25	252	312	313
25	253	330	331
25	254	156	157
25	255	427	428
25	256	759	760
25	257	204	205
25	258	192	211
25	259	218	219
25	260	204	205
25	261	286	287
25	262	959	960
25	263	200	201
25	264	0	0
25	265	0	0
25	266	345	346
25	267	641	642
25	268	658	659
25	269	270	271
25	270	673	674
25	271	399	400
25	272	531	532
25	273	314	315
25	274	182	183
25	275	244	245
25	276	604	605
25	277	639	640
25	278	261	262
25	279	268	269
25	280	237	238
25	281	206	207
25	282	360	361
25	283	316	317
25	284	173	193
25	285	272	273
25	286	333	334
25	287	487	488
25	288	268	269
25	289	228	229
25	290	270	271
25	291	406	407
25	292	358	359
25	293	111	112
25	294	282	283
25	295	208	209
25	296	244	245
25	297	210	221
25	298	182	183
25	299	276	277
25	300	231	232
25	301	270	271
25	302	276	277
25	303	276	277
25	304	444	445
25	305	342	343
25	306	785	786
25	307	328	329
25	308	0	0
25	309	0	0
25	310	459	460
25	311	542	543
25	312	365	366
25	313	583	584
25	314	0	0
25	315	484	485
25	316	745	746
25	317	710	711
25	318	268	269
25	319	255	256
25	320	244	245
25	321	202	203
25	322	340	341
25	323	430	431
25	324	120	121
25	325	255	256
25	326	231	232
25	327	120	121
25	328	649	650
25	329	671	672
25	330	449	450
25	331	369	370
25	332	328	329
25	333	442	443
25	334	0	0
25	335	330	331
25	336	252	253
25	337	163	164
25	338	266	267
25	339	310	311
25	340	0	0
25	341	0	0
25	342	393	394
25	343	783	784
25	344	129	174
25	345	0	0
25	346	412	413
25	347	322	323
25	348	378	379
25	349	0	0
25	350	188	189
25	351	624	625
25	352	0	0
25	353	312	313
25	354	266	267
25	355	270	271
25	356	282	283
25	357	333	334
25	358	424	425
25	359	362	363
25	360	401	402
25	361	467	468
25	362	0	0
25	363	0	0
25	364	291	292
25	365	385	386
25	366	0	0
25	367	188	189
25	368	306	307
25	369	957	958
25	370	612	613
25	371	306	307
25	372	255	256
25	373	261	262
25	374	304	305
25	375	291	292
25	376	312	313
25	377	348	349
25	378	569	570
25	379	546	547
25	380	342	343
25	381	316	317
25	382	312	313
25	383	330	331
25	384	310	311
25	385	0	0
25	386	0	0
25	387	306	307
25	388	348	349
25	389	348	349
25	390	266	267
25	391	757	758
25	392	521	522
25	393	663	664
25	394	631	632
25	395	314	315
25	396	308	309
25	397	208	209
25	398	316	317
25	399	941	942
25	400	0	0
25	401	456	457
25	402	409	410
25	403	358	359
25	404	163	164
25	405	261	262
25	406	0	0
25	407	497	498
25	408	330	331
25	409	511	512
25	410	557	558
25	411	188	189
25	412	549	550
25	413	419	420
25	414	409	410
25	415	310	311
25	416	351	352
25	417	790	791
25	418	489	490
25	419	0	0
25	420	0	0
25	421	192	211
25	422	316	317
25	423	333	334
25	424	0	0
25	425	0	0
25	426	210	221
25	427	0	0
25	428	0	0
25	429	351	352
25	430	454	455
25	431	729	730
25	432	424	425
25	433	419	420
25	434	409	410
25	435	430	431
25	436	378	379
25	437	247	248
25	438	247	248
25	439	333	334
25	440	342	343
25	441	328	329
25	442	566	567
25	443	901	902
25	444	572	573
25	445	447	448
25	446	442	443
25	447	881	882
25	448	473	474
25	449	471	472
25	450	773	774
25	451	249	250
25	452	412	413
25	453	264	265
25	454	0	0
25	455	884	885
25	456	610	611
25	457	480	481
25	458	427	428
25	459	500	501
25	460	515	516
25	461	447	448
25	462	218	219
25	463	406	407
25	464	252	253
25	465	502	503
25	466	819	820
25	467	626	627
25	468	939	940
25	469	424	425
25	470	252	253
25	471	0	0
25	472	0	0
25	473	0	0
25	474	0	0
25	475	358	359
25	476	471	472
25	477	264	265
25	478	291	292
25	479	442	443
25	480	0	0
25	481	0	0
25	482	417	418
25	483	454	455
25	484	526	527
25	485	561	562
25	486	340	341
25	487	698	699
25	488	655	656
25	489	620	621
25	490	622	623
25	491	218	219
25	492	574	575
25	493	861	862
25	494	215	216
25	495	817	818
25	496	518	519
25	497	0	0
25	498	0	0
25	499	456	457
25	500	536	537
25	501	0	0
25	502	616	617
25	503	578	579
25	504	286	287
25	505	497	498
25	506	247	248
25	507	467	468
25	508	378	379
25	509	391	392
25	510	264	265
25	511	834	835
25	512	0	0
25	513	487	488
25	514	200	201
25	515	551	552
25	516	554	555
25	517	449	450
25	518	0	0
25	519	748	749
25	520	328	329
25	521	661	662
25	522	528	529
25	523	345	346
25	524	417	418
25	525	471	472
25	526	0	0
25	527	0	0
25	528	937	938
25	529	586	587
25	530	314	315
25	531	544	545
25	532	0	0
25	533	0	0
25	534	0	0
25	535	531	532
25	536	0	0
25	537	675	676
25	538	502	503
25	539	467	468
25	540	424	425
25	541	385	386
25	542	787	788
25	543	0	0
25	544	750	751
25	545	702	703
25	546	614	615
25	547	600	601
25	548	393	394
25	549	0	0
25	550	0	0
25	551	0	0
25	552	602	603
25	553	314	315
25	554	0	0
25	555	696	697
25	556	192	211
25	557	0	0
25	558	813	814
25	559	531	532
25	560	282	283
25	561	0	0
25	562	0	0
25	563	442	443
25	564	0	0
25	565	841	842
25	566	0	0
25	567	0	0
25	568	342	343
25	569	945	946
25	570	0	0
25	571	536	537
25	572	0	0
25	573	721	722
25	574	0	0
25	575	0	0
25	576	417	418
25	577	531	532
25	578	0	0
25	579	0	0
25	580	544	545
25	581	360	361
25	582	92	130
25	583	589	590
25	584	762	763
25	585	518	519
25	586	637	638
25	587	692	693
25	588	492	493
25	589	0	0
25	590	0	0
25	591	467	468
25	592	518	519
25	593	569	570
25	594	92	130
25	595	994	995
25	596	0	0
25	597	430	431
25	598	169	170
25	599	286	287
25	600	669	670
25	601	0	0
25	602	0	0
25	603	0	0
25	604	0	0
25	605	666	667
25	606	202	203
25	607	362	363
25	608	399	400
25	609	583	584
25	610	793	794
25	611	0	0
25	612	0	0
25	613	0	0
25	614	905	906
25	615	726	727
25	616	801	802
25	617	0	0
25	618	526	527
25	619	583	584
25	620	0	0
25	621	0	0
25	622	0	0
25	623	0	0
25	624	909	910
25	625	899	900
25	626	647	648
25	627	743	744
25	628	626	627
25	629	515	516
25	630	308	309
25	631	0	0
25	632	0	0
25	633	412	413
25	634	340	341
25	635	631	632
25	636	620	621
25	637	0	0
25	638	0	0
25	639	976	977
25	640	764	765
25	641	0	0
25	642	0	0
25	643	412	413
25	644	430	431
25	645	626	627
25	646	614	615
25	647	0	0
25	648	0	0
25	649	0	0
25	650	0	0
25	651	622	623
25	652	574	575
25	653	595	596
25	654	561	562
25	655	924	925
25	656	0	0
25	657	616	617
25	658	0	0
25	659	781	782
25	660	546	547
25	661	704	705
25	662	0	0
25	663	0	0
25	664	0	0
25	665	492	493
25	666	0	0
25	667	0	0
25	668	614	615
25	669	707	708
25	670	854	855
25	671	927	928
25	672	0	0
25	673	755	756
25	674	921	922
25	675	0	0
25	676	0	0
25	677	663	664
25	678	401	402
25	679	583	584
25	680	492	493
25	681	202	203
25	682	533	534
25	683	549	550
25	684	340	341
25	685	675	676
25	686	447	448
25	687	473	474
25	688	399	400
25	689	169	170
25	690	515	516
25	691	663	664
25	692	0	0
25	693	0	0
25	694	673	674
25	695	406	407
25	696	0	0
25	697	0	0
25	698	0	0
25	699	932	933
25	700	518	519
25	701	602	603
25	702	0	0
25	703	0	0
25	704	965	966
25	705	766	767
25	706	661	662
25	707	0	0
25	708	0	0
25	709	564	565
25	710	0	0
25	711	879	880
25	712	631	632
25	713	549	550
25	714	473	474
25	715	286	287
25	716	612	613
25	717	533	534
25	718	554	555
25	719	473	474
25	720	566	567
25	721	0	0
25	722	0	0
25	723	546	547
25	724	487	488
25	725	692	693
25	726	798	799
25	727	809	810
25	728	551	552
25	729	876	877
25	730	887	888
25	731	365	366
25	732	566	567
25	733	572	573
25	734	449	450
25	735	673	674
25	736	602	603
25	737	710	711
25	738	358	359
25	739	215	216
25	740	666	667
25	741	698	699
25	742	673	674
25	743	896	897
25	744	0	0
25	745	0	0
25	746	0	0
25	747	704	705
25	748	0	0
25	749	0	0
25	750	0	0
25	751	0	0
25	752	378	379
25	753	502	503
25	754	569	570
25	755	918	919
25	756	831	832
25	757	0	0
25	758	0	0
25	759	990	991
25	760	0	0
25	761	427	428
25	762	0	0
25	763	0	0
25	764	824	825
25	765	0	0
25	766	0	0
25	767	0	0
25	768	661	662
25	769	710	711
25	770	766	767
25	771	465	466
25	772	745	746
25	773	0	0
25	774	0	0
25	775	511	512
25	776	444	445
25	777	495	496
25	778	612	613
25	779	631	632
25	780	391	392
25	781	0	0
25	782	0	0
25	783	0	0
25	784	947	948
25	785	0	0
25	786	0	0
25	787	0	0
25	788	837	838
25	789	308	309
25	790	0	0
25	791	0	0
25	792	322	323
25	793	0	0
25	794	0	0
25	795	757	758
25	796	572	573
25	797	785	786
25	798	0	0
25	799	0	0
25	800	622	623
25	801	0	0
25	802	949	950
25	803	444	445
25	804	600	601
25	805	729	730
25	806	663	664
25	807	456	457
25	808	345	346
25	809	0	0
25	810	0	0
25	811	798	799
25	812	502	503
25	813	0	0
25	814	0	0
25	815	365	366
25	816	322	323
25	817	0	0
25	818	0	0
25	819	0	0
25	820	822	823
25	821	572	573
25	822	850	851
25	823	981	982
25	824	973	974
25	825	0	0
25	826	745	746
25	827	465	466
25	828	743	744
25	829	817	818
25	830	762	763
25	831	0	0
25	832	907	908
25	833	526	527
25	834	0	0
25	835	0	0
25	836	447	448
25	837	0	0
25	838	0	0
25	839	444	445
25	840	616	617
25	841	0	0
25	842	0	0
25	843	726	727
25	844	743	744
25	845	783	784
25	846	692	693
25	847	409	410
25	848	385	386
25	849	484	485
25	850	0	0
25	851	0	0
25	852	484	485
25	853	831	832
25	854	0	0
25	855	0	0
25	856	841	842
25	857	471	472
25	858	406	407
25	859	696	697
25	860	620	621
25	861	0	0
25	862	0	0
25	863	497	498
25	864	790	791
25	865	781	782
25	866	399	400
25	867	837	838
25	868	484	485
25	869	757	758
25	870	626	627
25	871	710	711
25	872	465	466
25	873	551	552
25	874	790	791
25	875	671	672
25	876	0	0
25	877	0	0
25	878	766	767
25	879	0	0
25	880	0	0
25	881	0	0
25	882	985	986
25	883	602	603
25	884	0	0
25	885	0	0
25	886	692	693
25	887	0	0
25	888	0	0
25	889	272	273
25	890	819	820
25	891	707	708
25	892	528	529
25	893	785	786
25	894	595	596
25	895	589	590
25	896	0	0
25	897	0	0
25	898	798	799
25	899	0	0
25	900	0	0
25	901	0	0
25	902	961	962
25	903	249	250
25	904	773	774
25	905	0	0
25	906	0	0
25	907	0	0
25	908	0	0
25	909	0	0
25	910	0	0
25	911	824	825
25	912	809	810
25	913	351	352
25	914	495	496
25	915	675	676
25	916	909	910
25	917	696	697
25	918	0	0
25	919	0	0
25	920	831	832
25	921	0	0
25	922	988	989
25	923	515	516
25	924	0	0
25	925	0	0
25	926	748	749
25	927	970	971
25	928	0	0
25	929	896	897
25	930	743	744
25	931	304	305
25	932	992	993
25	933	952	953
25	934	757	758
25	935	850	851
25	936	783	784
25	937	0	0
25	938	0	0
25	939	0	0
25	940	0	0
25	941	0	0
25	942	0	0
25	943	707	708
25	944	427	428
25	945	0	0
25	946	996	997
25	947	0	0
25	948	0	0
25	949	0	0
25	950	0	0
25	951	536	537
25	952	0	0
25	953	0	0
25	954	945	946
25	955	918	919
25	956	614	615
25	957	0	0
25	958	0	0
25	959	0	0
25	960	0	0
25	961	0	0
25	962	0	0
25	963	729	730
25	964	787	788
25	965	0	0
25	966	0	0
25	967	360	361
25	968	861	862
25	969	824	825
25	970	0	0
25	971	0	0
25	972	787	788
25	973	0	0
25	974	0	0
25	975	841	842
25	976	0	0
25	977	0	0
25	978	927	928
25	979	661	662
25	980	600	601
25	981	0	0
25	982	0	0
25	983	766	767
25	984	647	648
25	985	0	0
25	986	0	0
25	987	887	888
25	988	0	0
25	989	0	0
25	990	0	0
25	991	0	0
25	992	0	0
25	993	0	0
25	994	0	0
25	995	0	0
25	996	0	0
25	997	0	0
25	998	781	782
25	999	272	273
25	1000	0	0
