13	1	0	0
13	2	1	3
13	3	0	0
13	4	2	5
13	5	7	8
13	6	2	5
13	7	0	0
13	8	0	0
13	9	1	3
13	10	1	3
13	11	7	8
13	12	2	5
13	13	1	3
13	14	2	5
13	15	7	8
13	16	4	17
13	17	25	26
13	18	16	19
13	19	35	36
13	20	16	19
13	21	7	8
13	22	18	23
13	23	30	31
13	24	18	23
13	25	49	50
13	26	62	63
13	27	22	28
13	28	33	34
13	29	18	23
13	30	37	38
13	31	99	100
13	32	4	17
13	33	241	242
13	34	39	40
13	35	66	67
13	36	92	93
13	37	51	52
13	38	328	329
13	39	69	70
13	40	46	47
13	41	22	28
13	42	33	34
13	43	37	38
13	44	18	23
13	45	4	17
13	46	75	76
13	47	84	85
13	48	46	47
13	49	0	0
13	50	0	0
13	51	60	61
13	52	77	78
13	53	46	47
13	54	27	55
13	55	73	74
13	56	39	40
13	57	35	36
13	58	46	47
13	59	25	26
13	60	0	0
13	61	0	0
13	62	0	0
13	63	0	0
13	64	49	50
13	65	60	61
13	66	196	197
13	67	211	212
13	68	62	63
13	69	87	88
13	70	131	132
13	71	69	70
13	72	16	19
13	73	134	135
13	74	158	159
13	75	79	80
13	76	213	214
13	77	0	0
13	78	0	0
13	79	0	0
13	80	0	0
13	81	33	34
13	82	60	61
13	83	73	74
13	84	148	149
13	85	138	139
13	86	66	67
13	87	109	110
13	88	113	114
13	89	84	85
13	90	22	28
13	91	77	78
13	92	142	143
13	93	105	106
13	94	49	50
13	95	39	40
13	96	39	40
13	97	30	31
13	98	51	52
13	99	175	176
13	100	257	258
13	101	69	70
13	102	84	85
13	103	62	63
13	104	30	31
13	105	0	0
13	106	0	0
13	107	33	34
13	108	60	61
13	109	0	0
13	110	0	0
13	111	37	38
13	112	27	55
13	113	0	0
13	114	0	0
13	115	30	31
13	116	92	93
13	117	109	110
13	118	25	26
13	119	16	19
13	120	69	70
13	121	37	38
13	122	75	76
13	123	22	28
13	124	77	78
13	125	99	100
13	126	105	106
13	127	49	50
13	128	62	63
13	129	54	130
13	130	183	184
13	131	228	229
13	132	0	0
13	133	4	17
13	134	160	161
13	135	208	209
13	136	25	26
13	137	99	100
13	138	0	0
13	139	0	0
13	140	134	135
13	141	131	132
13	142	0	0
13	143	0	0
13	144	134	135
13	145	99	100
13	146	131	132
13	147	142	143
13	148	0	0
13	149	0	0
13	150	138	139
13	151	92	93
13	152	134	135
13	153	79	80
13	154	75	76
13	155	73	74
13	156	148	149
13	157	138	139
13	158	309	310
13	159	422	423
13	160	172	173
13	161	178	179
13	162	138	139
13	163	35	36
13	164	92	93
13	165	35	36
13	166	54	130
13	167	142	143
13	168	73	74
13	169	113	114
13	170	75	76
13	171	160	161
13	172	199	200
13	173	419	420
13	174	27	55
13	175	243	244
13	176	191	192
13	177	51	52
13	178	180	181
13	179	185	186
13	180	0	0
13	181	320	321
13	182	172	173
13	183	288	289
13	184	204	205
13	185	251	252
13	186	274	275
13	187	172	173
13	188	79	80
13	189	79	80
13	190	27	55
13	191	0	0
13	192	0	0
13	193	131	132
13	194	66	67
13	195	172	173
13	196	0	0
13	197	0	0
13	198	185	186
13	199	247	248
13	200	279	280
13	201	191	192
13	202	185	186
13	203	109	110
13	204	224	225
13	205	293	294
13	206	160	161
13	207	178	179
13	208	0	0
13	209	269	270
13	210	180	181
13	211	0	0
13	212	0	0
13	213	0	0
13	214	0	0
13	215	199	200
13	216	204	205
13	217	180	181
13	218	87	88
13	219	158	159
13	220	191	192
13	221	105	106
13	222	109	110
13	223	196	197
13	224	350	351
13	225	254	255
13	226	224	225
13	227	180	181
13	228	0	0
13	229	0	0
13	230	113	114
13	231	185	186
13	232	105	106
13	233	148	149
13	234	211	212
13	235	199	200
13	236	158	159
13	237	51	52
13	238	211	212
13	239	158	159
13	240	178	179
13	241	259	260
13	242	369	370
13	243	0	0
13	244	0	0
13	245	243	244
13	246	243	244
13	247	0	0
13	248	0	0
13	249	113	114
13	250	160	161
13	251	0	0
13	252	0	0
13	253	87	88
13	254	282	283
13	255	479	480
13	256	54	130
13	257	295	296
13	258	297	298
13	259	404	405
13	260	494	495
13	261	196	197
13	262	228	229
13	263	251	252
13	264	251	252
13	265	228	229
13	266	259	260
13	267	199	200
13	268	66	67
13	269	361	362
13	270	0	0
13	271	129	272
13	272	284	285
13	273	228	229
13	274	0	0
13	275	0	0
13	276	54	130
13	277	251	252
13	278	142	143
13	279	0	0
13	280	0	0
13	281	269	270
13	282	305	306
13	283	0	0
13	284	0	0
13	285	317	318
13	286	279	280
13	287	77	78
13	288	356	357
13	289	0	0
13	290	211	212
13	291	284	285
13	292	191	192
13	293	486	487
13	294	345	346
13	295	0	0
13	296	0	0
13	297	0	0
13	298	0	0
13	299	282	283
13	300	241	242
13	301	129	272
13	302	84	85
13	303	243	244
13	304	208	209
13	305	381	382
13	306	457	458
13	307	279	280
13	308	196	197
13	309	374	375
13	310	336	337
13	311	175	176
13	312	288	289
13	313	148	149
13	314	178	179
13	315	305	306
13	316	309	310
13	317	0	0
13	318	415	416
13	319	129	272
13	320	0	0
13	321	0	0
13	322	129	272
13	323	247	248
13	324	257	258
13	325	208	209
13	326	279	280
13	327	269	270
13	328	397	398
13	329	411	412
13	330	284	285
13	331	288	289
13	332	175	176
13	333	317	318
13	334	269	270
13	335	320	321
13	336	379	380
13	337	348	349
13	338	257	258
13	339	284	285
13	340	288	289
13	341	247	248
13	342	320	321
13	343	271	344
13	344	359	360
13	345	365	366
13	346	352	353
13	347	175	176
13	348	387	388
13	349	0	0
13	350	430	431
13	351	0	0
13	352	0	0
13	353	376	377
13	354	183	184
13	355	293	294
13	356	0	0
13	357	390	391
13	358	297	298
13	359	367	368
13	360	427	428
13	361	409	410
13	362	468	469
13	363	348	349
13	364	317	318
13	365	0	0
13	366	392	393
13	367	477	478
13	368	0	0
13	369	0	0
13	370	447	448
13	371	271	344
13	372	282	283
13	373	247	248
13	374	399	400
13	375	0	0
13	376	0	0
13	377	0	0
13	378	350	351
13	379	0	0
13	380	455	456
13	381	0	0
13	382	0	0
13	383	271	344
13	384	183	184
13	385	208	209
13	386	367	368
13	387	0	0
13	388	0	0
13	389	317	318
13	390	0	0
13	391	0	0
13	392	0	0
13	393	0	0
13	394	293	294
13	395	224	225
13	396	257	258
13	397	0	0
13	398	0	0
13	399	406	407
13	400	436	437
13	401	361	362
13	402	320	321
13	403	345	346
13	404	0	0
13	405	0	0
13	406	0	0
13	407	0	0
13	408	352	353
13	409	0	0
13	410	0	0
13	411	0	0
13	412	0	0
13	413	399	400
13	414	379	380
13	415	0	0
13	416	425	426
13	417	293	294
13	418	204	205
13	419	0	0
13	420	0	0
13	421	356	357
13	422	496	497
13	423	0	0
13	424	409	410
13	425	0	0
13	426	0	0
13	427	0	0
13	428	0	0
13	429	336	337
13	430	0	0
13	431	475	476
13	432	374	375
13	433	422	423
13	434	356	357
13	435	336	337
13	436	0	0
13	437	0	0
13	438	367	368
13	439	379	380
13	440	282	283
13	441	343	442
13	442	473	474
13	443	359	360
13	444	441	445
13	445	0	0
13	446	271	344
13	447	481	482
13	448	0	0
13	449	406	407
13	450	425	426
13	451	183	184
13	452	224	225
13	453	305	306
13	454	379	380
13	455	0	0
13	456	0	0
13	457	0	0
13	458	0	0
13	459	365	366
13	460	411	412
13	461	419	420
13	462	457	458
13	463	425	426
13	464	309	310
13	465	343	442
13	466	390	391
13	467	425	426
13	468	0	0
13	469	0	0
13	470	419	420
13	471	259	260
13	472	204	205
13	473	0	0
13	474	0	0
13	475	492	493
13	476	0	0
13	477	0	0
13	478	0	0
13	479	0	0
13	480	0	0
13	481	0	0
13	482	0	0
13	483	297	298
13	484	390	391
13	485	348	349
13	486	0	0
13	487	0	0
13	488	274	275
13	489	328	329
13	490	486	487
13	491	477	478
13	492	0	0
13	493	0	0
13	494	0	0
13	495	0	0
13	496	0	0
13	497	0	0
13	498	254	255
13	499	481	482
13	500	0	0
