7	1	0	0
7	2	1	3
7	3	0	0
7	4	1	3
7	5	1	3
7	6	1	3
7	7	2	8
7	8	11	12
7	9	2	8
7	10	2	8
7	11	0	0
7	12	0	0
7	13	2	8
7	14	7	15
7	15	20	21
7	16	11	12
7	17	7	15
7	18	11	12
7	19	7	15
7	20	34	35
7	21	32	33
7	22	14	23
7	23	29	30
7	24	22	25
7	25	81	82
7	26	24	27
7	27	39	40
7	28	22	25
7	29	111	112
7	30	52	53
7	31	11	12
7	32	0	0
7	33	0	0
7	34	0	0
7	35	0	0
7	36	24	27
7	37	20	21
7	38	34	35
7	39	75	76
7	40	102	103
7	41	7	15
7	42	32	33
7	43	24	27
7	44	29	30
7	45	14	23
7	46	14	23
7	47	22	25
7	48	29	30
7	49	22	25
7	50	24	27
7	51	32	33
7	52	58	59
7	53	78	79
7	54	26	55
7	55	56	57
7	56	158	159
7	57	64	65
7	58	0	0
7	59	0	0
7	60	20	21
7	61	52	53
7	62	56	57
7	63	34	35
7	64	71	72
7	65	83	84
7	66	26	55
7	67	52	53
7	68	34	35
7	69	26	55
7	70	56	57
7	71	116	117
7	72	176	177
7	73	71	72
7	74	56	57
7	75	163	164
7	76	174	175
7	77	64	65
7	78	0	0
7	79	0	0
7	80	39	40
7	81	108	109
7	82	113	114
7	83	89	90
7	84	95	96
7	85	20	21
7	86	83	84
7	87	71	72
7	88	58	59
7	89	287	288
7	90	252	253
7	91	26	55
7	92	75	76
7	93	32	33
7	94	14	23
7	95	265	266
7	96	119	120
7	97	64	65
7	98	83	84
7	99	75	76
7	100	75	76
7	101	29	30
7	102	197	198
7	103	106	107
7	104	71	72
7	105	39	40
7	106	225	226
7	107	127	128
7	108	154	155
7	109	182	183
7	110	108	109
7	111	122	123
7	112	134	135
7	113	136	137
7	114	220	221
7	115	78	79
7	116	435	436
7	117	260	261
7	118	64	65
7	119	243	244
7	120	130	131
7	121	116	117
7	122	0	0
7	123	0	0
7	124	78	79
7	125	113	114
7	126	102	103
7	127	316	317
7	128	352	353
7	129	119	120
7	130	0	0
7	131	0	0
7	132	95	96
7	133	52	53
7	134	0	0
7	135	0	0
7	136	223	224
7	137	256	257
7	138	134	135
7	139	58	59
7	140	122	123
7	141	81	82
7	142	111	112
7	143	111	112
7	144	81	82
7	145	39	40
7	146	81	82
7	147	106	107
7	148	83	84
7	149	113	114
7	150	78	79
7	151	119	120
7	152	113	114
7	153	116	117
7	154	201	202
7	155	238	239
7	156	58	59
7	157	119	120
7	158	761	762
7	159	885	886
7	160	130	131
7	161	89	90
7	162	158	159
7	163	190	191
7	164	203	204
7	165	154	155
7	166	54	167
7	167	172	173
7	168	154	155
7	169	158	159
7	170	127	128
7	171	106	107
7	172	185	186
7	173	271	272
7	174	262	263
7	175	329	330
7	176	289	290
7	177	294	295
7	178	174	175
7	179	106	107
7	180	174	175
7	181	111	112
7	182	187	188
7	183	195	196
7	184	134	135
7	185	276	277
7	186	258	259
7	187	0	0
7	188	0	0
7	189	172	173
7	190	267	268
7	191	199	200
7	192	185	186
7	193	163	164
7	194	185	186
7	195	0	0
7	196	0	0
7	197	336	337
7	198	388	389
7	199	0	0
7	200	0	0
7	201	0	0
7	202	0	0
7	203	278	279
7	204	349	350
7	205	122	123
7	206	201	202
7	207	190	191
7	208	201	202
7	209	187	188
7	210	187	188
7	211	127	128
7	212	158	159
7	213	127	128
7	214	89	90
7	215	95	96
7	216	203	204
7	217	89	90
7	218	116	117
7	219	201	202
7	220	347	348
7	221	805	806
7	222	190	191
7	223	0	0
7	224	0	0
7	225	446	447
7	226	240	241
7	227	225	226
7	228	203	204
7	229	163	164
7	230	223	224
7	231	190	191
7	232	54	167
7	233	203	204
7	234	134	135
7	235	225	226
7	236	95	96
7	237	187	188
7	238	0	0
7	239	0	0
7	240	0	0
7	241	0	0
7	242	223	224
7	243	0	0
7	244	0	0
7	245	225	226
7	246	238	239
7	247	240	241
7	248	102	103
7	249	102	103
7	250	223	224
7	251	122	123
7	252	413	414
7	253	323	324
7	254	199	200
7	255	243	244
7	256	0	0
7	257	0	0
7	258	269	270
7	259	572	573
7	260	0	0
7	261	292	293
7	262	305	306
7	263	429	430
7	264	136	137
7	265	578	579
7	266	299	300
7	267	0	0
7	268	0	0
7	269	377	378
7	270	360	361
7	271	338	339
7	272	308	309
7	273	243	244
7	274	163	164
7	275	154	155
7	276	608	609
7	277	285	286
7	278	0	0
7	279	0	0
7	280	130	131
7	281	195	196
7	282	199	200
7	283	197	198
7	284	172	173
7	285	473	474
7	286	465	466
7	287	440	441
7	288	390	391
7	289	591	592
7	290	398	399
7	291	265	266
7	292	0	0
7	293	0	0
7	294	619	620
7	295	0	0
7	296	240	241
7	297	271	272
7	298	265	266
7	299	0	0
7	300	0	0
7	301	278	279
7	302	54	167
7	303	176	177
7	304	267	268
7	305	0	0
7	306	0	0
7	307	278	279
7	308	362	363
7	309	314	315
7	310	299	300
7	311	299	300
7	312	267	268
7	313	220	221
7	314	469	470
7	315	332	333
7	316	0	0
7	317	0	0
7	318	166	319
7	319	514	515
7	320	176	177
7	321	262	263
7	322	305	306
7	323	0	0
7	324	0	0
7	325	269	270
7	326	243	244
7	327	308	309
7	328	276	277
7	329	344	345
7	330	495	496
7	331	329	330
7	332	0	0
7	333	375	376
7	334	267	268
7	335	305	306
7	336	563	564
7	337	603	604
7	338	595	596
7	339	734	735
7	340	318	341
7	341	368	369
7	342	174	175
7	343	336	337
7	344	0	0
7	345	0	0
7	346	220	221
7	347	0	0
7	348	0	0
7	349	0	0
7	350	0	0
7	351	294	295
7	352	0	0
7	353	0	0
7	354	258	259
7	355	276	277
7	356	256	257
7	357	299	300
7	358	285	286
7	359	199	200
7	360	715	716
7	361	370	371
7	362	400	401
7	363	569	570
7	364	220	221
7	365	136	137
7	366	308	309
7	367	329	330
7	368	554	555
7	369	529	530
7	370	475	476
7	371	411	412
7	372	305	306
7	373	136	137
7	374	258	259
7	375	520	521
7	376	774	775
7	377	386	387
7	378	393	394
7	379	294	295
7	380	347	348
7	381	289	290
7	382	269	270
7	383	352	353
7	384	260	261
7	385	292	293
7	386	624	625
7	387	582	583
7	388	432	433
7	389	525	526
7	390	0	0
7	391	0	0
7	392	256	257
7	393	408	409
7	394	634	635
7	395	172	173
7	396	285	286
7	397	329	330
7	398	0	0
7	399	0	0
7	400	505	506
7	401	442	443
7	402	316	317
7	403	108	109
7	404	240	241
7	405	258	259
7	406	182	183
7	407	316	317
7	408	0	0
7	409	0	0
7	410	195	196
7	411	0	0
7	412	0	0
7	413	0	0
7	414	0	0
7	415	349	350
7	416	269	270
7	417	368	369
7	418	294	295
7	419	108	109
7	420	411	412
7	421	292	293
7	422	398	399
7	423	197	198
7	424	276	277
7	425	185	186
7	426	166	319
7	427	370	371
7	428	323	324
7	429	0	0
7	430	0	0
7	431	318	341
7	432	0	0
7	433	0	0
7	434	308	309
7	435	462	463
7	436	507	508
7	437	388	389
7	438	287	288
7	439	388	389
7	440	0	0
7	441	0	0
7	442	467	468
7	443	490	491
7	444	314	315
7	445	166	319
7	446	0	0
7	447	0	0
7	448	368	369
7	449	432	433
7	450	411	412
7	451	413	414
7	452	432	433
7	453	408	409
7	454	130	131
7	455	336	337
7	456	336	337
7	457	368	369
7	458	182	183
7	459	182	183
7	460	344	345
7	461	238	239
7	462	0	0
7	463	0	0
7	464	408	409
7	465	546	547
7	466	700	701
7	467	0	0
7	468	0	0
7	469	588	589
7	470	0	0
7	471	390	391
7	472	388	389
7	473	718	719
7	474	497	498
7	475	0	0
7	476	0	0
7	477	289	290
7	478	446	447
7	479	289	290
7	480	352	353
7	481	316	317
7	482	260	261
7	483	375	376
7	484	465	466
7	485	435	436
7	486	390	391
7	487	166	319
7	488	197	198
7	489	446	447
7	490	0	0
7	491	0	0
7	492	408	409
7	493	323	324
7	494	440	441
7	495	0	0
7	496	0	0
7	497	880	881
7	498	659	660
7	499	278	279
7	500	467	468
7	501	292	293
7	502	490	491
7	503	332	333
7	504	429	430
7	505	556	557
7	506	754	755
7	507	0	0
7	508	0	0
7	509	314	315
7	510	195	196
7	511	432	433
7	512	435	436
7	513	393	394
7	514	551	552
7	515	730	731
7	516	386	387
7	517	440	441
7	518	287	288
7	519	54	167
7	520	0	0
7	521	0	0
7	522	370	371
7	523	285	286
7	524	260	261
7	525	0	0
7	526	0	0
7	527	393	394
7	528	429	430
7	529	605	606
7	530	0	0
7	531	262	263
7	532	507	508
7	533	318	341
7	534	349	350
7	535	529	530
7	536	338	339
7	537	265	266
7	538	340	539
7	539	601	602
7	540	287	288
7	541	490	491
7	542	347	348
7	543	429	430
7	544	344	345
7	545	495	496
7	546	612	613
7	547	650	651
7	548	514	515
7	549	338	339
7	550	507	508
7	551	576	577
7	552	661	662
7	553	349	350
7	554	786	787
7	555	599	600
7	556	0	0
7	557	0	0
7	558	393	394
7	559	375	376
7	560	556	557
7	561	469	470
7	562	347	348
7	563	0	0
7	564	0	0
7	565	551	552
7	566	332	333
7	567	475	476
7	568	314	315
7	569	779	780
7	570	704	705
7	571	370	371
7	572	858	859
7	573	737	738
7	574	514	515
7	575	252	253
7	576	698	699
7	577	741	742
7	578	0	0
7	579	0	0
7	580	176	177
7	581	529	530
7	582	0	0
7	583	0	0
7	584	572	573
7	585	538	586
7	586	781	782
7	587	569	570
7	588	744	745
7	589	617	618
7	590	446	447
7	591	0	0
7	592	0	0
7	593	442	443
7	594	360	361
7	595	0	0
7	596	770	771
7	597	595	596
7	598	332	333
7	599	0	0
7	600	960	961
7	601	727	728
7	602	0	0
7	603	0	0
7	604	0	0
7	605	669	670
7	606	636	637
7	607	582	583
7	608	0	0
7	609	766	767
7	610	252	253
7	611	546	547
7	612	0	0
7	613	0	0
7	614	599	600
7	615	375	376
7	616	475	476
7	617	0	0
7	618	0	0
7	619	0	0
7	620	0	0
7	621	554	555
7	622	442	443
7	623	323	324
7	624	0	0
7	625	0	0
7	626	390	391
7	627	475	476
7	628	546	547
7	629	256	257
7	630	608	609
7	631	603	604
7	632	340	539
7	633	514	515
7	634	0	0
7	635	0	0
7	636	644	645
7	637	810	811
7	638	490	491
7	639	599	600
7	640	360	361
7	641	360	361
7	642	636	637
7	643	262	263
7	644	848	849
7	645	676	677
7	646	442	443
7	647	386	387
7	648	440	441
7	649	603	604
7	650	0	0
7	651	0	0
7	652	619	620
7	653	473	474
7	654	386	387
7	655	585	656
7	656	709	710
7	657	497	498
7	658	507	508
7	659	0	0
7	660	0	0
7	661	795	796
7	662	872	873
7	663	462	463
7	664	563	564
7	665	252	253
7	666	659	660
7	667	578	579
7	668	634	635
7	669	816	817
7	670	851	852
7	671	612	613
7	672	344	345
7	673	469	470
7	674	563	564
7	675	398	399
7	676	0	0
7	677	683	684
7	678	661	662
7	679	650	651
7	680	520	521
7	681	582	583
7	682	525	526
7	683	0	0
7	684	918	919
7	685	563	564
7	686	271	272
7	687	469	470
7	688	497	498
7	689	569	570
7	690	556	557
7	691	582	583
7	692	467	468
7	693	556	557
7	694	661	662
7	695	338	339
7	696	525	526
7	697	576	577
7	698	707	708
7	699	969	970
7	700	749	750
7	701	0	0
7	702	495	496
7	703	578	579
7	704	0	0
7	705	936	937
7	706	603	604
7	707	0	0
7	708	0	0
7	709	0	0
7	710	0	0
7	711	619	620
7	712	650	651
7	713	655	714
7	714	0	0
7	715	0	0
7	716	793	794
7	717	585	656
7	718	882	883
7	719	747	748
7	720	655	714
7	721	636	637
7	722	595	596
7	723	676	677
7	724	599	600
7	725	698	699
7	726	352	353
7	727	912	913
7	728	889	890
7	729	340	539
7	730	789	790
7	731	905	906
7	732	588	589
7	733	578	579
7	734	842	843
7	735	0	0
7	736	661	662
7	737	985	986
7	738	998	999
7	739	473	474
7	740	650	651
7	741	941	942
7	742	0	0
7	743	619	620
7	744	0	0
7	745	0	0
7	746	612	613
7	747	0	0
7	748	0	0
7	749	0	0
7	750	0	0
7	751	576	577
7	752	601	602
7	753	700	701
7	754	0	0
7	755	0	0
7	756	707	708
7	757	497	498
7	758	595	596
7	759	730	731
7	760	608	609
7	761	846	847
7	762	0	0
7	763	318	341
7	764	734	735
7	765	754	755
7	766	928	929
7	767	0	0
7	768	572	573
7	769	737	738
7	770	862	863
7	771	838	839
7	772	495	496
7	773	669	670
7	774	0	0
7	775	0	0
7	776	730	731
7	777	644	645
7	778	741	742
7	779	870	871
7	780	0	0
7	781	923	924
7	782	825	826
7	783	572	573
7	784	774	775
7	785	624	625
7	786	902	903
7	787	0	0
7	788	546	547
7	789	952	953
7	790	0	0
7	791	774	775
7	792	659	660
7	793	0	0
7	794	0	0
7	795	814	815
7	796	0	0
7	797	520	521
7	798	707	708
7	799	707	708
7	800	709	710
7	801	747	748
7	802	576	577
7	803	709	710
7	804	465	466
7	805	0	0
7	806	0	0
7	807	754	755
7	808	644	645
7	809	435	436
7	810	840	841
7	811	0	0
7	812	585	656
7	813	520	521
7	814	0	0
7	815	0	0
7	816	867	868
7	817	972	973
7	818	737	738
7	819	608	609
7	820	505	506
7	821	644	645
7	822	538	586
7	823	747	748
7	824	747	748
7	825	0	0
7	826	0	0
7	827	749	750
7	828	271	272
7	829	601	602
7	830	814	815
7	831	612	613
7	832	676	677
7	833	718	719
7	834	569	570
7	835	825	826
7	836	814	815
7	837	766	767
7	838	0	0
7	839	974	975
7	840	877	878
7	841	0	0
7	842	0	0
7	843	0	0
7	844	340	539
7	845	413	414
7	846	860	861
7	847	0	0
7	848	0	0
7	849	0	0
7	850	467	468
7	851	0	0
7	852	892	893
7	853	846	847
7	854	709	710
7	855	770	771
7	856	676	677
7	857	715	716
7	858	0	0
7	859	0	0
7	860	0	0
7	861	0	0
7	862	0	0
7	863	914	915
7	864	858	859
7	865	862	863
7	866	766	767
7	867	0	0
7	868	0	0
7	869	655	714
7	870	0	0
7	871	0	0
7	872	0	0
7	873	0	0
7	874	591	592
7	875	551	552
7	876	737	738
7	877	909	910
7	878	0	0
7	879	860	861
7	880	0	0
7	881	0	0
7	882	0	0
7	883	0	0
7	884	238	239
7	885	0	0
7	886	933	934
7	887	795	796
7	888	605	606
7	889	0	0
7	890	896	897
7	891	846	847
7	892	900	901
7	893	0	0
7	894	398	399
7	895	842	843
7	896	0	0
7	897	0	0
7	898	749	750
7	899	669	670
7	900	938	939
7	901	0	0
7	902	0	0
7	903	944	945
7	904	734	735
7	905	0	0
7	906	0	0
7	907	749	750
7	908	774	775
7	909	990	991
7	910	0	0
7	911	634	635
7	912	0	0
7	913	980	981
7	914	0	0
7	915	0	0
7	916	659	660
7	917	636	637
7	918	982	983
7	919	0	0
7	920	744	745
7	921	538	586
7	922	840	841
7	923	0	0
7	924	0	0
7	925	529	530
7	926	902	903
7	927	892	893
7	928	0	0
7	929	0	0
7	930	761	762
7	931	892	893
7	932	700	701
7	933	0	0
7	934	0	0
7	935	462	463
7	936	0	0
7	937	0	0
7	938	0	0
7	939	0	0
7	940	605	606
7	941	0	0
7	942	965	966
7	943	400	401
7	944	0	0
7	945	0	0
7	946	727	728
7	947	902	903
7	948	727	728
7	949	846	847
7	950	713	951
7	951	958	959
7	952	995	996
7	953	0	0
7	954	938	939
7	955	892	893
7	956	718	719
7	957	754	755
7	958	0	0
7	959	0	0
7	960	0	0
7	961	0	0
7	962	851	852
7	963	909	910
7	964	870	871
7	965	0	0
7	966	0	0
7	967	885	886
7	968	912	913
7	969	0	0
7	970	0	0
7	971	789	790
7	972	0	0
7	973	0	0
7	974	0	0
7	975	0	0
7	976	585	656
7	977	810	811
7	978	952	953
7	979	912	913
7	980	0	0
7	981	0	0
7	982	0	0
7	983	0	0
7	984	842	843
7	985	0	0
7	986	0	0
7	987	362	363
7	988	605	606
7	989	698	699
7	990	0	0
7	991	0	0
7	992	928	929
7	993	779	780
7	994	400	401
7	995	0	0
7	996	0	0
7	997	411	412
7	998	0	0
7	999	0	0
7	1000	465	466
