25	1	0	0
25	2	1	3
25	3	0	0
25	4	1	3
25	5	1	3
25	6	1	3
25	7	2	8
25	8	10	11
25	9	2	8
25	10	0	0
25	11	0	0
25	12	2	8
25	13	2	8
25	14	10	11
25	15	10	11
25	16	10	11
25	17	7	18
25	18	33	34
25	19	7	18
25	20	7	18
25	21	17	22
25	22	0	0
25	23	21	24
25	24	28	29
25	25	17	22
25	26	7	18
25	27	17	22
25	28	44	45
25	29	47	48
25	30	21	24
25	31	23	32
25	32	0	0
25	33	37	38
25	34	0	0
25	35	33	34
25	36	17	22
25	37	0	0
25	38	0	0
25	39	37	38
25	40	23	32
25	41	33	34
25	42	21	24
25	43	21	24
25	44	0	0
25	45	0	0
25	46	23	32
25	47	0	0
25	48	0	0
25	49	44	45
25	50	0	0
