23	1	0	0
23	2	1	3
23	3	0	0
23	4	1	3
23	5	1	3
23	6	1	3
23	7	2	8
23	8	19	20
23	9	2	8
23	10	2	8
23	11	2	8
23	12	7	13
23	13	32	33
23	14	12	15
23	15	28	29
23	16	12	15
23	17	14	18
23	18	47	48
23	19	0	0
23	20	0	0
23	21	12	15
23	22	17	23
23	23	26	27
23	24	12	15
23	25	19	20
23	26	37	38
23	27	63	64
23	28	66	67
23	29	42	43
23	30	7	13
23	31	14	18
23	32	52	53
23	33	35	36
23	34	32	33
23	35	0	0
23	36	0	0
23	37	454	455
23	38	49	50
23	39	17	23
23	40	7	13
23	41	19	20
23	42	141	142
23	43	69	70
23	44	19	20
23	45	22	46
23	46	61	62
23	47	103	104
23	48	127	128
23	49	76	77
23	50	107	108
23	51	47	48
23	52	0	0
23	53	0	0
23	54	37	38
23	55	52	53
23	56	32	33
23	57	35	36
23	58	28	29
23	59	37	38
23	60	47	48
23	61	176	177
23	62	72	73
23	63	89	90
23	64	238	239
23	65	17	23
23	66	93	94
23	67	249	250
23	68	17	23
23	69	0	0
23	70	0	0
23	71	37	38
23	72	111	112
23	73	124	125
23	74	26	27
23	75	14	18
23	76	144	145
23	77	459	460
23	78	42	43
23	79	52	53
23	80	45	81
23	81	261	262
23	82	72	73
23	83	47	48
23	84	66	67
23	85	22	46
23	86	35	36
23	87	61	62
23	88	14	18
23	89	109	110
23	90	105	106
23	91	42	43
23	92	66	67
23	93	0	0
23	94	0	0
23	95	76	77
23	96	45	81
23	97	72	73
23	98	93	94
23	99	72	73
23	100	89	90
23	101	66	67
23	102	45	81
23	103	132	133
23	104	186	187
23	105	171	172
23	106	162	163
23	107	364	365
23	108	120	121
23	109	118	119
23	110	240	241
23	111	188	189
23	112	138	139
23	113	52	53
23	114	63	64
23	115	28	29
23	116	93	94
23	117	28	29
23	118	0	0
23	119	0	0
23	120	0	0
23	121	0	0
23	122	69	70
23	123	69	70
23	124	220	221
23	125	183	184
23	126	26	27
23	127	309	310
23	128	234	235
23	129	107	108
23	130	120	121
23	131	107	108
23	132	420	421
23	133	165	166
23	134	42	43
23	135	89	90
23	136	80	137
23	137	181	182
23	138	349	350
23	139	156	157
23	140	132	133
23	141	0	0
23	142	0	0
23	143	138	139
23	144	0	0
23	145	0	0
23	146	138	139
23	147	69	70
23	148	136	149
23	149	0	0
23	150	138	139
23	151	63	64
23	152	120	121
23	153	61	62
23	154	120	121
23	155	144	145
23	156	398	399
23	157	281	282
23	158	89	90
23	159	111	112
23	160	93	94
23	161	144	145
23	162	0	0
23	163	0	0
23	164	32	33
23	165	0	0
23	166	0	0
23	167	109	110
23	168	148	169
23	169	306	307
23	170	144	145
23	171	0	0
23	172	0	0
23	173	107	108
23	174	141	142
23	175	162	163
23	176	494	495
23	177	0	0
23	178	49	50
23	179	76	77
23	180	127	128
23	181	0	0
23	182	213	214
23	183	277	278
23	184	251	252
23	185	109	110
23	186	246	247
23	187	463	464
23	188	225	226
23	189	193	194
23	190	136	149
23	191	156	157
23	192	132	133
23	193	353	354
23	194	199	200
23	195	118	119
23	196	193	194
23	197	80	137
23	198	63	64
23	199	0	0
23	200	0	0
23	201	49	50
23	202	76	77
23	203	181	182
23	204	45	81
23	205	199	200
23	206	183	184
23	207	132	133
23	208	171	172
23	209	176	177
23	210	141	142
23	211	171	172
23	212	118	119
23	213	227	228
23	214	0	0
23	215	7	13
23	216	61	62
23	217	176	177
23	218	111	112
23	219	186	187
23	220	381	382
23	221	335	336
23	222	80	137
23	223	118	119
23	224	141	142
23	225	377	378
23	226	315	316
23	227	232	233
23	228	264	265
23	229	181	182
23	230	80	137
23	231	105	106
23	232	383	384
23	233	271	272
23	234	369	370
23	235	257	258
23	236	148	169
23	237	136	149
23	238	291	292
23	239	0	0
23	240	0	0
23	241	0	0
23	242	227	228
23	243	156	157
23	244	109	110
23	245	136	149
23	246	0	0
23	247	0	0
23	248	232	233
23	249	0	0
23	250	0	0
23	251	259	260
23	252	330	331
23	253	176	177
23	254	186	187
23	255	232	233
23	256	213	214
23	257	0	0
23	258	0	0
23	259	0	0
23	260	0	0
23	261	443	444
23	262	338	339
23	263	225	226
23	264	417	418
23	265	343	344
23	266	156	157
23	267	168	268
23	268	285	286
23	269	103	104
23	270	103	104
23	271	0	0
23	272	289	290
23	273	238	239
23	274	103	104
23	275	35	36
23	276	22	46
23	277	0	0
23	278	371	372
23	279	124	125
23	280	168	268
23	281	0	0
23	282	0	0
23	283	165	166
23	284	249	250
23	285	302	303
23	286	313	314
23	287	251	252
23	288	168	268
23	289	361	362
23	290	374	375
23	291	0	0
23	292	296	297
23	293	227	228
23	294	271	272
23	295	188	189
23	296	0	0
23	297	0	0
23	298	148	169
23	299	246	247
23	300	296	297
23	301	249	250
23	302	439	440
23	303	0	0
23	304	148	169
23	305	246	247
23	306	396	397
23	307	0	0
23	308	281	282
23	309	409	410
23	310	0	0
23	311	186	187
23	312	188	189
23	313	0	0
23	314	451	452
23	315	0	0
23	316	0	0
23	317	257	258
23	318	261	262
23	319	309	310
23	320	264	265
23	321	127	128
23	322	249	250
23	323	264	265
23	324	49	50
23	325	238	239
23	326	289	290
23	327	162	163
23	328	227	228
23	329	251	252
23	330	0	0
23	331	0	0
23	332	251	252
23	333	162	163
23	334	240	241
23	335	393	394
23	336	431	432
23	337	225	226
23	338	475	476
23	339	0	0
23	340	306	307
23	341	264	265
23	342	313	314
23	343	492	493
23	344	0	0
23	345	259	260
23	346	343	344
23	347	220	221
23	348	281	282
23	349	0	0
23	350	367	368
23	351	246	247
23	352	165	166
23	353	0	0
23	354	0	0
23	355	261	262
23	356	213	214
23	357	225	226
23	358	313	314
23	359	168	268
23	360	291	292
23	361	488	489
23	362	0	0
23	363	26	27
23	364	0	0
23	365	0	0
23	366	309	310
23	367	0	0
23	368	0	0
23	369	0	0
23	370	0	0
23	371	0	0
23	372	0	0
23	373	257	258
23	374	0	0
23	375	482	483
23	376	257	258
23	377	0	0
23	378	0	0
23	379	238	239
23	380	302	303
23	381	389	390
23	382	0	0
23	383	391	392
23	384	412	413
23	385	232	233
23	386	296	297
23	387	349	350
23	388	309	310
23	389	0	0
23	390	0	0
23	391	484	485
23	392	0	0
23	393	0	0
23	394	0	0
23	395	306	307
23	396	477	478
23	397	0	0
23	398	0	0
23	399	0	0
23	400	371	372
23	401	181	182
23	402	315	316
23	403	383	384
23	404	343	344
23	405	193	194
23	406	291	292
23	407	343	344
23	408	234	235
23	409	0	0
23	410	0	0
23	411	234	235
23	412	429	430
23	413	496	497
23	414	313	314
23	415	369	370
23	416	240	241
23	417	480	481
23	418	0	0
23	419	234	235
23	420	0	0
23	421	0	0
23	422	124	125
23	423	111	112
23	424	124	125
23	425	364	365
23	426	367	368
23	427	369	370
23	428	369	370
23	429	0	0
23	430	0	0
23	431	0	0
23	432	0	0
23	433	335	336
23	434	105	106
23	435	377	378
23	436	171	172
23	437	371	372
23	438	374	375
23	439	0	0
23	440	456	457
23	441	330	331
23	442	291	292
23	443	0	0
23	444	0	0
23	445	296	297
23	446	213	214
23	447	374	375
23	448	409	410
23	449	335	336
23	450	420	421
23	451	0	0
23	452	0	0
23	453	281	282
23	454	0	0
23	455	0	0
23	456	0	0
23	457	0	0
23	458	374	375
23	459	0	0
23	460	0	0
23	461	396	397
23	462	367	368
23	463	0	0
23	464	0	0
23	465	420	421
23	466	389	390
23	467	439	440
23	468	165	166
23	469	22	46
23	470	306	307
23	471	302	303
23	472	389	390
23	473	463	464
23	474	456	457
23	475	0	0
23	476	0	0
23	477	490	491
23	478	0	0
23	479	367	368
23	480	0	0
23	481	0	0
23	482	0	0
23	483	0	0
23	484	0	0
23	485	0	0
23	486	484	485
23	487	302	303
23	488	0	0
23	489	0	0
23	490	0	0
23	491	0	0
23	492	0	0
23	493	0	0
23	494	0	0
23	495	0	0
23	496	0	0
23	497	0	0
23	498	381	382
23	499	271	272
23	500	271	272
