37	1	0	0
37	2	1	3
37	3	0	0
37	4	1	3
37	5	2	6
37	6	8	9
37	7	1	3
37	8	0	0
37	9	0	0
37	10	2	6
37	11	2	6
37	12	5	13
37	13	22	23
37	14	1	3
37	15	2	6
37	16	5	13
37	17	12	18
37	18	45	46
37	19	12	18
37	20	12	18
37	21	8	9
37	22	30	31
37	23	36	37
37	24	8	9
37	25	5	13
37	26	5	13
37	27	22	23
37	28	17	29
37	29	38	39
37	30	0	0
37	31	0	0
37	32	8	9
37	33	12	18
37	34	22	23
37	35	22	23
37	36	0	0
37	37	0	0
37	38	55	56
37	39	49	50
37	40	30	31
37	41	36	37
37	42	30	31
37	43	36	37
37	44	30	31
37	45	60	61
37	46	51	52
37	47	17	29
37	48	36	37
37	49	71	72
37	50	0	0
37	51	62	63
37	52	85	86
37	53	51	52
37	54	45	46
37	55	0	0
37	56	0	0
37	57	49	50
37	58	38	39
37	59	49	50
37	60	68	69
37	61	0	0
37	62	0	0
37	63	0	0
37	64	49	50
37	65	38	39
37	66	28	67
37	67	87	88
37	68	0	0
37	69	0	0
37	70	51	52
37	71	0	0
37	72	82	83
37	73	17	29
37	74	55	56
37	75	71	72
37	76	66	77
37	77	0	0
37	78	71	72
37	79	71	72
37	80	68	69
37	81	28	67
37	82	0	0
37	83	0	0
37	84	68	69
37	85	0	0
37	86	0	0
37	87	0	0
37	88	0	0
37	89	45	46
37	90	87	88
37	91	38	39
37	92	68	69
37	93	66	77
37	94	60	61
37	95	55	56
37	96	87	88
37	97	55	56
37	98	87	88
37	99	60	61
37	100	0	0
