18	1	0	0
18	2	1	3
18	3	0	0
18	4	1	3
18	5	1	3
18	6	1	3
18	7	2	8
18	8	9	10
18	9	0	0
18	10	0	0
18	11	2	8
18	12	9	10
18	13	9	10
18	14	2	8
18	15	2	8
18	16	9	10
18	17	7	18
18	18	20	21
18	19	7	18
18	20	0	0
18	21	24	25
18	22	17	23
18	23	39	40
18	24	0	0
18	25	0	0
18	26	22	27
18	27	36	37
18	28	17	23
18	29	22	27
18	30	26	31
18	31	0	0
18	32	24	25
18	33	20	21
18	34	26	31
18	35	17	23
18	36	0	0
18	37	0	0
18	38	26	31
18	39	0	0
18	40	0	0
18	41	20	21
18	42	7	18
18	43	22	27
18	44	22	27
18	45	24	25
18	46	39	40
18	47	30	48
18	48	0	0
18	49	20	21
18	50	26	31
