35	1	0	0
35	2	1	3
35	3	0	0
35	4	1	3
35	5	1	3
35	6	1	3
35	7	2	8
35	8	10	11
35	9	2	8
35	10	0	0
35	11	0	0
35	12	10	11
35	13	10	11
35	14	10	11
35	15	7	16
35	16	31	32
35	17	7	16
35	18	15	19
35	19	24	25
35	20	15	19
35	21	7	16
35	22	15	19
35	23	2	8
35	24	58	59
35	25	51	52
35	26	7	16
35	27	2	8
35	28	15	19
35	29	24	25
35	30	24	25
35	31	33	34
35	32	85	86
35	33	0	0
35	34	0	0
35	35	31	32
35	36	18	37
35	37	42	43
35	38	33	34
35	39	33	34
35	40	18	37
35	41	31	32
35	42	0	0
35	43	71	72
35	44	31	32
35	45	36	46
35	46	55	56
35	47	42	43
35	48	18	37
35	49	18	37
35	50	42	43
35	51	0	0
35	52	53	54
35	53	0	0
35	54	0	0
35	55	0	0
35	56	62	63
35	57	24	25
35	58	65	66
35	59	0	0
35	60	53	54
35	61	53	54
35	62	0	0
35	63	0	0
35	64	42	43
35	65	0	0
35	66	0	0
35	67	33	34
35	68	36	46
35	69	65	66
35	70	62	63
35	71	82	83
35	72	80	81
35	73	71	72
35	74	51	52
35	75	36	46
35	76	65	66
35	77	55	56
35	78	51	52
35	79	55	56
35	80	0	0
35	81	0	0
35	82	97	98
35	83	0	0
35	84	65	66
35	85	0	0
35	86	0	0
35	87	62	63
35	88	45	89
35	89	90	91
35	90	0	0
35	91	0	0
35	92	85	86
35	93	58	59
35	94	90	91
35	95	58	59
35	96	51	52
35	97	0	0
35	98	0	0
35	99	82	83
35	100	82	83
