31	1	0	0
31	2	1	3
31	3	0	0
31	4	1	3
31	5	1	3
31	6	1	3
31	7	2	8
31	8	13	14
31	9	7	10
31	10	61	62
31	11	7	10
31	12	2	8
31	13	0	0
31	14	0	0
31	15	13	14
31	16	9	17
31	17	19	20
31	18	7	10
31	19	32	33
31	20	27	28
31	21	9	17
31	22	7	10
31	23	19	20
31	24	19	20
31	25	2	8
31	26	9	17
31	27	30	31
31	28	52	53
31	29	19	20
31	30	0	0
31	31	0	0
31	32	47	48
31	33	36	37
31	34	2	8
31	35	27	28
31	36	0	0
31	37	0	0
31	38	27	28
31	39	9	17
31	40	32	33
31	41	36	37
31	42	30	31
31	43	36	37
31	44	32	33
31	45	36	37
31	46	27	28
31	47	0	0
31	48	0	0
31	49	32	33
31	50	13	14
31	51	30	31
31	52	0	0
31	53	0	0
31	54	52	53
31	55	47	48
31	56	13	14
31	57	30	31
31	58	52	53
31	59	47	48
31	60	52	53
31	61	65	66
31	62	69	70
31	63	61	62
31	64	47	48
31	65	0	0
31	66	0	0
31	67	61	62
31	68	61	62
31	69	0	0
31	70	0	0
31	71	65	66
31	72	65	66
31	73	65	66
31	74	69	70
31	75	69	70
31	76	69	70
31	77	16	78
31	78	79	80
31	79	83	84
31	80	0	0
31	81	79	80
31	82	79	80
31	83	0	0
31	84	0	0
31	85	16	78
31	86	77	87
31	87	89	90
31	88	79	80
31	89	98	99
31	90	92	93
31	91	77	87
31	92	0	0
31	93	0	0
31	94	83	84
31	95	77	87
31	96	77	87
31	97	92	93
31	98	0	0
31	99	0	0
31	100	98	99
