20	1	0	0
20	2	1	3
20	3	0	0
20	4	1	3
20	5	1	3
20	6	1	3
20	7	2	8
20	8	13	14
20	9	7	10
20	10	25	26
20	11	9	12
20	12	20	21
20	13	0	0
20	14	0	0
20	15	2	8
20	16	13	14
20	17	9	12
20	18	13	14
20	19	2	8
20	20	221	222
20	21	22	23
20	22	160	161
20	23	113	114
20	24	22	23
20	25	122	123
20	26	39	40
20	27	9	12
20	28	13	14
20	29	11	30
20	30	454	455
20	31	22	23
20	32	29	33
20	33	37	38
20	34	9	12
20	35	11	30
20	36	2	8
20	37	48	49
20	38	42	43
20	39	0	0
20	40	0	0
20	41	29	33
20	42	97	98
20	43	61	62
20	44	22	23
20	45	39	40
20	46	32	47
20	47	50	51
20	48	73	74
20	49	52	53
20	50	57	58
20	51	339	340
20	52	199	200
20	53	140	141
20	54	46	55
20	55	59	60
20	56	39	40
20	57	93	94
20	58	154	155
20	59	77	78
20	60	137	138
20	61	69	70
20	62	67	68
20	63	11	30
20	64	46	55
20	65	61	62
20	66	61	62
20	67	71	72
20	68	80	81
20	69	415	416
20	70	75	76
20	71	0	0
20	72	0	0
20	73	211	212
20	74	88	89
20	75	0	0
20	76	0	0
20	77	102	103
20	78	149	150
20	79	20	21
20	80	0	0
20	81	0	0
20	82	75	76
20	83	42	43
20	84	80	81
20	85	48	49
20	86	73	74
20	87	59	60
20	88	119	120
20	89	255	256
20	90	11	30
20	91	50	51
20	92	25	26
20	93	128	129
20	94	0	0
20	95	57	58
20	96	50	51
20	97	100	101
20	98	158	159
20	99	25	26
20	100	0	0
20	101	263	264
20	102	151	152
20	103	106	107
20	104	20	21
20	105	48	49
20	106	0	0
20	107	146	147
20	108	88	89
20	109	69	70
20	110	88	89
20	111	20	21
20	112	80	81
20	113	0	0
20	114	0	0
20	115	93	94
20	116	106	107
20	117	7	10
20	118	71	72
20	119	0	0
20	120	0	0
20	121	106	107
20	122	0	0
20	123	0	0
20	124	25	26
20	125	59	60
20	126	113	114
20	127	71	72
20	128	288	289
20	129	209	210
20	130	52	53
20	131	61	62
20	132	42	43
20	133	29	33
20	134	77	78
20	135	128	129
20	136	100	101
20	137	315	316
20	138	177	178
20	139	106	107
20	140	311	312
20	141	180	181
20	142	32	47
20	143	39	40
20	144	88	89
20	145	46	55
20	146	280	281
20	147	253	254
20	148	37	38
20	149	173	174
20	150	185	186
20	151	168	169
20	152	163	164
20	153	48	49
20	154	0	0
20	155	240	241
20	156	67	68
20	157	97	98
20	158	313	314
20	159	231	232
20	160	0	0
20	161	0	0
20	162	42	43
20	163	350	351
20	164	202	203
20	165	29	33
20	166	113	114
20	167	50	51
20	168	317	318
20	169	0	0
20	170	122	123
20	171	80	81
20	172	151	152
20	173	251	252
20	174	438	439
20	175	149	150
20	176	151	152
20	177	195	196
20	178	192	193
20	179	140	141
20	180	0	0
20	181	0	0
20	182	67	68
20	183	154	155
20	184	73	74
20	185	204	205
20	186	364	365
20	187	177	178
20	188	151	152
20	189	177	178
20	190	67	68
20	191	46	55
20	192	348	349
20	193	370	371
20	194	97	98
20	195	0	0
20	196	197	198
20	197	293	294
20	198	226	227
20	199	391	392
20	200	214	215
20	201	57	58
20	202	401	402
20	203	299	300
20	204	421	422
20	205	223	224
20	206	128	129
20	207	154	155
20	208	192	193
20	209	249	250
20	210	367	368
20	211	388	389
20	212	0	0
20	213	180	181
20	214	0	0
20	215	0	0
20	216	119	120
20	217	146	147
20	218	146	147
20	219	146	147
20	220	73	74
20	221	258	259
20	222	352	353
20	223	274	275
20	224	307	308
20	225	102	103
20	226	358	359
20	227	302	303
20	228	7	10
20	229	75	76
20	230	221	222
20	231	0	0
20	232	0	0
20	233	197	198
20	234	122	123
20	235	185	186
20	236	77	78
20	237	177	178
20	238	140	141
20	239	202	203
20	240	0	0
20	241	242	243
20	242	304	305
20	243	270	271
20	244	7	10
20	245	52	53
20	246	93	94
20	247	173	174
20	248	59	60
20	249	0	0
20	250	0	0
20	251	291	292
20	252	410	411
20	253	324	325
20	254	0	0
20	255	0	0
20	256	0	0
20	257	113	114
20	258	0	0
20	259	0	0
20	260	102	103
20	261	197	198
20	262	251	252
20	263	0	0
20	264	0	0
20	265	57	58
20	266	122	123
20	267	149	150
20	268	249	250
20	269	160	161
20	270	0	0
20	271	0	0
20	272	102	103
20	273	97	98
20	274	0	0
20	275	0	0
20	276	154	155
20	277	255	256
20	278	223	224
20	279	223	224
20	280	0	0
20	281	0	0
20	282	270	271
20	283	209	210
20	284	258	259
20	285	202	203
20	286	211	212
20	287	231	232
20	288	0	0
20	289	334	335
20	290	197	198
20	291	0	0
20	292	0	0
20	293	346	347
20	294	0	0
20	295	37	38
20	296	251	252
20	297	280	281
20	298	75	76
20	299	0	0
20	300	0	0
20	301	69	70
20	302	0	0
20	303	0	0
20	304	0	0
20	305	0	0
20	306	77	78
20	307	0	0
20	308	0	0
20	309	226	227
20	310	163	164
20	311	0	0
20	312	0	0
20	313	0	0
20	314	0	0
20	315	0	0
20	316	413	414
20	317	0	0
20	318	320	321
20	319	253	254
20	320	0	0
20	321	0	0
20	322	315	316
20	323	173	174
20	324	0	0
20	325	0	0
20	326	54	327
20	327	444	445
20	328	37	38
20	329	119	120
20	330	199	200
20	331	288	289
20	332	54	327
20	333	231	232
20	334	0	0
20	335	0	0
20	336	315	316
20	337	209	210
20	338	140	141
20	339	0	0
20	340	431	432
20	341	299	300
20	342	226	227
20	343	149	150
20	344	291	292
20	345	304	305
20	346	0	0
20	347	0	0
20	348	393	394
20	349	0	0
20	350	487	488
20	351	440	441
20	352	0	0
20	353	0	0
20	354	211	212
20	355	202	203
20	356	223	224
20	357	317	318
20	358	0	0
20	359	0	0
20	360	302	303
20	361	324	325
20	362	54	327
20	363	299	300
20	364	0	0
20	365	403	404
20	366	251	252
20	367	0	0
20	368	0	0
20	369	221	222
20	370	0	0
20	371	0	0
20	372	274	275
20	373	214	215
20	374	253	254
20	375	211	212
20	376	364	365
20	377	304	305
20	378	240	241
20	379	346	347
20	380	313	314
20	381	307	308
20	382	255	256
20	383	204	205
20	384	204	205
20	385	317	318
20	386	346	347
20	387	370	371
20	388	0	0
20	389	0	0
20	390	348	349
20	391	0	0
20	392	0	0
20	393	457	458
20	394	0	0
20	395	339	340
20	396	258	259
20	397	311	312
20	398	311	312
20	399	311	312
20	400	270	271
20	401	0	0
20	402	0	0
20	403	406	407
20	404	434	435
20	405	367	368
20	406	0	0
20	407	0	0
20	408	54	327
20	409	231	232
20	410	0	0
20	411	481	482
20	412	406	407
20	413	0	0
20	414	0	0
20	415	0	0
20	416	0	0
20	417	302	303
20	418	339	340
20	419	270	271
20	420	415	416
20	421	0	0
20	422	0	0
20	423	128	129
20	424	317	318
20	425	299	300
20	426	350	351
20	427	370	371
20	428	93	94
20	429	421	422
20	430	313	314
20	431	0	0
20	432	0	0
20	433	313	314
20	434	0	0
20	435	0	0
20	436	158	159
20	437	274	275
20	438	0	0
20	439	459	460
20	440	0	0
20	441	0	0
20	442	291	292
20	443	258	259
20	444	448	449
20	445	0	0
20	446	226	227
20	447	163	164
20	448	0	0
20	449	0	0
20	450	302	303
20	451	253	254
20	452	320	321
20	453	158	159
20	454	0	0
20	455	0	0
20	456	370	371
20	457	0	0
20	458	0	0
20	459	0	0
20	460	484	485
20	461	163	164
20	462	391	392
20	463	307	308
20	464	403	404
20	465	444	445
20	466	119	120
20	467	173	174
20	468	288	289
20	469	32	47
20	470	457	458
20	471	32	47
20	472	415	416
20	473	413	414
20	474	448	449
20	475	440	441
20	476	274	275
20	477	291	292
20	478	352	353
20	479	249	250
20	480	180	181
20	481	0	0
20	482	0	0
20	483	320	321
20	484	0	0
20	485	0	0
20	486	195	196
20	487	0	0
20	488	0	0
20	489	293	294
20	490	364	365
20	491	440	441
20	492	160	161
20	493	168	169
20	494	393	394
20	495	448	449
20	496	457	458
20	497	364	365
20	498	367	368
20	499	403	404
20	500	52	53
