47	1	0	0
47	2	1	3
47	3	0	0
47	4	1	3
47	5	2	6
47	6	8	9
47	7	2	6
47	8	0	0
47	9	0	0
47	10	1	3
47	11	2	6
47	12	2	6
47	13	1	3
47	14	8	9
47	15	8	9
47	16	8	9
47	17	5	18
47	18	46	47
47	19	17	20
47	20	31	32
47	21	17	20
47	22	19	23
47	23	79	80
47	24	22	25
47	25	27	28
47	26	19	23
47	27	93	94
47	28	40	41
47	29	19	23
47	30	27	28
47	31	100	101
47	32	38	39
47	33	27	28
47	34	19	23
47	35	27	28
47	36	17	20
47	37	31	32
47	38	95	96
47	39	57	58
47	40	63	64
47	41	82	83
47	42	38	39
47	43	5	18
47	44	5	18
47	45	38	39
47	46	74	75
47	47	55	56
47	48	31	32
47	49	5	18
47	50	31	32
47	51	22	25
47	52	17	20
47	53	22	25
47	54	22	25
47	55	0	0
47	56	0	0
47	57	0	0
47	58	0	0
47	59	38	39
47	60	46	47
47	61	46	47
47	62	57	58
47	63	109	110
47	64	65	66
47	65	230	231
47	66	68	69
47	67	46	47
47	68	0	0
47	69	0	0
47	70	68	69
47	71	57	58
47	72	65	66
47	73	40	41
47	74	0	0
47	75	0	0
47	76	68	69
47	77	57	58
47	78	68	69
47	79	98	99
47	80	87	88
47	81	74	75
47	82	116	117
47	83	89	90
47	84	65	66
47	85	55	56
47	86	40	41
47	87	161	162
47	88	151	152
47	89	172	173
47	90	163	164
47	91	63	64
47	92	63	64
47	93	120	121
47	94	103	104
47	95	0	0
47	96	0	0
47	97	89	90
47	98	135	136
47	99	122	123
47	100	255	256
47	101	166	167
47	102	98	99
47	103	125	126
47	104	106	107
47	105	79	80
47	106	157	158
47	107	194	195
47	108	40	41
47	109	212	213
47	110	227	228
47	111	95	96
47	112	89	90
47	113	82	83
47	114	100	101
47	115	93	94
47	116	199	200
47	117	394	395
47	118	100	101
47	119	93	94
47	120	210	211
47	121	148	149
47	122	217	218
47	123	131	132
47	124	87	88
47	125	232	233
47	126	168	169
47	127	106	107
47	128	93	94
47	129	74	75
47	130	106	107
47	131	0	0
47	132	0	0
47	133	87	88
47	134	109	110
47	135	299	300
47	136	154	155
47	137	109	110
47	138	79	80
47	139	98	99
47	140	74	75
47	141	122	123
47	142	103	104
47	143	122	123
47	144	98	99
47	145	55	56
47	146	65	66
47	147	109	110
47	148	253	254
47	149	327	328
47	150	79	80
47	151	181	182
47	152	236	237
47	153	63	64
47	154	0	0
47	155	0	0
47	156	82	83
47	157	0	0
47	158	0	0
47	159	131	132
47	160	135	136
47	161	333	334
47	162	176	177
47	163	0	0
47	164	0	0
47	165	163	164
47	166	0	0
47	167	0	0
47	168	0	0
47	169	0	0
47	170	151	152
47	171	154	155
47	172	0	0
47	173	0	0
47	174	157	158
47	175	157	158
47	176	0	0
47	177	0	0
47	178	122	123
47	179	116	117
47	180	161	162
47	181	0	0
47	182	0	0
47	183	154	155
47	184	103	104
47	185	181	182
47	186	95	96
47	187	172	173
47	188	131	132
47	189	106	107
47	190	103	104
47	191	168	169
47	192	176	177
47	193	87	88
47	194	0	0
47	195	0	0
47	196	166	167
47	197	172	173
47	198	95	96
47	199	0	0
47	200	0	0
47	201	89	90
47	202	166	167
47	203	151	152
47	204	172	173
47	205	199	200
47	206	151	152
47	207	176	177
47	208	194	195
47	209	135	136
47	210	271	272
47	211	260	261
47	212	0	0
47	213	0	0
47	214	199	200
47	215	82	83
47	216	157	158
47	217	0	0
47	218	0	0
47	219	148	149
47	220	24	221
47	221	273	274
47	222	24	221
47	223	100	101
47	224	116	117
47	225	181	182
47	226	161	162
47	227	0	0
47	228	0	0
47	229	131	132
47	230	0	0
47	231	0	0
47	232	0	0
47	233	0	0
47	234	135	136
47	235	125	126
47	236	0	0
47	237	0	0
47	238	120	121
47	239	24	221
47	240	148	149
47	241	230	231
47	242	154	155
47	243	24	221
47	244	148	149
47	245	199	200
47	246	220	247
47	247	382	383
47	248	246	249
47	249	278	279
47	250	246	249
47	251	176	177
47	252	246	249
47	253	0	0
47	254	0	0
47	255	0	0
47	256	0	0
47	257	55	56
47	258	255	256
47	259	227	228
47	260	0	0
47	261	0	0
47	262	246	249
47	263	212	213
47	264	230	231
47	265	260	261
47	266	168	169
47	267	116	117
47	268	125	126
47	269	227	228
47	270	220	247
47	271	0	0
47	272	0	0
47	273	372	373
47	274	330	331
47	275	260	261
47	276	220	247
47	277	253	254
47	278	306	307
47	279	384	385
47	280	255	256
47	281	260	261
47	282	253	254
47	283	273	274
47	284	181	182
47	285	255	256
47	286	166	167
47	287	278	279
47	288	230	231
47	289	220	247
47	290	125	126
47	291	210	211
47	292	232	233
47	293	273	274
47	294	273	274
47	295	163	164
47	296	253	254
47	297	278	279
47	298	278	279
47	299	0	0
47	300	0	0
47	301	212	213
47	302	168	169
47	303	120	121
47	304	161	162
47	305	163	164
47	306	346	347
47	307	313	314
47	308	232	233
47	309	210	211
47	310	194	195
47	311	271	272
47	312	236	237
47	313	349	350
47	314	316	317
47	315	313	314
47	316	335	336
47	317	337	338
47	318	299	300
47	319	232	233
47	320	236	237
47	321	316	317
47	322	306	307
47	323	194	195
47	324	236	237
47	325	217	218
47	326	227	228
47	327	0	0
47	328	0	0
47	329	217	218
47	330	448	449
47	331	0	0
47	332	271	272
47	333	0	0
47	334	0	0
47	335	377	378
47	336	0	0
47	337	386	387
47	338	392	393
47	339	212	213
47	340	299	300
47	341	330	331
47	342	327	328
47	343	330	331
47	344	333	334
47	345	271	272
47	346	0	0
47	347	374	375
47	348	327	328
47	349	442	443
47	350	379	380
47	351	217	218
47	352	327	328
47	353	313	314
47	354	316	317
47	355	120	121
47	356	330	331
47	357	306	307
47	358	210	211
47	359	313	314
47	360	316	317
47	361	299	300
47	362	248	363
47	363	468	469
47	364	349	350
47	365	335	336
47	366	333	334
47	367	335	336
47	368	335	336
47	369	349	350
47	370	349	350
47	371	346	347
47	372	440	441
47	373	463	464
47	374	0	0
47	375	388	389
47	376	333	334
47	377	0	0
47	378	0	0
47	379	401	402
47	380	0	0
47	381	374	375
47	382	457	458
47	383	410	411
47	384	0	0
47	385	444	445
47	386	431	432
47	387	418	419
47	388	399	400
47	389	396	397
47	390	337	338
47	391	379	380
47	392	0	0
47	393	0	0
47	394	0	0
47	395	0	0
47	396	412	413
47	397	408	409
47	398	394	395
47	399	0	0
47	400	423	424
47	401	0	0
47	402	414	415
47	403	396	397
47	404	248	363
47	405	392	393
47	406	248	363
47	407	388	389
47	408	437	438
47	409	425	426
47	410	451	452
47	411	0	0
47	412	0	0
47	413	0	0
47	414	416	417
47	415	498	499
47	416	0	0
47	417	0	0
47	418	0	0
47	419	489	490
47	420	412	413
47	421	386	387
47	422	414	415
47	423	0	0
47	424	0	0
47	425	0	0
47	426	0	0
47	427	394	395
47	428	372	373
47	429	412	413
47	430	401	402
47	431	0	0
47	432	483	484
47	433	386	387
47	434	425	426
47	435	362	436
47	436	0	0
47	437	0	0
47	438	0	0
47	439	374	375
47	440	0	0
47	441	0	0
47	442	0	0
47	443	460	461
47	444	0	0
47	445	446	447
47	446	477	478
47	447	0	0
47	448	0	0
47	449	453	454
47	450	442	443
47	451	0	0
47	452	0	0
47	453	0	0
47	454	0	0
47	455	362	436
47	456	377	378
47	457	0	0
47	458	0	0
47	459	382	383
47	460	479	480
47	461	0	0
47	462	374	375
47	463	0	0
47	464	0	0
47	465	401	402
47	466	446	447
47	467	412	413
47	468	0	0
47	469	0	0
47	470	248	363
47	471	414	415
47	472	399	400
47	473	379	380
47	474	414	415
47	475	435	476
47	476	0	0
47	477	0	0
47	478	0	0
47	479	0	0
47	480	0	0
47	481	382	383
47	482	346	347
47	483	0	0
47	484	0	0
47	485	377	378
47	486	410	411
47	487	440	441
47	488	306	307
47	489	0	0
47	490	0	0
47	491	423	424
47	492	453	454
47	493	440	441
47	494	384	385
47	495	479	480
47	496	475	497
47	497	0	0
47	498	0	0
47	499	0	0
47	500	384	385
