43	1	0	0
43	2	1	3
43	3	0	0
43	4	1	3
43	5	1	3
43	6	2	7
43	7	8	9
43	8	0	0
43	9	0	0
43	10	8	9
43	11	8	9
43	12	2	7
43	13	8	9
43	14	2	7
43	15	1	3
43	16	6	17
43	17	19	20
43	18	6	17
43	19	45	46
43	20	0	0
43	21	16	22
43	22	25	26
43	23	19	20
43	24	2	7
43	25	48	49
43	26	37	38
43	27	25	26
43	28	25	26
43	29	6	17
43	30	6	17
43	31	16	22
43	32	25	26
43	33	16	22
43	34	16	22
43	35	19	20
43	36	19	20
43	37	0	0
43	38	0	0
43	39	21	40
43	40	42	43
43	41	21	40
43	42	0	0
43	43	0	0
43	44	37	38
43	45	0	0
43	46	0	0
43	47	45	46
43	48	0	0
43	49	0	0
43	50	48	49
