1	1	0	0
1	2	1	3
1	3	0	0
1	4	1	3
1	5	1	3
1	6	1	3
1	7	2	8
1	8	12	13
1	9	2	8
1	10	2	8
1	11	2	8
1	12	0	0
1	13	0	0
1	14	12	13
1	15	12	13
1	16	12	13
1	17	7	18
1	18	37	38
1	19	17	20
1	20	21	22
1	21	0	0
1	22	23	24
1	23	28	29
1	24	30	31
1	25	19	26
1	26	35	36
1	27	7	18
1	28	0	0
1	29	0	0
1	30	0	0
1	31	0	0
1	32	19	26
1	33	7	18
1	34	28	29
1	35	40	41
1	36	61	62
1	37	42	43
1	38	83	84
1	39	21	22
1	40	65	66
1	41	45	46
1	42	0	0
1	43	0	0
1	44	23	24
1	45	51	52
1	46	72	73
1	47	42	43
1	48	28	29
1	49	19	26
1	50	37	38
1	51	0	0
1	52	0	0
1	53	23	24
1	54	23	24
1	55	21	22
1	56	17	20
1	57	51	52
1	58	21	22
1	59	51	52
1	60	28	29
1	61	107	108
1	62	0	0
1	63	37	38
1	64	45	46
1	65	94	95
1	66	90	91
1	67	42	43
1	68	61	62
1	69	25	70
1	70	97	98
1	71	45	46
1	72	0	0
1	73	0	0
1	74	72	73
1	75	72	73
1	76	65	66
1	77	65	66
1	78	30	31
1	79	17	20
1	80	42	43
1	81	61	62
1	82	35	36
1	83	0	0
1	84	0	0
1	85	30	31
1	86	69	87
1	87	145	146
1	88	37	38
1	89	40	41
1	90	0	0
1	91	0	0
1	92	35	36
1	93	30	31
1	94	0	0
1	95	0	0
1	96	19	26
1	97	160	161
1	98	121	122
1	99	25	70
1	100	97	98
1	101	51	52
1	102	72	73
1	103	17	20
1	104	90	91
1	105	94	95
1	106	35	36
1	107	114	115
1	108	176	177
1	109	45	46
1	110	97	98
1	111	25	70
1	112	90	91
1	113	97	98
1	114	0	0
1	115	0	0
1	116	7	18
1	117	90	91
1	118	83	84
1	119	40	41
1	120	25	70
1	121	126	127
1	122	133	134
1	123	69	87
1	124	83	84
1	125	83	84
1	126	131	132
1	127	129	130
1	128	69	87
1	129	138	139
1	130	157	158
1	131	0	0
1	132	180	181
1	133	155	156
1	134	0	0
1	135	65	66
1	136	107	108
1	137	61	62
1	138	0	0
1	139	0	0
1	140	94	95
1	141	86	142
1	142	150	151
1	143	138	139
1	144	69	87
1	145	0	0
1	146	0	0
1	147	114	115
1	148	86	142
1	149	40	41
1	150	0	0
1	151	0	0
1	152	86	142
1	153	86	142
1	154	150	151
1	155	172	173
1	156	0	0
1	157	0	0
1	158	0	0
1	159	155	156
1	160	167	168
1	161	169	170
1	162	145	146
1	163	107	108
1	164	133	134
1	165	121	122
1	166	160	161
1	167	192	193
1	168	0	0
1	169	0	0
1	170	188	189
1	171	121	122
1	172	0	0
1	173	0	0
1	174	167	168
1	175	133	134
1	176	0	0
1	177	0	0
1	178	94	95
1	179	121	122
1	180	0	0
1	181	0	0
1	182	138	139
1	183	180	181
1	184	107	108
1	185	126	127
1	186	160	161
1	187	126	127
1	188	0	0
1	189	0	0
1	190	145	146
1	191	126	127
1	192	0	0
1	193	0	0
1	194	138	139
1	195	150	151
1	196	176	177
1	197	192	193
1	198	157	158
1	199	129	130
1	200	145	146
