43	1	0	0
43	2	1	3
43	3	0	0
43	4	1	3
43	5	2	6
43	6	10	11
43	7	1	3
43	8	1	3
43	9	2	6
43	10	0	0
43	11	0	0
43	12	10	11
43	13	10	11
43	14	5	15
43	15	17	18
43	16	10	11
43	17	24	25
43	18	27	28
43	19	2	6
43	20	5	15
43	21	5	15
43	22	5	15
43	23	2	6
43	24	0	0
43	25	0	0
43	26	17	18
43	27	0	0
43	28	0	0
43	29	27	28
43	30	27	28
43	31	14	32
43	32	45	46
43	33	14	32
43	34	31	35
43	35	40	41
43	36	24	25
43	37	14	32
43	38	24	25
43	39	24	25
43	40	42	43
43	41	100	101
43	42	71	72
43	43	49	50
43	44	27	28
43	45	63	64
43	46	69	70
43	47	14	32
43	48	45	46
43	49	54	55
43	50	56	57
43	51	17	18
43	52	45	46
43	53	40	41
43	54	0	0
43	55	0	0
43	56	0	0
43	57	0	0
43	58	45	46
43	59	40	41
43	60	56	57
43	61	40	41
43	62	49	50
43	63	88	89
43	64	102	103
43	65	42	43
43	66	31	35
43	67	56	57
43	68	42	43
43	69	139	140
43	70	117	118
43	71	112	113
43	72	93	94
43	73	69	70
43	74	17	18
43	75	63	64
43	76	49	50
43	77	69	70
43	78	42	43
43	79	63	64
43	80	63	64
43	81	54	55
43	82	54	55
43	83	56	57
43	84	31	35
43	85	31	35
43	86	34	87
43	87	185	186
43	88	0	0
43	89	0	0
43	90	34	87
43	91	34	87
43	92	69	70
43	93	0	0
43	94	0	0
43	95	34	87
43	96	86	97
43	97	119	120
43	98	71	72
43	99	86	97
43	100	107	108
43	101	135	136
43	102	0	0
43	103	0	0
43	104	96	105
43	105	148	149
43	106	93	94
43	107	345	346
43	108	164	165
43	109	71	72
43	110	88	89
43	111	54	55
43	112	0	0
43	113	0	0
43	114	96	105
43	115	107	108
43	116	107	108
43	117	0	0
43	118	0	0
43	119	152	153
43	120	339	340
43	121	102	103
43	122	96	105
43	123	88	89
43	124	96	105
43	125	117	118
43	126	71	72
43	127	100	101
43	128	119	120
43	129	119	120
43	130	117	118
43	131	102	103
43	132	119	120
43	133	112	113
43	134	112	113
43	135	144	145
43	136	141	142
43	137	112	113
43	138	117	118
43	139	0	0
43	140	0	0
43	141	0	0
43	142	0	0
43	143	88	89
43	144	0	0
43	145	0	0
43	146	86	97
43	147	139	140
43	148	283	284
43	149	150	151
43	150	154	155
43	151	158	159
43	152	229	230
43	153	221	222
43	154	204	205
43	155	360	361
43	156	141	142
43	157	93	94
43	158	160	161
43	159	168	169
43	160	162	163
43	161	182	183
43	162	171	172
43	163	0	0
43	164	0	0
43	165	0	0
43	166	104	167
43	167	176	177
43	168	214	215
43	169	765	766
43	170	86	97
43	171	234	235
43	172	206	207
43	173	93	94
43	174	158	159
43	175	162	163
43	176	0	0
43	177	217	218
43	178	166	179
43	179	190	191
43	180	49	50
43	181	158	159
43	182	267	268
43	183	0	0
43	184	104	167
43	185	219	220
43	186	232	233
43	187	176	177
43	188	164	165
43	189	104	167
43	190	287	288
43	191	198	199
43	192	190	191
43	193	139	140
43	194	164	165
43	195	152	153
43	196	164	165
43	197	168	169
43	198	312	313
43	199	318	319
43	200	141	142
43	201	182	183
43	202	139	140
43	203	176	177
43	204	208	209
43	205	342	343
43	206	0	0
43	207	0	0
43	208	211	212
43	209	238	239
43	210	100	101
43	211	223	224
43	212	320	321
43	213	141	142
43	214	585	586
43	215	379	380
43	216	166	179
43	217	257	258
43	218	252	253
43	219	459	460
43	220	263	264
43	221	354	355
43	222	271	272
43	223	0	0
43	224	0	0
43	225	211	212
43	226	190	191
43	227	211	212
43	228	198	199
43	229	742	743
43	230	531	532
43	231	171	172
43	232	336	337
43	233	700	701
43	234	0	0
43	235	0	0
43	236	150	151
43	237	104	167
43	238	545	546
43	239	999	1000
43	240	150	151
43	241	238	239
43	242	166	179
43	243	238	239
43	244	198	199
43	245	223	224
43	246	208	209
43	247	221	222
43	248	158	159
43	249	154	155
43	250	206	207
43	251	208	209
43	252	471	472
43	253	306	307
43	254	150	151
43	255	182	183
43	256	144	145
43	257	617	618
43	258	261	262
43	259	208	209
43	260	102	103
43	261	515	516
43	262	960	961
43	263	370	371
43	264	442	443
43	265	178	266
43	266	309	310
43	267	621	622
43	268	552	553
43	269	135	136
43	270	261	262
43	271	626	627
43	272	303	304
43	273	257	258
43	274	232	233
43	275	178	266
43	276	261	262
43	277	211	212
43	278	160	161
43	279	162	163
43	280	154	155
43	281	234	235
43	282	252	253
43	283	777	778
43	284	496	497
43	285	221	222
43	286	100	101
43	287	397	398
43	288	293	294
43	289	162	163
43	290	238	239
43	291	263	264
43	292	171	172
43	293	373	374
43	294	0	0
43	295	148	149
43	296	265	297
43	297	554	555
43	298	135	136
43	299	178	266
43	300	293	294
43	301	214	215
43	302	257	258
43	303	605	606
43	304	382	383
43	305	261	262
43	306	521	522
43	307	332	333
43	308	107	108
43	309	680	681
43	310	0	0
43	311	206	207
43	312	599	600
43	313	314	315
43	314	448	449
43	315	512	513
43	316	296	317
43	317	805	806
43	318	450	451
43	319	510	511
43	320	0	0
43	321	0	0
43	322	267	268
43	323	267	268
43	324	223	224
43	325	166	179
43	326	232	233
43	327	168	169
43	328	265	297
43	329	206	207
43	330	144	145
43	331	176	177
43	332	356	357
43	333	358	359
43	334	198	199
43	335	229	230
43	336	634	635
43	337	456	457
43	338	229	230
43	339	363	364
43	340	478	479
43	341	223	224
43	342	389	390
43	343	416	417
43	344	314	315
43	345	0	0
43	346	0	0
43	347	312	313
43	348	265	297
43	349	232	233
43	350	185	186
43	351	152	153
43	352	271	272
43	353	214	215
43	354	647	648
43	355	0	0
43	356	0	0
43	357	543	544
43	358	440	441
43	359	402	403
43	360	393	394
43	361	0	0
43	362	219	220
43	363	0	0
43	364	557	558
43	365	263	264
43	366	309	310
43	367	148	149
43	368	257	258
43	369	252	253
43	370	424	425
43	371	404	405
43	372	229	230
43	373	422	423
43	374	485	486
43	375	312	313
43	376	370	371
43	377	287	288
43	378	356	357
43	379	687	688
43	380	952	953
43	381	135	136
43	382	0	0
43	383	0	0
43	384	370	371
43	385	345	346
43	386	356	357
43	387	267	268
43	388	178	266
43	389	0	0
43	390	502	503
43	391	320	321
43	392	354	355
43	393	409	410
43	394	728	729
43	395	309	310
43	396	168	169
43	397	519	520
43	398	0	0
43	399	345	346
43	400	393	394
43	401	370	371
43	402	426	427
43	403	432	433
43	404	0	0
43	405	0	0
43	406	332	333
43	407	185	186
43	408	234	235
43	409	703	704
43	410	775	776
43	411	309	310
43	412	287	288
43	413	314	315
43	414	182	183
43	415	214	215
43	416	922	923
43	417	429	430
43	418	397	398
43	419	221	222
43	420	303	304
43	421	320	321
43	422	491	492
43	423	494	495
43	424	0	0
43	425	0	0
43	426	0	0
43	427	0	0
43	428	171	172
43	429	0	0
43	430	0	0
43	431	339	340
43	432	0	0
43	433	0	0
43	434	426	427
43	435	154	155
43	436	429	430
43	437	293	294
43	438	429	430
43	439	314	315
43	440	539	540
43	441	566	567
43	442	644	645
43	443	0	0
43	444	263	264
43	445	402	403
43	446	320	321
43	447	363	364
43	448	0	0
43	449	708	709
43	450	623	624
43	451	0	0
43	452	185	186
43	453	252	253
43	454	363	364
43	455	450	451
43	456	526	527
43	457	528	529
43	458	283	284
43	459	0	0
43	460	466	467
43	461	217	218
43	462	204	205
43	463	204	205
43	464	363	364
43	465	409	410
43	466	0	0
43	467	788	789
43	468	318	319
43	469	342	343
43	470	404	405
43	471	0	0
43	472	564	565
43	473	382	383
43	474	466	467
43	475	466	467
43	476	303	304
43	477	429	430
43	478	571	572
43	479	483	484
43	480	404	405
43	481	379	380
43	482	450	451
43	483	0	0
43	484	725	726
43	485	825	826
43	486	0	0
43	487	312	313
43	488	459	460
43	489	373	374
43	490	217	218
43	491	0	0
43	492	629	630
43	493	356	357
43	494	614	615
43	495	559	560
43	496	803	804
43	497	505	506
43	498	491	492
43	499	217	218
43	500	144	145
43	501	382	383
43	502	0	0
43	503	0	0
43	504	160	161
43	505	0	0
43	506	583	584
43	507	496	497
43	508	426	427
43	509	494	495
43	510	0	0
43	511	523	524
43	512	873	874
43	513	855	856
43	514	502	503
43	515	0	0
43	516	610	611
43	517	424	425
43	518	148	149
43	519	0	0
43	520	533	534
43	521	677	678
43	522	573	574
43	523	0	0
43	524	698	699
43	525	510	511
43	526	0	0
43	527	0	0
43	528	0	0
43	529	0	0
43	530	219	220
43	531	0	0
43	532	763	764
43	533	588	589
43	534	0	0
43	535	416	417
43	536	448	449
43	537	515	516
43	538	466	467
43	539	0	0
43	540	0	0
43	541	397	398
43	542	318	319
43	543	602	603
43	544	932	933
43	545	0	0
43	546	0	0
43	547	354	355
43	548	539	540
43	549	409	410
43	550	219	220
43	551	543	544
43	552	0	0
43	553	0	0
43	554	0	0
43	555	665	666
43	556	204	205
43	557	575	576
43	558	962	963
43	559	0	0
43	560	0	0
43	561	505	506
43	562	424	425
43	563	491	492
43	564	821	822
43	565	0	0
43	566	0	0
43	567	0	0
43	568	358	359
43	569	554	555
43	570	336	337
43	571	938	939
43	572	659	660
43	573	844	845
43	574	718	719
43	575	672	673
43	576	906	907
43	577	575	576
43	578	332	333
43	579	382	383
43	580	339	340
43	581	296	317
43	582	293	294
43	583	0	0
43	584	782	783
43	585	0	0
43	586	0	0
43	587	265	297
43	588	733	734
43	589	739	740
43	590	397	398
43	591	491	492
43	592	557	558
43	593	389	390
43	594	360	361
43	595	583	584
43	596	373	374
43	597	393	394
43	598	554	555
43	599	819	820
43	600	693	694
43	601	478	479
43	602	0	0
43	603	0	0
43	604	471	472
43	605	0	0
43	606	0	0
43	607	564	565
43	608	416	417
43	609	448	449
43	610	715	716
43	611	0	0
43	612	402	403
43	613	528	529
43	614	900	901
43	615	851	852
43	616	539	540
43	617	0	0
43	618	712	713
43	619	336	337
43	620	617	618
43	621	0	0
43	622	0	0
43	623	682	683
43	624	654	655
43	625	318	319
43	626	0	0
43	627	892	893
43	628	485	486
43	629	889	890
43	630	0	0
43	631	424	425
43	632	496	497
43	633	358	359
43	634	705	706
43	635	767	768
43	636	617	618
43	637	573	574
43	638	599	600
43	639	575	576
43	640	336	337
43	641	459	460
43	642	539	540
43	643	519	520
43	644	0	0
43	645	0	0
43	646	432	433
43	647	750	751
43	648	809	810
43	649	296	317
43	650	478	479
43	651	360	361
43	652	416	417
43	653	471	472
43	654	0	0
43	655	669	670
43	656	623	624
43	657	599	600
43	658	296	317
43	659	0	0
43	660	0	0
43	661	512	513
43	662	234	235
43	663	571	572
43	664	426	427
43	665	721	722
43	666	745	746
43	667	379	380
43	668	543	544
43	669	0	0
43	670	940	941
43	671	306	307
43	672	0	0
43	673	0	0
43	674	521	522
43	675	672	673
43	676	519	520
43	677	0	0
43	678	0	0
43	679	554	555
43	680	800	801
43	681	0	0
43	682	913	914
43	683	911	912
43	684	659	660
43	685	557	558
43	686	456	457
43	687	0	0
43	688	0	0
43	689	332	333
43	690	531	532
43	691	440	441
43	692	602	603
43	693	979	980
43	694	0	0
43	695	659	660
43	696	379	380
43	697	440	441
43	698	0	0
43	699	926	927
43	700	790	791
43	701	0	0
43	702	629	630
43	703	0	0
43	704	0	0
43	705	0	0
43	706	0	0
43	707	393	394
43	708	0	0
43	709	0	0
43	710	402	403
43	711	339	340
43	712	894	895
43	713	0	0
43	714	521	522
43	715	0	0
43	716	0	0
43	717	471	472
43	718	737	738
43	719	0	0
43	720	687	688
43	721	870	871
43	722	0	0
43	723	644	645
43	724	614	615
43	725	0	0
43	726	829	830
43	727	373	374
43	728	0	0
43	729	878	879
43	730	485	486
43	731	502	503
43	732	677	678
43	733	853	854
43	734	884	885
43	735	659	660
43	736	583	584
43	737	0	0
43	738	0	0
43	739	752	753
43	740	860	861
43	741	448	449
43	742	0	0
43	743	0	0
43	744	521	522
43	745	936	937
43	746	0	0
43	747	621	622
43	748	634	635
43	749	450	451
43	750	0	0
43	751	0	0
43	752	0	0
43	753	0	0
43	754	303	304
43	755	605	606
43	756	725	726
43	757	543	544
43	758	752	753
43	759	687	688
43	760	160	161
43	761	687	688
43	762	621	622
43	763	0	0
43	764	838	839
43	765	0	0
43	766	816	817
43	767	0	0
43	768	0	0
43	769	626	627
43	770	703	704
43	771	316	772
43	772	864	865
43	773	442	443
43	774	512	513
43	775	0	0
43	776	0	0
43	777	0	0
43	778	0	0
43	779	669	670
43	780	573	574
43	781	698	699
43	782	795	796
43	783	929	930
43	784	602	603
43	785	552	553
43	786	682	683
43	787	505	506
43	788	0	0
43	789	0	0
43	790	0	0
43	791	0	0
43	792	575	576
43	793	358	359
43	794	750	751
43	795	0	0
43	796	0	0
43	797	623	624
43	798	777	778
43	799	669	670
43	800	882	883
43	801	0	0
43	802	585	586
43	803	0	0
43	804	968	969
43	805	0	0
43	806	813	814
43	807	763	764
43	808	533	534
43	809	0	0
43	810	0	0
43	811	698	699
43	812	708	709
43	813	0	0
43	814	0	0
43	815	728	729
43	816	0	0
43	817	0	0
43	818	389	390
43	819	0	0
43	820	0	0
43	821	0	0
43	822	0	0
43	823	750	751
43	824	672	673
43	825	0	0
43	826	0	0
43	827	456	457
43	828	316	772
43	829	0	0
43	830	0	0
43	831	519	520
43	832	583	584
43	833	809	810
43	834	306	307
43	835	816	817
43	836	526	527
43	837	496	497
43	838	0	0
43	839	0	0
43	840	571	572
43	841	316	772
43	842	557	558
43	843	626	627
43	844	950	951
43	845	0	0
43	846	614	615
43	847	345	346
43	848	526	527
43	849	573	574
43	850	614	615
43	851	896	897
43	852	919	920
43	853	924	925
43	854	0	0
43	855	903	904
43	856	0	0
43	857	745	746
43	858	621	622
43	859	440	441
43	860	875	876
43	861	976	977
43	862	190	191
43	863	512	513
43	864	0	0
43	865	997	998
43	866	782	783
43	867	721	722
43	868	767	768
43	869	851	852
43	870	0	0
43	871	0	0
43	872	813	814
43	873	0	0
43	874	0	0
43	875	0	0
43	876	0	0
43	877	844	845
43	878	0	0
43	879	0	0
43	880	654	655
43	881	545	546
43	882	947	948
43	883	965	966
43	884	915	916
43	885	0	0
43	886	456	457
43	887	742	743
43	888	585	586
43	889	0	0
43	890	0	0
43	891	626	627
43	892	0	0
43	893	0	0
43	894	0	0
43	895	0	0
43	896	0	0
43	897	0	0
43	898	816	817
43	899	494	495
43	900	0	0
43	901	0	0
43	902	725	726
43	903	0	0
43	904	0	0
43	905	728	729
43	906	0	0
43	907	0	0
43	908	782	783
43	909	287	288
43	910	354	355
43	911	0	0
43	912	993	994
43	913	0	0
43	914	987	988
43	915	0	0
43	916	0	0
43	917	585	586
43	918	306	307
43	919	0	0
43	920	0	0
43	921	803	804
43	922	0	0
43	923	0	0
43	924	0	0
43	925	0	0
43	926	0	0
43	927	0	0
43	928	654	655
43	929	0	0
43	930	0	0
43	931	703	704
43	932	0	0
43	933	0	0
43	934	705	706
43	935	765	766
43	936	954	955
43	937	0	0
43	938	972	973
43	939	0	0
43	940	0	0
43	941	0	0
43	942	528	529
43	943	494	495
43	944	559	560
43	945	478	479
43	946	838	839
43	947	0	0
43	948	0	0
43	949	342	343
43	950	0	0
43	951	0	0
43	952	0	0
43	953	0	0
43	954	0	0
43	955	0	0
43	956	819	820
43	957	873	874
43	958	599	600
43	959	745	746
43	960	0	0
43	961	0	0
43	962	0	0
43	963	0	0
43	964	672	673
43	965	0	0
43	966	0	0
43	967	805	806
43	968	0	0
43	969	0	0
43	970	602	603
43	971	745	746
43	972	0	0
43	973	0	0
43	974	813	814
43	975	725	726
43	976	0	0
43	977	0	0
43	978	855	856
43	979	0	0
43	980	0	0
43	981	915	916
43	982	860	861
43	983	825	826
43	984	965	966
43	985	855	856
43	986	733	734
43	987	0	0
43	988	0	0
43	989	432	433
43	990	559	560
43	991	526	527
43	992	816	817
43	993	0	0
43	994	0	0
43	995	502	503
43	996	703	704
43	997	0	0
43	998	0	0
43	999	0	0
43	1000	0	0
