19	1	0	0
19	2	1	3
19	3	0	0
19	4	2	5
19	5	7	8
19	6	2	5
19	7	0	0
19	8	0	0
19	9	7	8
19	10	1	3
19	11	7	8
19	12	4	13
19	13	22	23
19	14	7	8
19	15	2	5
19	16	4	13
19	17	1	3
19	18	1	3
19	19	4	13
19	20	4	13
19	21	2	5
19	22	26	27
19	23	24	25
19	24	0	0
19	25	0	0
19	26	0	0
19	27	0	0
19	28	22	23
19	29	12	30
19	30	35	36
19	31	26	27
19	32	29	33
19	33	41	42
19	34	12	30
19	35	0	0
19	36	46	47
19	37	29	33
19	38	26	27
19	39	12	30
19	40	12	30
19	41	0	0
19	42	0	0
19	43	26	27
19	44	41	42
19	45	35	36
19	46	0	0
19	47	0	0
19	48	35	36
19	49	35	36
19	50	41	42
