40	1	0	0
40	2	1	3
40	3	0	0
40	4	2	5
40	5	6	7
40	6	0	0
40	7	0	0
40	8	6	7
40	9	6	7
40	10	6	7
40	11	1	3
40	12	1	3
40	13	2	5
40	14	4	15
40	15	18	19
40	16	1	3
40	17	4	15
40	18	44	45
40	19	22	23
40	20	4	15
40	21	18	19
40	22	0	0
40	23	0	0
40	24	14	25
40	25	26	27
40	26	38	39
40	27	42	43
40	28	22	23
40	29	14	25
40	30	14	25
40	31	2	5
40	32	26	27
40	33	22	23
40	34	4	15
40	35	18	19
40	36	2	5
40	37	22	23
40	38	47	48
40	39	40	41
40	40	0	0
40	41	0	0
40	42	65	66
40	43	123	124
40	44	0	0
40	45	0	0
40	46	26	27
40	47	0	0
40	48	0	0
40	49	26	27
40	50	38	39
40	51	14	25
40	52	47	48
40	53	18	19
40	54	24	55
40	55	60	61
40	56	24	55
40	57	24	55
40	58	24	55
40	59	42	43
40	60	68	69
40	61	79	80
40	62	42	43
40	63	40	41
40	64	60	61
40	65	0	0
40	66	0	0
40	67	60	61
40	68	77	78
40	69	75	76
40	70	47	48
40	71	42	43
40	72	38	39
40	73	44	45
40	74	47	48
40	75	82	83
40	76	116	117
40	77	345	346
40	78	104	105
40	79	84	85
40	80	113	114
40	81	38	39
40	82	0	0
40	83	0	0
40	84	88	89
40	85	129	130
40	86	54	87
40	87	146	147
40	88	0	0
40	89	0	0
40	90	82	83
40	91	68	69
40	92	75	76
40	93	68	69
40	94	77	78
40	95	65	66
40	96	65	66
40	97	54	87
40	98	77	78
40	99	65	66
40	100	82	83
40	101	44	45
40	102	44	45
40	103	88	89
40	104	0	0
40	105	0	0
40	106	54	87
40	107	60	61
40	108	82	83
40	109	88	89
40	110	40	41
40	111	40	41
40	112	77	78
40	113	119	120
40	114	182	183
40	115	75	76
40	116	0	0
40	117	0	0
40	118	79	80
40	119	0	0
40	120	0	0
40	121	113	114
40	122	84	85
40	123	0	0
40	124	0	0
40	125	88	89
40	126	54	87
40	127	68	69
40	128	104	105
40	129	0	0
40	130	0	0
40	131	86	132
40	132	136	137
40	133	119	120
40	134	119	120
40	135	123	124
40	136	211	212
40	137	153	154
40	138	79	80
40	139	104	105
40	140	79	80
40	141	84	85
40	142	104	105
40	143	123	124
40	144	84	85
40	145	129	130
40	146	208	209
40	147	151	152
40	148	146	147
40	149	131	150
40	150	163	164
40	151	188	189
40	152	180	181
40	153	166	167
40	154	155	156
40	155	159	160
40	156	325	326
40	157	123	124
40	158	86	132
40	159	238	239
40	160	258	259
40	161	155	156
40	162	113	114
40	163	273	274
40	164	241	242
40	165	151	152
40	166	278	279
40	167	175	176
40	168	131	150
40	169	159	160
40	170	113	114
40	171	159	160
40	172	116	117
40	173	149	174
40	174	194	195
40	175	213	214
40	176	177	178
40	177	0	0
40	178	184	185
40	179	136	137
40	180	390	391
40	181	839	840
40	182	0	0
40	183	0	0
40	184	0	0
40	185	0	0
40	186	86	132
40	187	149	174
40	188	190	191
40	189	406	407
40	190	0	0
40	191	197	198
40	192	173	193
40	193	446	447
40	194	243	244
40	195	225	226
40	196	194	195
40	197	0	0
40	198	0	0
40	199	119	120
40	200	182	183
40	201	75	76
40	202	184	185
40	203	188	189
40	204	136	137
40	205	136	137
40	206	190	191
40	207	190	191
40	208	0	0
40	209	245	246
40	210	129	130
40	211	262	263
40	212	222	223
40	213	282	283
40	214	296	297
40	215	175	176
40	216	155	156
40	217	184	185
40	218	213	214
40	219	208	209
40	220	151	152
40	221	116	117
40	222	284	285
40	223	337	338
40	224	163	164
40	225	247	248
40	226	260	261
40	227	222	223
40	228	163	164
40	229	197	198
40	230	155	156
40	231	151	152
40	232	194	195
40	233	213	214
40	234	182	183
40	235	180	181
40	236	190	191
40	237	175	176
40	238	249	250
40	239	252	253
40	240	173	193
40	241	291	292
40	242	298	299
40	243	264	265
40	244	254	255
40	245	810	811
40	246	473	474
40	247	829	830
40	248	327	328
40	249	0	0
40	250	0	0
40	251	163	164
40	252	0	0
40	253	0	0
40	254	369	370
40	255	266	267
40	256	197	198
40	257	86	132
40	258	360	361
40	259	329	330
40	260	455	456
40	261	598	599
40	262	428	429
40	263	341	342
40	264	471	472
40	265	681	682
40	266	565	566
40	267	426	427
40	268	222	223
40	269	182	183
40	270	262	263
40	271	247	248
40	272	184	185
40	273	315	316
40	274	0	0
40	275	222	223
40	276	266	267
40	277	159	160
40	278	616	617
40	279	556	557
40	280	262	263
40	281	149	174
40	282	0	0
40	283	0	0
40	284	306	307
40	285	321	322
40	286	245	246
40	287	264	265
40	288	241	242
40	289	264	265
40	290	238	239
40	291	626	627
40	292	383	384
40	293	238	239
40	294	213	214
40	295	197	198
40	296	0	0
40	297	0	0
40	298	433	434
40	299	431	432
40	300	211	212
40	301	249	250
40	302	149	174
40	303	264	265
40	304	194	195
40	305	173	193
40	306	437	438
40	307	440	441
40	308	284	285
40	309	249	250
40	310	258	259
40	311	296	297
40	312	241	242
40	313	180	181
40	314	262	263
40	315	0	0
40	316	319	320
40	317	278	279
40	318	296	297
40	319	392	393
40	320	846	847
40	321	453	454
40	322	494	495
40	323	284	285
40	324	243	244
40	325	347	348
40	326	0	0
40	327	349	350
40	328	333	334
40	329	0	0
40	330	0	0
40	331	153	154
40	332	247	248
40	333	671	672
40	334	500	501
40	335	325	326
40	336	175	176
40	337	415	416
40	338	469	470
40	339	166	167
40	340	327	328
40	341	475	476
40	342	365	366
40	343	291	292
40	344	247	248
40	345	0	0
40	346	0	0
40	347	511	512
40	348	362	363
40	349	380	381
40	350	689	690
40	351	333	334
40	352	284	285
40	353	241	242
40	354	211	212
40	355	188	189
40	356	321	322
40	357	258	259
40	358	291	292
40	359	349	350
40	360	0	0
40	361	0	0
40	362	0	0
40	363	0	0
40	364	180	181
40	365	418	419
40	366	0	0
40	367	146	147
40	368	173	193
40	369	460	461
40	370	769	770
40	371	282	283
40	372	321	322
40	373	116	117
40	374	225	226
40	375	291	292
40	376	225	226
40	377	347	348
40	378	341	342
40	379	337	338
40	380	614	615
40	381	402	403
40	382	333	334
40	383	526	527
40	384	422	423
40	385	321	322
40	386	327	328
40	387	327	328
40	388	369	370
40	389	254	255
40	390	936	937
40	391	558	559
40	392	0	0
40	393	546	547
40	394	249	250
40	395	337	338
40	396	254	255
40	397	360	361
40	398	188	189
40	399	254	255
40	400	278	279
40	401	329	330
40	402	408	409
40	403	411	412
40	404	258	259
40	405	146	147
40	406	972	973
40	407	542	543
40	408	0	0
40	409	0	0
40	410	153	154
40	411	0	0
40	412	0	0
40	413	383	384
40	414	245	246
40	415	554	555
40	416	0	0
40	417	131	150
40	418	0	0
40	419	0	0
40	420	408	409
40	421	365	366
40	422	0	0
40	423	508	509
40	424	278	279
40	425	166	167
40	426	703	704
40	427	815	816
40	428	0	0
40	429	610	611
40	430	252	253
40	431	967	968
40	432	678	679
40	433	579	580
40	434	492	493
40	435	360	361
40	436	153	154
40	437	0	0
40	438	0	0
40	439	437	438
40	440	0	0
40	441	0	0
40	442	325	326
40	443	208	209
40	444	315	316
40	445	426	427
40	446	518	519
40	447	549	550
40	448	166	167
40	449	260	261
40	450	446	447
40	451	337	338
40	452	296	297
40	453	0	0
40	454	0	0
40	455	530	531
40	456	477	478
40	457	428	429
40	458	192	459
40	459	633	634
40	460	567	568
40	461	657	658
40	462	315	316
40	463	243	244
40	464	252	253
40	465	428	429
40	466	315	316
40	467	406	407
40	468	433	434
40	469	0	0
40	470	504	505
40	471	0	0
40	472	0	0
40	473	496	497
40	474	522	523
40	475	0	0
40	476	649	650
40	477	515	516
40	478	551	552
40	479	345	346
40	480	408	409
40	481	390	391
40	482	433	434
40	483	426	427
40	484	208	209
40	485	192	459
40	486	418	419
40	487	440	441
40	488	129	130
40	489	380	381
40	490	245	246
40	491	469	470
40	492	0	0
40	493	585	586
40	494	0	0
40	495	0	0
40	496	0	0
40	497	0	0
40	498	306	307
40	499	475	476
40	500	957	958
40	501	538	539
40	502	455	456
40	503	306	307
40	504	0	0
40	505	0	0
40	506	380	381
40	507	333	334
40	508	601	602
40	509	857	858
40	510	390	391
40	511	0	0
40	512	0	0
40	513	455	456
40	514	446	447
40	515	741	742
40	516	992	993
40	517	500	501
40	518	0	0
40	519	532	533
40	520	500	501
40	521	329	330
40	522	0	0
40	523	0	0
40	524	453	454
40	525	496	497
40	526	691	692
40	527	0	0
40	528	243	244
40	529	225	226
40	530	535	536
40	531	720	721
40	532	560	561
40	533	569	570
40	534	415	416
40	535	0	0
40	536	875	876
40	537	415	416
40	538	0	0
40	539	0	0
40	540	518	519
40	541	131	150
40	542	0	0
40	543	0	0
40	544	402	403
40	545	538	539
40	546	869	870
40	547	592	593
40	548	238	239
40	549	782	783
40	550	0	0
40	551	628	629
40	552	723	724
40	553	390	391
40	554	0	0
40	555	0	0
40	556	802	803
40	557	594	595
40	558	0	0
40	559	0	0
40	560	0	0
40	561	871	872
40	562	349	350
40	563	477	478
40	564	500	501
40	565	730	731
40	566	0	0
40	567	636	637
40	568	642	643
40	569	882	883
40	570	587	588
40	571	473	474
40	572	460	461
40	573	532	533
40	574	455	456
40	575	460	461
40	576	569	570
40	577	347	348
40	578	349	350
40	579	873	874
40	580	647	648
40	581	535	536
40	582	496	497
40	583	532	533
40	584	554	555
40	585	0	0
40	586	988	989
40	587	788	789
40	588	0	0
40	589	306	307
40	590	587	588
40	591	496	497
40	592	0	0
40	593	0	0
40	594	0	0
40	595	0	0
40	596	433	434
40	597	504	505
40	598	0	0
40	599	644	645
40	600	579	580
40	601	0	0
40	602	0	0
40	603	392	393
40	604	532	533
40	605	471	472
40	606	319	320
40	607	319	320
40	608	369	370
40	609	585	586
40	610	817	818
40	611	0	0
40	612	369	370
40	613	453	454
40	614	619	620
40	615	652	653
40	616	728	729
40	617	714	715
40	618	392	393
40	619	0	0
40	620	0	0
40	621	569	570
40	622	460	461
40	623	365	366
40	624	431	432
40	625	319	320
40	626	630	631
40	627	863	864
40	628	0	0
40	629	685	686
40	630	733	734
40	631	824	825
40	632	542	543
40	633	755	756
40	634	0	0
40	635	453	454
40	636	762	763
40	637	640	641
40	638	565	566
40	639	325	326
40	640	0	0
40	641	0	0
40	642	0	0
40	643	900	901
40	644	0	0
40	645	774	775
40	646	298	299
40	647	0	0
40	648	746	747
40	649	0	0
40	650	0	0
40	651	598	599
40	652	0	0
40	653	0	0
40	654	422	423
40	655	592	593
40	656	431	432
40	657	0	0
40	658	0	0
40	659	556	557
40	660	636	637
40	661	594	595
40	662	471	472
40	663	554	555
40	664	569	570
40	665	628	629
40	666	565	566
40	667	642	643
40	668	511	512
40	669	567	568
40	670	440	441
40	671	738	739
40	672	854	855
40	673	415	416
40	674	601	602
40	675	587	588
40	676	418	419
40	677	211	212
40	678	841	842
40	679	904	905
40	680	475	476
40	681	805	806
40	682	942	943
40	683	567	568
40	684	644	645
40	685	0	0
40	686	0	0
40	687	522	523
40	688	592	593
40	689	694	695
40	690	0	0
40	691	795	796
40	692	0	0
40	693	252	253
40	694	0	0
40	695	0	0
40	696	298	299
40	697	471	472
40	698	458	699
40	699	0	0
40	700	585	586
40	701	585	586
40	702	681	682
40	703	848	849
40	704	0	0
40	705	535	536
40	706	446	447
40	707	610	611
40	708	565	566
40	709	610	611
40	710	649	650
40	711	652	653
40	712	298	299
40	713	360	361
40	714	0	0
40	715	0	0
40	716	515	516
40	717	345	346
40	718	542	543
40	719	636	637
40	720	744	745
40	721	927	928
40	722	644	645
40	723	807	808
40	724	0	0
40	725	720	721
40	726	671	672
40	727	535	536
40	728	0	0
40	729	0	0
40	730	865	866
40	731	0	0
40	732	511	512
40	733	0	0
40	734	778	779
40	735	518	519
40	736	691	692
40	737	260	261
40	738	980	981
40	739	751	752
40	740	685	686
40	741	793	794
40	742	0	0
40	743	554	555
40	744	822	823
40	745	978	979
40	746	0	0
40	747	0	0
40	748	362	363
40	749	601	602
40	750	720	721
40	751	0	0
40	752	0	0
40	753	671	672
40	754	587	588
40	755	0	0
40	756	0	0
40	757	630	631
40	758	273	274
40	759	431	432
40	760	640	641
40	761	551	552
40	762	0	0
40	763	0	0
40	764	546	547
40	765	762	763
40	766	549	550
40	767	402	403
40	768	741	742
40	769	859	860
40	770	0	0
40	771	703	704
40	772	522	523
40	773	626	627
40	774	877	878
40	775	948	949
40	776	685	686
40	777	546	547
40	778	0	0
40	779	0	0
40	780	630	631
40	781	652	653
40	782	0	0
40	783	831	832
40	784	741	742
40	785	522	523
40	786	542	543
40	787	685	686
40	788	0	0
40	789	835	836
40	790	728	729
40	791	741	742
40	792	649	650
40	793	0	0
40	794	0	0
40	795	0	0
40	796	0	0
40	797	644	645
40	798	426	427
40	799	560	561
40	800	560	561
40	801	652	653
40	802	0	0
40	803	0	0
40	804	567	568
40	805	0	0
40	806	902	903
40	807	0	0
40	808	0	0
40	809	793	794
40	810	0	0
40	811	0	0
40	812	518	519
40	813	703	704
40	814	795	796
40	815	0	0
40	816	0	0
40	817	0	0
40	818	0	0
40	819	802	803
40	820	738	739
40	821	418	419
40	822	0	0
40	823	0	0
40	824	940	941
40	825	0	0
40	826	546	547
40	827	515	516
40	828	402	403
40	829	898	899
40	830	0	0
40	831	0	0
40	832	0	0
40	833	636	637
40	834	592	593
40	835	0	0
40	836	867	868
40	837	266	267
40	838	642	643
40	839	0	0
40	840	0	0
40	841	0	0
40	842	929	930
40	843	822	823
40	844	406	407
40	845	678	679
40	846	961	962
40	847	944	945
40	848	910	911
40	849	885	886
40	850	440	441
40	851	492	493
40	852	511	512
40	853	494	495
40	854	921	922
40	855	906	907
40	856	515	516
40	857	0	0
40	858	0	0
40	859	951	952
40	860	0	0
40	861	492	493
40	862	579	580
40	863	0	0
40	864	982	983
40	865	0	0
40	866	0	0
40	867	893	894
40	868	0	0
40	869	0	0
40	870	0	0
40	871	0	0
40	872	969	970
40	873	0	0
40	874	0	0
40	875	0	0
40	876	888	889
40	877	918	919
40	878	0	0
40	879	854	855
40	880	345	346
40	881	831	832
40	882	932	933
40	883	0	0
40	884	365	366
40	885	0	0
40	886	0	0
40	887	549	550
40	888	0	0
40	889	0	0
40	890	538	539
40	891	494	495
40	892	774	775
40	893	0	0
40	894	0	0
40	895	273	274
40	896	406	407
40	897	392	393
40	898	0	0
40	899	923	924
40	900	0	0
40	901	0	0
40	902	995	996
40	903	0	0
40	904	914	915
40	905	0	0
40	906	0	0
40	907	0	0
40	908	642	643
40	909	877	878
40	910	0	0
40	911	0	0
40	912	619	620
40	913	556	557
40	914	0	0
40	915	0	0
40	916	723	724
40	917	657	658
40	918	0	0
40	919	0	0
40	920	778	779
40	921	0	0
40	922	0	0
40	923	0	0
40	924	0	0
40	925	649	650
40	926	841	842
40	927	0	0
40	928	0	0
40	929	0	0
40	930	0	0
40	931	694	695
40	932	0	0
40	933	975	976
40	934	738	739
40	935	910	911
40	936	0	0
40	937	0	0
40	938	428	429
40	939	802	803
40	940	0	0
40	941	0	0
40	942	0	0
40	943	0	0
40	944	0	0
40	945	0	0
40	946	857	858
40	947	744	745
40	948	0	0
40	949	0	0
40	950	411	412
40	951	0	0
40	952	0	0
40	953	526	527
40	954	647	648
40	955	626	627
40	956	888	889
40	957	0	0
40	958	0	0
40	959	863	864
40	960	647	648
40	961	0	0
40	962	0	0
40	963	882	883
40	964	504	505
40	965	362	363
40	966	691	692
40	967	0	0
40	968	0	0
40	969	0	0
40	970	0	0
40	971	408	409
40	972	0	0
40	973	0	0
40	974	477	478
40	975	0	0
40	976	0	0
40	977	744	745
40	978	0	0
40	979	0	0
40	980	0	0
40	981	0	0
40	982	0	0
40	983	0	0
40	984	942	943
40	985	411	412
40	986	558	559
40	987	932	933
40	988	0	0
40	989	0	0
40	990	380	381
40	991	755	756
40	992	0	0
40	993	0	0
40	994	923	924
40	995	0	0
40	996	0	0
40	997	854	855
40	998	681	682
40	999	914	915
40	1000	694	695
