48	1	0	0
48	2	1	3
48	3	0	0
48	4	2	5
48	5	160	161
48	6	4	7
48	7	21	22
48	8	6	9
48	9	11	12
48	10	2	5
48	11	13	14
48	12	49	50
48	13	53	54
48	14	63	64
48	15	4	7
48	16	8	17
48	17	42	43
48	18	8	17
48	19	6	9
48	20	6	9
48	21	26	27
48	22	31	32
48	23	13	14
48	24	13	14
48	25	13	14
48	26	0	0
48	27	0	0
48	28	8	17
48	29	6	9
48	30	2	5
48	31	0	0
48	32	0	0
48	33	4	7
48	34	2	5
48	35	31	32
48	36	1	3
48	37	1	3
48	38	21	22
48	39	21	22
48	40	11	12
48	41	8	17
48	42	78	79
48	43	45	46
48	44	1	3
48	45	85	86
48	46	47	48
48	47	71	72
48	48	109	110
48	49	73	74
48	50	91	92
48	51	16	52
48	52	89	90
48	53	0	0
48	54	0	0
48	55	26	27
48	56	53	54
48	57	49	50
48	58	45	46
48	59	21	22
48	60	11	12
48	61	42	43
48	62	11	12
48	63	0	0
48	64	0	0
48	65	31	32
48	66	16	52
48	67	47	48
48	68	49	50
48	69	53	54
48	70	53	54
48	71	0	0
48	72	0	0
48	73	0	0
48	74	0	0
48	75	42	43
48	76	4	7
48	77	16	52
48	78	95	96
48	79	115	116
48	80	47	48
48	81	78	79
48	82	73	74
48	83	26	27
48	84	45	46
48	85	118	119
48	86	99	100
48	87	42	43
48	88	45	46
48	89	123	124
48	90	172	173
48	91	0	0
48	92	0	0
48	93	89	90
48	94	49	50
48	95	113	114
48	96	148	149
48	97	95	96
48	98	31	32
48	99	0	0
48	100	0	0
48	101	99	100
48	102	73	74
48	103	73	74
48	104	47	48
48	105	95	96
48	106	16	52
48	107	91	92
48	108	78	79
48	109	0	0
48	110	0	0
48	111	85	86
48	112	109	110
48	113	0	0
48	114	0	0
48	115	197	198
48	116	151	152
48	117	95	96
48	118	0	0
48	119	0	0
48	120	71	72
48	121	91	92
48	122	89	90
48	123	140	141
48	124	133	134
48	125	26	27
48	126	63	64
48	127	99	100
48	128	85	86
48	129	63	64
48	130	91	92
48	131	71	72
48	132	99	100
48	133	162	163
48	134	146	147
48	135	85	86
48	136	133	134
48	137	123	124
48	138	109	110
48	139	113	114
48	140	0	0
48	141	206	207
48	142	78	79
48	143	109	110
48	144	71	72
48	145	123	124
48	146	208	209
48	147	164	165
48	148	0	0
48	149	0	0
48	150	133	134
48	151	0	0
48	152	0	0
48	153	148	149
48	154	89	90
48	155	123	124
48	156	133	134
48	157	63	64
48	158	140	141
48	159	118	119
48	160	0	0
48	161	0	0
48	162	170	171
48	163	194	195
48	164	0	0
48	165	0	0
48	166	118	119
48	167	151	152
48	168	162	163
48	169	162	163
48	170	0	0
48	171	0	0
48	172	184	185
48	173	177	178
48	174	118	119
48	175	148	149
48	176	146	147
48	177	231	232
48	178	187	188
48	179	162	163
48	180	172	173
48	181	115	116
48	182	51	183
48	183	220	221
48	184	0	0
48	185	0	0
48	186	170	171
48	187	199	200
48	188	191	192
48	189	164	165
48	190	113	114
48	191	0	0
48	192	0	0
48	193	51	183
48	194	0	0
48	195	0	0
48	196	151	152
48	197	0	0
48	198	0	0
48	199	0	0
48	200	0	0
48	201	164	165
48	202	170	171
48	203	191	192
48	204	191	192
48	205	187	188
48	206	253	254
48	207	0	0
48	208	0	0
48	209	0	0
48	210	187	188
48	211	184	185
48	212	146	147
48	213	170	171
48	214	199	200
48	215	177	178
48	216	191	192
48	217	113	114
48	218	194	195
48	219	164	165
48	220	246	247
48	221	0	0
48	222	187	188
48	223	146	147
48	224	194	195
48	225	177	178
48	226	172	173
48	227	184	185
48	228	177	178
48	229	184	185
48	230	115	116
48	231	259	260
48	232	234	235
48	233	197	198
48	234	0	0
48	235	0	0
48	236	206	207
48	237	140	141
48	238	220	221
48	239	220	221
48	240	172	173
48	241	115	116
48	242	234	235
48	243	182	244
48	244	261	262
48	245	234	235
48	246	282	283
48	247	0	0
48	248	234	235
48	249	51	183
48	250	206	207
48	251	243	252
48	252	292	293
48	253	0	0
48	254	0	0
48	255	246	247
48	256	251	257
48	257	265	266
48	258	231	232
48	259	0	0
48	260	0	0
48	261	0	0
48	262	276	277
48	263	231	232
48	264	251	257
48	265	267	268
48	266	0	0
48	267	290	291
48	268	271	272
48	269	265	266
48	270	208	209
48	271	0	0
48	272	0	0
48	273	256	274
48	274	0	0
48	275	206	207
48	276	287	288
48	277	0	0
48	278	261	262
48	279	231	232
48	280	261	262
48	281	243	252
48	282	0	0
48	283	0	0
48	284	51	183
48	285	199	200
48	286	246	247
48	287	0	0
48	288	298	299
48	289	151	152
48	290	0	0
48	291	296	297
48	292	0	0
48	293	0	0
48	294	243	252
48	295	220	221
48	296	0	0
48	297	0	0
48	298	0	0
48	299	0	0
48	300	261	262
