44	1	0	0
44	2	1	3
44	3	0	0
44	4	1	3
44	5	1	3
44	6	2	7
44	7	15	16
44	8	1	3
44	9	6	10
44	10	17	18
44	11	9	12
44	12	41	42
44	13	2	7
44	14	9	12
44	15	0	0
44	16	0	0
44	17	25	26
44	18	21	22
44	19	2	7
44	20	17	18
44	21	0	0
44	22	0	0
44	23	11	24
44	24	27	28
44	25	0	0
44	26	0	0
44	27	79	80
44	28	90	91
44	29	15	16
44	30	27	28
44	31	21	22
44	32	6	10
44	33	21	22
44	34	9	12
44	35	15	16
44	36	9	12
44	37	17	18
44	38	17	18
44	39	25	26
44	40	27	28
44	41	45	46
44	42	64	65
44	43	2	7
44	44	41	42
44	45	72	73
44	46	62	63
44	47	6	10
44	48	6	10
44	49	27	28
44	50	11	24
44	51	11	24
44	52	11	24
44	53	25	26
44	54	25	26
44	55	23	56
44	56	74	75
44	57	41	42
44	58	21	22
44	59	23	56
44	60	15	16
44	61	45	46
44	62	0	0
44	63	0	0
44	64	77	78
44	65	66	67
44	66	0	0
44	67	0	0
44	68	41	42
44	69	23	56
44	70	23	56
44	71	66	67
44	72	0	0
44	73	0	0
44	74	88	89
44	75	92	93
44	76	74	75
44	77	0	0
44	78	0	0
44	79	83	84
44	80	81	82
44	81	0	0
44	82	94	95
44	83	0	0
44	84	0	0
44	85	74	75
44	86	64	65
44	87	77	78
44	88	96	97
44	89	0	0
44	90	0	0
44	91	0	0
44	92	0	0
44	93	0	0
44	94	0	0
44	95	0	0
44	96	0	0
44	97	0	0
44	98	66	67
44	99	72	73
44	100	55	0
