15	1	0	0
15	2	1	3
15	3	0	0
15	4	1	3
15	5	2	6
15	6	7	8
15	7	0	0
15	8	0	0
15	9	5	10
15	10	19	20
15	11	7	8
15	12	7	8
15	13	5	10
15	14	7	8
15	15	2	6
15	16	5	10
15	17	9	18
15	18	28	29
15	19	24	25
15	20	0	0
15	21	19	20
15	22	2	6
15	23	2	6
15	24	0	0
15	25	0	0
15	26	9	18
15	27	5	10
15	28	37	38
15	29	0	0
15	30	1	3
15	31	19	20
15	32	28	29
15	33	28	29
15	34	9	18
15	35	9	18
15	36	24	25
15	37	46	47
15	38	39	40
15	39	0	0
15	40	0	0
15	41	37	38
15	42	39	40
15	43	39	40
15	44	1	3
15	45	39	40
15	46	0	0
15	47	0	0
15	48	28	29
15	49	46	47
15	50	0	0
