13	1	0	0
13	2	1	3
13	3	0	0
13	4	1	3
13	5	2	6
13	6	0	0
13	7	2	6
13	8	2	6
13	9	2	6
13	10	1	3
13	11	1	3
13	12	5	13
13	13	40	41
13	14	12	15
13	15	18	19
13	16	12	15
13	17	5	13
13	18	0	0
13	19	32	33
13	20	14	21
13	21	25	26
13	22	12	15
13	23	5	13
13	24	18	19
13	25	0	0
13	26	27	28
13	27	0	0
13	28	0	0
13	29	20	30
13	30	48	49
13	31	12	15
13	32	42	43
13	33	38	39
13	34	32	33
13	35	27	28
13	36	18	19
13	37	20	30
13	38	0	0
13	39	0	0
13	40	0	0
13	41	0	0
13	42	0	0
13	43	0	0
13	44	40	41
13	45	14	21
13	46	29	47
13	47	0	0
13	48	0	0
13	49	0	0
13	50	20	30
