42	1	0	0
42	2	1	3
42	3	0	0
42	4	1	3
42	5	1	3
42	6	1	3
42	7	2	8
42	8	11	12
42	9	7	10
42	10	98	99
42	11	0	0
42	12	0	0
42	13	7	10
42	14	7	10
42	15	9	16
42	16	28	29
42	17	2	8
42	18	2	8
42	19	9	16
42	20	11	12
42	21	11	12
42	22	9	16
42	23	11	12
42	24	7	10
42	25	9	16
42	26	15	27
42	27	39	40
42	28	30	31
42	29	32	33
42	30	80	81
42	31	69	70
42	32	71	72
42	33	43	44
42	34	2	8
42	35	15	27
42	36	26	37
42	37	113	114
42	38	30	31
42	39	58	59
42	40	60	61
42	41	15	27
42	42	28	29
42	43	0	0
42	44	0	0
42	45	30	31
42	46	43	44
42	47	28	29
42	48	26	37
42	49	26	37
42	50	43	44
42	51	15	27
42	52	32	33
42	53	26	37
42	54	28	29
42	55	39	40
42	56	30	31
42	57	39	40
42	58	63	64
42	59	153	154
42	60	76	77
42	61	147	148
42	62	32	33
42	63	139	140
42	64	67	68
42	65	39	40
42	66	43	44
42	67	0	0
42	68	0	0
42	69	0	0
42	70	0	0
42	71	0	0
42	72	0	0
42	73	58	59
42	74	71	72
42	75	60	61
42	76	131	132
42	77	94	95
42	78	36	79
42	79	92	93
42	80	0	0
42	81	0	0
42	82	36	79
42	83	76	77
42	84	80	81
42	85	60	61
42	86	69	70
42	87	80	81
42	88	36	79
42	89	63	64
42	90	36	79
42	91	71	72
42	92	158	159
42	93	107	108
42	94	0	0
42	95	0	0
42	96	94	95
42	97	67	68
42	98	110	111
42	99	118	119
42	100	32	33
42	101	98	99
42	102	98	99
42	103	98	99
42	104	80	81
42	105	63	64
42	106	69	70
42	107	260	261
42	108	241	242
42	109	69	70
42	110	0	0
42	111	0	0
42	112	58	59
42	113	0	0
42	114	121	122
42	115	113	114
42	116	60	61
42	117	110	111
42	118	0	0
42	119	0	0
42	120	58	59
42	121	172	173
42	122	0	0
42	123	78	124
42	124	129	130
42	125	118	119
42	126	76	77
42	127	123	128
42	128	0	0
42	129	143	144
42	130	292	293
42	131	0	0
42	132	0	0
42	133	129	130
42	134	129	130
42	135	110	111
42	136	129	130
42	137	123	128
42	138	92	93
42	139	0	0
42	140	0	0
42	141	110	111
42	142	78	124
42	143	145	146
42	144	174	175
42	145	228	229
42	146	0	0
42	147	187	188
42	148	299	300
42	149	67	68
42	150	127	151
42	151	164	165
42	152	118	119
42	153	0	0
42	154	0	0
42	155	150	156
42	156	0	0
42	157	113	114
42	158	289	290
42	159	169	170
42	160	150	156
42	161	94	95
42	162	107	108
42	163	71	72
42	164	199	200
42	165	206	207
42	166	67	68
42	167	158	159
42	168	121	122
42	169	0	0
42	170	249	250
42	171	121	122
42	172	208	209
42	173	0	0
42	174	214	215
42	175	197	198
42	176	169	170
42	177	153	154
42	178	139	140
42	179	107	108
42	180	131	132
42	181	153	154
42	182	63	64
42	183	131	132
42	184	169	170
42	185	76	77
42	186	145	146
42	187	0	0
42	188	0	0
42	189	147	148
42	190	131	132
42	191	153	154
42	192	127	151
42	193	143	144
42	194	113	114
42	195	118	119
42	196	169	170
42	197	216	217
42	198	0	0
42	199	224	225
42	200	210	211
42	201	92	93
42	202	127	151
42	203	187	188
42	204	78	124
42	205	158	159
42	206	231	232
42	207	277	278
42	208	0	0
42	209	294	295
42	210	0	0
42	211	0	0
42	212	127	151
42	213	208	209
42	214	0	0
42	215	265	266
42	216	263	264
42	217	0	0
42	218	121	122
42	219	187	188
42	220	199	200
42	221	123	128
42	222	94	95
42	223	172	173
42	224	281	282
42	225	0	0
42	226	158	159
42	227	150	156
42	228	0	0
42	229	0	0
42	230	143	144
42	231	0	0
42	232	237	238
42	233	150	156
42	234	92	93
42	235	143	144
42	236	147	148
42	237	258	259
42	238	243	244
42	239	187	188
42	240	224	225
42	241	283	284
42	242	0	0
42	243	0	0
42	244	245	246
42	245	279	280
42	246	0	0
42	247	231	232
42	248	139	140
42	249	269	270
42	250	0	0
42	251	231	232
42	252	206	207
42	253	214	215
42	254	123	128
42	255	139	140
42	256	231	232
42	257	228	229
42	258	0	0
42	259	267	268
42	260	0	0
42	261	0	0
42	262	241	242
42	263	0	0
42	264	0	0
42	265	0	0
42	266	0	0
42	267	273	274
42	268	0	0
42	269	0	0
42	270	0	0
42	271	224	225
42	272	172	173
42	273	0	0
42	274	0	0
42	275	172	173
42	276	164	165
42	277	0	0
42	278	0	0
42	279	0	0
42	280	0	0
42	281	0	0
42	282	0	0
42	283	0	0
42	284	0	0
42	285	197	198
42	286	224	225
42	287	164	165
42	288	258	259
42	289	296	297
42	290	0	0
42	291	258	259
42	292	0	0
42	293	0	0
42	294	0	0
42	295	0	0
42	296	0	0
42	297	0	0
42	298	277	278
42	299	0	0
42	300	0	0
