26	1	0	0
26	2	1	3
26	3	0	0
26	4	1	3
26	5	1	3
26	6	1	3
26	7	2	8
26	8	11	12
26	9	2	8
26	10	2	8
26	11	0	0
26	12	0	0
26	13	7	14
26	14	20	21
26	15	11	12
26	16	11	12
26	17	2	8
26	18	11	12
26	19	7	14
26	20	26	27
26	21	0	0
26	22	13	23
26	23	34	35
26	24	22	25
26	25	66	67
26	26	0	0
26	27	0	0
26	28	7	14
26	29	20	21
26	30	7	14
26	31	24	32
26	32	56	57
26	33	13	23
26	34	84	85
26	35	37	38
26	36	26	27
26	37	45	46
26	38	54	55
26	39	37	38
26	40	20	21
26	41	37	38
26	42	20	21
26	43	22	25
26	44	34	35
26	45	0	0
26	46	0	0
26	47	34	35
26	48	34	35
26	49	13	23
26	50	13	23
26	51	22	25
26	52	22	25
26	53	37	38
26	54	0	0
26	55	0	0
26	56	59	60
26	57	63	64
26	58	26	27
26	59	92	93
26	60	90	91
26	61	59	60
26	62	59	60
26	63	0	0
26	64	0	0
26	65	45	46
26	66	0	0
26	67	0	0
26	68	66	67
26	69	56	57
26	70	54	55
26	71	31	72
26	72	73	74
26	73	0	0
26	74	78	79
26	75	31	72
26	76	54	55
26	77	54	55
26	78	0	0
26	79	94	95
26	80	45	46
26	81	56	57
26	82	59	60
26	83	56	57
26	84	0	0
26	85	99	100
26	86	84	85
26	87	26	27
26	88	45	46
26	89	24	32
26	90	0	0
26	91	0	0
26	92	0	0
26	93	0	0
26	94	0	0
26	95	0	0
26	96	78	79
26	97	66	67
26	98	66	67
26	99	0	0
26	100	0	0
