31	1	0	0
31	2	1	3
31	3	0	0
31	4	2	5
31	5	6	7
31	6	0	0
31	7	0	0
31	8	1	3
31	9	2	5
31	10	1	3
31	11	2	5
31	12	2	5
31	13	4	14
31	14	31	32
31	15	6	7
31	16	6	7
31	17	1	3
31	18	4	14
31	19	4	14
31	20	13	21
31	21	24	25
31	22	13	21
31	23	13	21
31	24	35	36
31	25	33	34
31	26	13	21
31	27	24	25
31	28	24	25
31	29	24	25
31	30	4	14
31	31	0	0
31	32	38	39
31	33	41	42
31	34	0	0
31	35	47	48
31	36	0	0
31	37	33	34
31	38	0	0
31	39	0	0
31	40	33	34
31	41	0	0
31	42	0	0
31	43	31	32
31	44	38	39
31	45	35	36
31	46	41	42
31	47	0	0
31	48	0	0
31	49	41	42
31	50	47	48
