5	1	0	0
5	2	1	3
5	3	0	0
5	4	1	3
5	5	2	6
5	6	7	8
5	7	0	0
5	8	0	0
5	9	7	8
5	10	7	8
5	11	2	6
5	12	2	6
5	13	7	8
5	14	1	3
5	15	1	3
5	16	2	6
5	17	5	18
5	18	26	27
5	19	17	20
5	20	29	30
5	21	5	18
5	22	5	18
5	23	17	20
5	24	17	20
5	25	17	20
5	26	31	32
5	27	40	41
5	28	5	18
5	29	52	53
5	30	36	37
5	31	0	0
5	32	0	0
5	33	26	27
5	34	29	30
5	35	26	27
5	36	56	57
5	37	44	45
5	38	36	37
5	39	36	37
5	40	0	0
5	41	0	0
5	42	19	43
5	43	46	47
5	44	0	0
5	45	0	0
5	46	49	50
5	47	94	95
5	48	26	27
5	49	67	68
5	50	0	0
5	51	46	47
5	52	0	0
5	53	74	75
5	54	49	50
5	55	52	53
5	56	0	0
5	57	0	0
5	58	42	59
5	59	65	66
5	60	46	47
5	61	49	50
5	62	56	57
5	63	52	53
5	64	56	57
5	65	70	71
5	66	72	73
5	67	92	93
5	68	0	0
5	69	19	43
5	70	98	99
5	71	87	88
5	72	83	84
5	73	0	0
5	74	0	0
5	75	0	0
5	76	36	37
5	77	65	66
5	78	44	45
5	79	44	45
5	80	44	45
5	81	29	30
5	82	42	59
5	83	0	0
5	84	89	90
5	85	31	32
5	86	83	84
5	87	0	0
5	88	0	0
5	89	0	0
5	90	0	0
5	91	40	41
5	92	0	0
5	93	0	0
5	94	0	0
5	95	0	0
5	96	49	50
5	97	74	75
5	98	0	0
5	99	0	0
5	100	0	0
