29	1	0	0
29	2	1	3
29	3	0	0
29	4	1	3
29	5	1	3
29	6	2	7
29	7	15	16
29	8	1	3
29	9	6	10
29	10	38	39
29	11	2	7
29	12	6	10
29	13	2	7
29	14	2	7
29	15	0	0
29	16	0	0
29	17	9	18
29	18	29	30
29	19	15	16
29	20	9	18
29	21	9	18
29	22	6	10
29	23	15	16
29	24	15	16
29	25	6	10
29	26	9	18
29	27	17	28
29	28	32	33
29	29	83	84
29	30	34	35
29	31	29	30
29	32	46	47
29	33	40	41
29	34	60	61
29	35	43	44
29	36	34	35
29	37	29	30
29	38	81	82
29	39	100	101
29	40	88	89
29	41	73	74
29	42	29	30
29	43	0	0
29	44	0	0
29	45	43	44
29	46	134	135
29	47	50	51
29	48	40	41
29	49	46	47
29	50	58	59
29	51	53	54
29	52	43	44
29	53	0	0
29	54	0	0
29	55	34	35
29	56	40	41
29	57	38	39
29	58	0	0
29	59	0	0
29	60	0	0
29	61	0	0
29	62	58	59
29	63	32	33
29	64	34	35
29	65	43	44
29	66	40	41
29	67	46	47
29	68	46	47
29	69	53	54
29	70	60	61
29	71	38	39
29	72	50	51
29	73	226	227
29	74	98	99
29	75	27	76
29	76	91	92
29	77	60	61
29	78	58	59
29	79	38	39
29	80	60	61
29	81	0	0
29	82	0	0
29	83	132	133
29	84	85	86
29	85	0	0
29	86	0	0
29	87	17	28
29	88	96	97
29	89	123	124
29	90	32	33
29	91	114	115
29	92	121	122
29	93	83	84
29	94	73	74
29	95	83	84
29	96	0	0
29	97	0	0
29	98	0	0
29	99	0	0
29	100	0	0
29	101	0	0
29	102	58	59
29	103	53	54
29	104	98	99
29	105	98	99
29	106	81	82
29	107	88	89
29	108	73	74
29	109	88	89
29	110	27	76
29	111	96	97
29	112	73	74
29	113	17	28
29	114	155	156
29	115	141	142
29	116	98	99
29	117	114	115
29	118	32	33
29	119	96	97
29	120	96	97
29	121	173	174
29	122	246	247
29	123	0	0
29	124	0	0
29	125	81	82
29	126	88	89
29	127	50	51
29	128	114	115
29	129	114	115
29	130	81	82
29	131	17	28
29	132	0	0
29	133	0	0
29	134	144	145
29	135	137	138
29	136	53	54
29	137	0	0
29	138	0	0
29	139	85	86
29	140	91	92
29	141	224	225
29	142	149	150
29	143	137	138
29	144	0	0
29	145	0	0
29	146	121	122
29	147	141	142
29	148	134	135
29	149	171	172
29	150	151	152
29	151	0	0
29	152	0	0
29	153	151	152
29	154	50	51
29	155	181	182
29	156	175	176
29	157	144	145
29	158	151	152
29	159	85	86
29	160	155	156
29	161	123	124
29	162	144	145
29	163	151	152
29	164	121	122
29	165	123	124
29	166	85	86
29	167	141	142
29	168	141	142
29	169	134	135
29	170	134	135
29	171	0	0
29	172	0	0
29	173	195	196
29	174	193	194
29	175	238	239
29	176	177	178
29	177	0	0
29	178	0	0
29	179	137	138
29	180	177	178
29	181	219	220
29	182	426	427
29	183	27	76
29	184	181	182
29	185	27	76
29	186	155	156
29	187	123	124
29	188	83	84
29	189	137	138
29	190	177	178
29	191	100	101
29	192	171	172
29	193	232	233
29	194	211	212
29	195	242	243
29	196	202	203
29	197	173	174
29	198	100	101
29	199	100	101
29	200	149	150
29	201	132	133
29	202	0	0
29	203	0	0
29	204	132	133
29	205	195	196
29	206	144	145
29	207	149	150
29	208	181	182
29	209	155	156
29	210	91	92
29	211	0	0
29	212	0	0
29	213	195	196
29	214	195	196
29	215	149	150
29	216	171	172
29	217	177	178
29	218	211	212
29	219	0	0
29	220	0	0
29	221	175	176
29	222	132	133
29	223	171	172
29	224	273	274
29	225	235	236
29	226	0	0
29	227	0	0
29	228	193	194
29	229	193	194
29	230	226	227
29	231	193	194
29	232	0	0
29	233	0	0
29	234	219	220
29	235	0	0
29	236	0	0
29	237	235	236
29	238	0	0
29	239	0	0
29	240	211	212
29	241	211	212
29	242	0	0
29	243	0	0
29	244	235	236
29	245	238	239
29	246	257	258
29	247	285	286
29	248	232	233
29	249	219	220
29	250	224	225
29	251	75	252
29	252	259	260
29	253	91	92
29	254	224	225
29	255	181	182
29	256	246	247
29	257	360	361
29	258	283	284
29	259	268	269
29	260	322	323
29	261	175	176
29	262	259	260
29	263	121	122
29	264	251	265
29	265	294	295
29	266	259	260
29	267	246	247
29	268	327	328
29	269	373	374
29	270	238	239
29	271	246	247
29	272	251	265
29	273	0	0
29	274	0	0
29	275	173	174
29	276	238	239
29	277	257	258
29	278	242	243
29	279	232	233
29	280	232	233
29	281	173	174
29	282	259	260
29	283	0	0
29	284	0	0
29	285	290	291
29	286	414	415
29	287	251	265
29	288	202	203
29	289	226	227
29	290	0	0
29	291	0	0
29	292	257	258
29	293	202	203
29	294	702	703
29	295	301	302
29	296	264	297
29	297	299	300
29	298	257	258
29	299	449	450
29	300	324	325
29	301	384	385
29	302	329	330
29	303	268	269
29	304	264	297
29	305	224	225
29	306	296	307
29	307	386	387
29	308	219	220
29	309	283	284
29	310	296	307
29	311	296	307
29	312	242	243
29	313	283	284
29	314	235	236
29	315	226	227
29	316	299	300
29	317	273	274
29	318	175	176
29	319	283	284
29	320	296	307
29	321	251	265
29	322	331	332
29	323	348	349
29	324	352	353
29	325	340	341
29	326	202	203
29	327	731	732
29	328	343	344
29	329	909	910
29	330	334	335
29	331	447	448
29	332	423	424
29	333	322	323
29	334	417	418
29	335	409	410
29	336	301	302
29	337	290	291
29	338	290	291
29	339	324	325
29	340	346	347
29	341	368	369
29	342	75	252
29	343	355	356
29	344	366	367
29	345	322	323
29	346	624	625
29	347	440	441
29	348	397	398
29	349	405	406
29	350	340	341
29	351	343	344
29	352	381	382
29	353	378	379
29	354	264	297
29	355	460	461
29	356	747	748
29	357	264	297
29	358	242	243
29	359	299	300
29	360	0	0
29	361	0	0
29	362	290	291
29	363	334	335
29	364	322	323
29	365	301	302
29	366	401	402
29	367	473	474
29	368	428	429
29	369	737	738
29	370	340	341
29	371	360	361
29	372	348	349
29	373	455	456
29	374	394	395
29	375	343	344
29	376	343	344
29	377	373	374
29	378	434	435
29	379	437	438
29	380	368	369
29	381	574	575
29	382	390	391
29	383	355	356
29	384	399	400
29	385	604	605
29	386	725	726
29	387	488	489
29	388	334	335
29	389	334	335
29	390	481	482
29	391	504	505
29	392	331	332
29	393	386	387
29	394	420	421
29	395	0	0
29	396	268	269
29	397	901	902
29	398	0	0
29	399	496	497
29	400	444	445
29	401	0	0
29	402	0	0
29	403	373	374
29	404	331	332
29	405	599	600
29	406	583	584
29	407	390	391
29	408	390	391
29	409	0	0
29	410	0	0
29	411	409	410
29	412	331	332
29	413	273	274
29	414	0	0
29	415	0	0
29	416	340	341
29	417	494	495
29	418	0	0
29	419	394	395
29	420	0	0
29	421	0	0
29	422	352	353
29	423	767	768
29	424	0	0
29	425	423	424
29	426	0	0
29	427	0	0
29	428	513	514
29	429	476	477
29	430	426	427
29	431	420	421
29	432	368	369
29	433	299	300
29	434	523	524
29	435	771	772
29	436	401	402
29	437	452	453
29	438	465	466
29	439	405	406
29	440	546	547
29	441	568	569
29	442	434	435
29	443	368	369
29	444	0	0
29	445	752	753
29	446	414	415
29	447	659	660
29	448	578	579
29	449	485	486
29	450	927	928
29	451	414	415
29	452	847	848
29	453	490	491
29	454	409	410
29	455	515	516
29	456	611	612
29	457	423	424
29	458	417	418
29	459	420	421
29	460	0	0
29	461	0	0
29	462	449	450
29	463	378	379
29	464	399	400
29	465	970	971
29	466	509	510
29	467	401	402
29	468	329	330
29	469	455	456
29	470	373	374
29	471	440	441
29	472	324	325
29	473	0	0
29	474	0	0
29	475	452	453
29	476	0	0
29	477	492	493
29	478	366	367
29	479	306	480
29	480	553	554
29	481	525	526
29	482	0	0
29	483	394	395
29	484	473	474
29	485	531	532
29	486	664	665
29	487	285	286
29	488	608	609
29	489	0	0
29	490	769	770
29	491	707	708
29	492	564	565
29	493	639	640
29	494	775	776
29	495	535	536
29	496	629	630
29	497	998	999
29	498	399	400
29	499	496	497
29	500	455	456
29	501	346	347
29	502	409	410
29	503	460	461
29	504	699	700
29	505	631	632
29	506	306	480
29	507	352	353
29	508	268	269
29	509	613	614
29	510	0	0
29	511	386	387
29	512	273	274
29	513	885	886
29	514	858	859
29	515	796	797
29	516	518	519
29	517	494	495
29	518	0	0
29	519	0	0
29	520	426	427
29	521	437	438
29	522	437	438
29	523	0	0
29	524	540	541
29	525	615	616
29	526	0	0
29	527	426	427
29	528	460	461
29	529	381	382
29	530	327	328
29	531	591	592
29	532	690	691
29	533	327	328
29	534	518	519
29	535	0	0
29	536	0	0
29	537	452	453
29	538	513	514
29	539	535	536
29	540	543	544
29	541	555	556
29	542	378	379
29	543	0	0
29	544	0	0
29	545	428	429
29	546	982	983
29	547	572	573
29	548	496	497
29	549	294	295
29	550	473	474
29	551	485	486
29	552	494	495
29	553	0	0
29	554	929	930
29	555	0	0
29	556	0	0
29	557	378	379
29	558	381	382
29	559	496	497
29	560	444	445
29	561	553	554
29	562	481	482
29	563	440	441
29	564	0	0
29	565	0	0
29	566	355	356
29	567	401	402
29	568	0	0
29	569	743	744
29	570	492	493
29	571	346	347
29	572	0	0
29	573	680	681
29	574	622	623
29	575	710	711
29	576	428	429
29	577	509	510
29	578	0	0
29	579	636	637
29	580	355	356
29	581	324	325
29	582	414	415
29	583	597	598
29	584	620	621
29	585	381	382
29	586	384	385
29	587	405	406
29	588	384	385
29	589	476	477
29	590	420	421
29	591	655	656
29	592	967	968
29	593	352	353
29	594	564	565
29	595	492	493
29	596	553	554
29	597	0	0
29	598	0	0
29	599	811	812
29	600	662	663
29	601	348	349
29	602	555	556
29	603	473	474
29	604	606	607
29	605	0	0
29	606	741	742
29	607	922	923
29	608	693	694
29	609	0	0
29	610	360	361
29	611	715	716
29	612	683	684
29	613	0	0
29	614	0	0
29	615	0	0
29	616	0	0
29	617	434	435
29	618	574	575
29	619	384	385
29	620	0	0
29	621	0	0
29	622	962	963
29	623	0	0
29	624	650	651
29	625	704	705
29	626	440	441
29	627	423	424
29	628	327	328
29	629	719	720
29	630	641	642
29	631	0	0
29	632	854	855
29	633	306	480
29	634	615	616
29	635	465	466
29	636	0	0
29	637	0	0
29	638	578	579
29	639	0	0
29	640	0	0
29	641	0	0
29	642	0	0
29	643	476	477
29	644	613	614
29	645	525	526
29	646	620	621
29	647	481	482
29	648	518	519
29	649	509	510
29	650	0	0
29	651	722	723
29	652	591	592
29	653	479	654
29	654	0	0
29	655	990	991
29	656	0	0
29	657	428	429
29	658	397	398
29	659	686	687
29	660	784	785
29	661	405	406
29	662	0	0
29	663	0	0
29	664	0	0
29	665	873	874
29	666	546	547
29	667	531	532
29	668	455	456
29	669	535	536
29	670	553	554
29	671	447	448
29	672	492	493
29	673	479	654
29	674	476	477
29	675	509	510
29	676	664	665
29	677	434	435
29	678	639	640
29	679	662	663
29	680	0	0
29	681	0	0
29	682	655	656
29	683	0	0
29	684	0	0
29	685	543	544
29	686	0	0
29	687	0	0
29	688	615	616
29	689	417	418
29	690	712	713
29	691	0	0
29	692	655	656
29	693	0	0
29	694	826	827
29	695	653	696
29	696	0	0
29	697	555	556
29	698	546	547
29	699	932	933
29	700	880	881
29	701	608	609
29	702	0	0
29	703	806	807
29	704	883	884
29	705	988	989
29	706	631	632
29	707	0	0
29	708	0	0
29	709	523	524
29	710	0	0
29	711	945	946
29	712	0	0
29	713	0	0
29	714	693	694
29	715	0	0
29	716	0	0
29	717	715	716
29	718	75	252
29	719	0	0
29	720	0	0
29	721	655	656
29	722	0	0
29	723	0	0
29	724	578	579
29	725	939	940
29	726	798	799
29	727	543	544
29	728	712	713
29	729	650	651
29	730	447	448
29	731	958	959
29	732	899	900
29	733	294	295
29	734	624	625
29	735	707	708
29	736	611	612
29	737	844	845
29	738	878	879
29	739	704	705
29	740	417	418
29	741	974	975
29	742	0	0
29	743	0	0
29	744	800	801
29	745	620	621
29	746	535	536
29	747	0	0
29	748	0	0
29	749	731	732
29	750	386	387
29	751	572	573
29	752	0	0
29	753	984	985
29	754	604	605
29	755	690	691
29	756	555	556
29	757	597	598
29	758	490	491
29	759	481	482
29	760	743	744
29	761	636	637
29	762	583	584
29	763	662	663
29	764	611	612
29	765	719	720
29	766	707	708
29	767	896	897
29	768	865	866
29	769	0	0
29	770	0	0
29	771	0	0
29	772	793	794
29	773	494	495
29	774	568	569
29	775	0	0
29	776	0	0
29	777	513	514
29	778	641	642
29	779	631	632
29	780	769	770
29	781	444	445
29	782	525	526
29	783	737	738
29	784	0	0
29	785	0	0
29	786	680	681
29	787	653	696
29	788	693	694
29	789	306	480
29	790	513	514
29	791	695	792
29	792	0	0
29	793	803	804
29	794	838	839
29	795	397	398
29	796	0	0
29	797	0	0
29	798	829	830
29	799	0	0
29	800	0	0
29	801	0	0
29	802	366	367
29	803	0	0
29	804	0	0
29	805	662	663
29	806	0	0
29	807	965	966
29	808	568	569
29	809	769	770
29	810	620	621
29	811	0	0
29	812	0	0
29	813	622	623
29	814	693	694
29	815	574	575
29	816	301	302
29	817	690	691
29	818	712	713
29	819	791	820
29	820	903	904
29	821	715	716
29	822	447	448
29	823	747	748
29	824	488	489
29	825	479	654
29	826	0	0
29	827	0	0
29	828	791	820
29	829	0	0
29	830	0	0
29	831	743	744
29	832	796	797
29	833	791	820
29	834	707	708
29	835	613	614
29	836	285	286
29	837	690	691
29	838	0	0
29	839	0	0
29	840	348	349
29	841	518	519
29	842	731	732
29	843	525	526
29	844	0	0
29	845	0	0
29	846	285	286
29	847	0	0
29	848	934	935
29	849	784	785
29	850	811	812
29	851	611	612
29	852	515	516
29	853	636	637
29	854	0	0
29	855	0	0
29	856	452	453
29	857	784	785
29	858	0	0
29	859	925	926
29	860	449	450
29	861	847	848
29	862	659	660
29	863	775	776
29	864	75	252
29	865	0	0
29	866	0	0
29	867	546	547
29	868	800	801
29	869	366	367
29	870	460	461
29	871	465	466
29	872	490	491
29	873	888	889
29	874	0	0
29	875	811	812
29	876	767	768
29	877	329	330
29	878	0	0
29	879	0	0
29	880	0	0
29	881	0	0
29	882	543	544
29	883	0	0
29	884	916	917
29	885	0	0
29	886	950	951
29	887	731	732
29	888	907	908
29	889	0	0
29	890	664	665
29	891	615	616
29	892	865	866
29	893	465	466
29	894	490	491
29	895	880	881
29	896	0	0
29	897	0	0
29	898	715	716
29	899	0	0
29	900	0	0
29	901	0	0
29	902	978	979
29	903	0	0
29	904	0	0
29	905	793	794
29	906	899	900
29	907	0	0
29	908	952	953
29	909	0	0
29	910	0	0
29	911	903	904
29	912	394	395
29	913	629	630
29	914	719	720
29	915	622	623
29	916	0	0
29	917	0	0
29	918	903	904
29	919	819	920
29	920	0	0
29	921	488	489
29	922	0	0
29	923	0	0
29	924	639	640
29	925	0	0
29	926	0	0
29	927	0	0
29	928	0	0
29	929	976	977
29	930	0	0
29	931	793	794
29	932	0	0
29	933	0	0
29	934	0	0
29	935	0	0
29	936	680	681
29	937	747	748
29	938	907	908
29	939	0	0
29	940	0	0
29	941	572	573
29	942	844	845
29	943	888	889
29	944	515	516
29	945	0	0
29	946	0	0
29	947	878	879
29	948	397	398
29	949	622	623
29	950	0	0
29	951	0	0
29	952	0	0
29	953	0	0
29	954	599	600
29	955	523	524
29	956	488	489
29	957	710	711
29	958	0	0
29	959	0	0
29	960	695	792
29	961	578	579
29	962	0	0
29	963	0	0
29	964	858	859
29	965	0	0
29	966	0	0
29	967	0	0
29	968	0	0
29	969	916	917
29	970	0	0
29	971	0	0
29	972	572	573
29	973	636	637
29	974	0	0
29	975	0	0
29	976	0	0
29	977	0	0
29	978	0	0
29	979	0	0
29	980	819	920
29	981	769	770
29	982	0	0
29	983	0	0
29	984	0	0
29	985	0	0
29	986	741	742
29	987	699	700
29	988	0	0
29	989	0	0
29	990	995	996
29	991	0	0
29	992	564	565
29	993	791	820
29	994	907	908
29	995	0	0
29	996	0	0
29	997	568	569
29	998	0	0
29	999	0	0
29	1000	998	999
