35	1	0	0
35	2	1	3
35	3	0	0
35	4	1	3
35	5	2	6
35	6	30	31
35	7	5	8
35	8	14	15
35	9	7	10
35	10	44	45
35	11	7	10
35	12	9	13
35	13	0	0
35	14	26	27
35	15	20	21
35	16	14	15
35	17	1	3
35	18	14	15
35	19	7	10
35	20	0	0
35	21	0	0
35	22	20	21
35	23	1	3
35	24	9	13
35	25	20	21
35	26	0	0
35	27	0	0
35	28	5	8
35	29	14	15
35	30	0	0
35	31	0	0
35	32	20	21
35	33	9	13
35	34	30	31
35	35	26	27
35	36	5	8
35	37	7	10
35	38	30	31
35	39	9	13
35	40	5	8
35	41	30	31
35	42	26	27
35	43	26	27
35	44	46	47
35	45	74	75
35	46	72	73
35	47	53	54
35	48	44	45
35	49	44	45
35	50	2	6
35	51	46	47
35	52	46	47
35	53	0	0
35	54	0	0
35	55	53	54
35	56	2	6
35	57	12	58
35	58	59	60
35	59	64	65
35	60	148	149
35	61	44	45
35	62	53	54
35	63	53	54
35	64	66	67
35	65	68	69
35	66	80	81
35	67	103	104
35	68	141	142
35	69	82	83
35	70	12	58
35	71	66	67
35	72	0	0
35	73	0	0
35	74	110	111
35	75	116	117
35	76	2	6
35	77	46	47
35	78	72	73
35	79	74	75
35	80	136	137
35	81	95	96
35	82	126	127
35	83	84	85
35	84	0	0
35	85	0	0
35	86	59	60
35	87	74	75
35	88	84	85
35	89	12	58
35	90	80	81
35	91	64	65
35	92	68	69
35	93	64	65
35	94	84	85
35	95	0	0
35	96	0	0
35	97	68	69
35	98	84	85
35	99	74	75
35	100	12	58
35	101	82	83
35	102	95	96
35	103	128	129
35	104	112	113
35	105	103	104
35	106	64	65
35	107	72	73
35	108	103	104
35	109	80	81
35	110	0	0
35	111	0	0
35	112	0	0
35	113	0	0
35	114	59	60
35	115	82	83
35	116	0	0
35	117	0	0
35	118	103	104
35	119	66	67
35	120	66	67
35	121	80	81
35	122	110	111
35	123	110	111
35	124	59	60
35	125	68	69
35	126	0	0
35	127	0	0
35	128	0	0
35	129	0	0
35	130	126	127
35	131	128	129
35	132	128	129
35	133	112	113
35	134	126	127
35	135	112	113
35	136	0	0
35	137	0	0
35	138	95	96
35	139	126	127
35	140	116	117
35	141	146	147
35	142	153	154
35	143	95	96
35	144	116	117
35	145	110	111
35	146	0	0
35	147	0	0
35	148	169	170
35	149	157	158
35	150	146	147
35	151	72	73
35	152	116	117
35	153	0	0
35	154	0	0
35	155	128	129
35	156	146	147
35	157	166	167
35	158	162	163
35	159	148	149
35	160	141	142
35	161	136	137
35	162	180	181
35	163	0	0
35	164	141	142
35	165	112	113
35	166	0	0
35	167	178	179
35	168	148	149
35	169	0	0
35	170	0	0
35	171	148	149
35	172	57	173
35	173	199	200
35	174	136	137
35	175	141	142
35	176	57	173
35	177	157	158
35	178	0	0
35	179	0	0
35	180	0	0
35	181	0	0
35	182	166	167
35	183	153	154
35	184	180	181
35	185	169	170
35	186	166	167
35	187	157	158
35	188	178	179
35	189	146	147
35	190	166	167
35	191	162	163
35	192	178	179
35	193	157	158
35	194	57	173
35	195	153	154
35	196	178	179
35	197	172	198
35	198	0	0
35	199	0	0
35	200	0	0
