17	1	0	0
17	2	1	3
17	3	0	0
17	4	1	3
17	5	2	6
17	6	21	22
17	7	5	8
17	8	283	284
17	9	1	3
17	10	7	11
17	11	19	20
17	12	10	13
17	13	38	39
17	14	5	8
17	15	1	3
17	16	12	17
17	17	25	26
17	18	5	8
17	19	30	31
17	20	27	28
17	21	0	0
17	22	0	0
17	23	10	13
17	24	19	20
17	25	147	148
17	26	140	141
17	27	57	58
17	28	91	92
17	29	5	8
17	30	125	126
17	31	32	33
17	32	0	0
17	33	0	0
17	34	32	33
17	35	25	26
17	36	21	22
17	37	19	20
17	38	64	65
17	39	50	51
17	40	2	6
17	41	27	28
17	42	2	6
17	43	16	44
17	44	109	110
17	45	27	28
17	46	10	13
17	47	12	17
17	48	25	26
17	49	10	13
17	50	121	122
17	51	66	67
17	52	12	17
17	53	7	11
17	54	12	17
17	55	50	51
17	56	27	28
17	57	0	0
17	58	0	0
17	59	19	20
17	60	7	11
17	61	21	22
17	62	43	63
17	63	78	79
17	64	135	136
17	65	71	72
17	66	180	181
17	67	69	70
17	68	57	58
17	69	0	0
17	70	0	0
17	71	101	102
17	72	82	83
17	73	38	39
17	74	64	65
17	75	69	70
17	76	50	51
17	77	2	6
17	78	144	145
17	79	93	94
17	80	30	31
17	81	69	70
17	82	0	0
17	83	0	0
17	84	25	26
17	85	66	67
17	86	21	22
17	87	57	58
17	88	62	89
17	89	241	242
17	90	71	72
17	91	0	0
17	92	0	0
17	93	99	100
17	94	247	248
17	95	66	67
17	96	43	63
17	97	64	65
17	98	30	31
17	99	168	169
17	100	117	118
17	101	0	0
17	102	0	0
17	103	69	70
17	104	7	11
17	105	32	33
17	106	43	63
17	107	30	31
17	108	82	83
17	109	219	220
17	110	152	153
17	111	32	33
17	112	16	44
17	113	93	94
17	114	109	110
17	115	43	63
17	116	71	72
17	117	157	158
17	118	201	202
17	119	16	44
17	120	109	110
17	121	129	130
17	122	0	0
17	123	16	44
17	124	71	72
17	125	0	0
17	126	0	0
17	127	88	128
17	128	236	237
17	129	0	0
17	130	0	0
17	131	82	83
17	132	50	51
17	133	82	83
17	134	125	126
17	135	155	156
17	136	194	195
17	137	117	118
17	138	91	92
17	139	91	92
17	140	190	191
17	141	159	160
17	142	109	110
17	143	101	102
17	144	0	0
17	145	0	0
17	146	144	145
17	147	0	0
17	148	0	0
17	149	66	67
17	150	140	141
17	151	129	130
17	152	239	240
17	153	285	286
17	154	121	122
17	155	0	0
17	156	0	0
17	157	164	165
17	158	176	177
17	159	297	298
17	160	0	0
17	161	157	158
17	162	78	79
17	163	93	94
17	164	0	0
17	165	185	186
17	166	93	94
17	167	144	145
17	168	196	197
17	169	0	0
17	170	164	165
17	171	62	89
17	172	157	158
17	173	38	39
17	174	140	141
17	175	159	160
17	176	0	0
17	177	214	215
17	178	121	122
17	179	159	160
17	180	0	0
17	181	0	0
17	182	121	122
17	183	129	130
17	184	129	130
17	185	0	0
17	186	0	0
17	187	164	165
17	188	157	158
17	189	64	65
17	190	244	245
17	191	254	255
17	192	176	177
17	193	164	165
17	194	0	0
17	195	0	0
17	196	209	210
17	197	0	0
17	198	144	145
17	199	38	39
17	200	99	100
17	201	225	226
17	202	206	207
17	203	185	186
17	204	201	202
17	205	185	186
17	206	260	261
17	207	0	0
17	208	101	102
17	209	0	0
17	210	0	0
17	211	57	58
17	212	101	102
17	213	168	169
17	214	0	0
17	215	0	0
17	216	194	195
17	217	147	148
17	218	125	126
17	219	249	250
17	220	0	0
17	221	127	222
17	222	0	0
17	223	185	186
17	224	62	89
17	225	0	0
17	226	0	0
17	227	135	136
17	228	206	207
17	229	152	153
17	230	190	191
17	231	99	100
17	232	194	195
17	233	201	202
17	234	140	141
17	235	168	169
17	236	0	0
17	237	251	252
17	238	201	202
17	239	287	288
17	240	0	0
17	241	268	269
17	242	0	0
17	243	99	100
17	244	289	290
17	245	0	0
17	246	225	226
17	247	0	0
17	248	0	0
17	249	265	266
17	250	0	0
17	251	294	295
17	252	0	0
17	253	239	240
17	254	0	0
17	255	281	282
17	256	159	160
17	257	180	181
17	258	190	191
17	259	152	153
17	260	0	0
17	261	0	0
17	262	251	252
17	263	249	250
17	264	206	207
17	265	0	0
17	266	0	0
17	267	196	197
17	268	276	277
17	269	0	0
17	270	168	169
17	271	127	222
17	272	127	222
17	273	221	274
17	274	0	0
17	275	135	136
17	276	292	293
17	277	0	0
17	278	135	136
17	279	206	207
17	280	88	128
17	281	0	0
17	282	0	0
17	283	0	0
17	284	0	0
17	285	0	0
17	286	0	0
17	287	0	0
17	288	0	0
17	289	0	0
17	290	0	0
17	291	285	286
17	292	0	0
17	293	0	0
17	294	0	0
17	295	0	0
17	296	276	277
17	297	0	0
17	298	0	0
17	299	176	177
17	300	91	92
