2	1	0	0
2	2	1	3
2	3	0	0
2	4	1	3
2	5	1	3
2	6	1	3
2	7	2	8
2	8	84	85
2	9	7	10
2	10	20	21
2	11	7	10
2	12	9	13
2	13	27	28
2	14	7	10
2	15	2	8
2	16	2	8
2	17	9	13
2	18	7	10
2	19	2	8
2	20	60	61
2	21	41	42
2	22	12	23
2	23	25	26
2	24	20	21
2	25	65	66
2	26	32	33
2	27	34	35
2	28	43	44
2	29	20	21
2	30	20	21
2	31	9	13
2	32	68	69
2	33	90	91
2	34	88	89
2	35	71	72
2	36	12	23
2	37	27	28
2	38	25	26
2	39	12	23
2	40	32	33
2	41	0	0
2	42	0	0
2	43	47	48
2	44	54	55
2	45	25	26
2	46	27	28
2	47	0	0
2	48	0	0
2	49	34	35
2	50	34	35
2	51	47	48
2	52	9	13
2	53	34	35
2	54	0	0
2	55	0	0
2	56	43	44
2	57	47	48
2	58	32	33
2	59	12	23
2	60	0	0
2	61	0	0
2	62	25	26
2	63	41	42
2	64	27	28
2	65	82	83
2	66	149	150
2	67	60	61
2	68	77	78
2	69	125	126
2	70	68	69
2	71	0	0
2	72	0	0
2	73	41	42
2	74	43	44
2	75	47	48
2	76	41	42
2	77	0	0
2	78	0	0
2	79	77	78
2	80	32	33
2	81	60	61
2	82	211	212
2	83	120	121
2	84	0	0
2	85	0	0
2	86	77	78
2	87	77	78
2	88	0	0
2	89	0	0
2	90	98	99
2	91	100	101
2	92	84	85
2	93	68	69
2	94	90	91
2	95	71	72
2	96	65	66
2	97	71	72
2	98	0	0
2	99	0	0
2	100	0	0
2	101	0	0
2	102	60	61
2	103	71	72
2	104	68	69
2	105	54	55
2	106	43	44
2	107	90	91
2	108	65	66
2	109	88	89
2	110	22	111
2	111	127	128
2	112	90	91
2	113	98	99
2	114	100	101
2	115	84	85
2	116	22	111
2	117	98	99
2	118	22	111
2	119	82	83
2	120	0	0
2	121	0	0
2	122	84	85
2	123	65	66
2	124	54	55
2	125	0	0
2	126	0	0
2	127	132	133
2	128	192	193
2	129	54	55
2	130	22	111
2	131	98	99
2	132	134	135
2	133	164	165
2	134	184	185
2	135	136	137
2	136	220	221
2	137	145	146
2	138	125	126
2	139	100	101
2	140	136	137
2	141	88	89
2	142	132	133
2	143	120	121
2	144	120	121
2	145	0	0
2	146	0	0
2	147	88	89
2	148	125	126
2	149	177	178
2	150	170	171
2	151	120	121
2	152	127	128
2	153	134	135
2	154	125	126
2	155	145	146
2	156	136	137
2	157	110	158
2	158	174	175
2	159	145	146
2	160	110	158
2	161	136	137
2	162	145	146
2	163	82	83
2	164	222	223
2	165	172	173
2	166	100	101
2	167	164	165
2	168	132	133
2	169	82	83
2	170	0	0
2	171	0	0
2	172	213	214
2	173	229	230
2	174	198	199
2	175	186	187
2	176	170	171
2	177	0	0
2	178	0	0
2	179	127	128
2	180	110	158
2	181	177	178
2	182	134	135
2	183	132	133
2	184	0	0
2	185	215	216
2	186	232	233
2	187	209	210
2	188	127	128
2	189	177	178
2	190	170	171
2	191	149	150
2	192	279	280
2	193	0	0
2	194	157	195
2	195	235	236
2	196	157	195
2	197	192	193
2	198	0	0
2	199	225	226
2	200	177	178
2	201	194	202
2	202	238	239
2	203	192	193
2	204	134	135
2	205	110	158
2	206	149	150
2	207	172	173
2	208	149	150
2	209	296	297
2	210	275	276
2	211	0	0
2	212	0	0
2	213	0	0
2	214	0	0
2	215	0	0
2	216	0	0
2	217	164	165
2	218	211	212
2	219	186	187
2	220	0	0
2	221	0	0
2	222	227	228
2	223	283	284
2	224	211	212
2	225	267	268
2	226	0	0
2	227	0	0
2	228	0	0
2	229	0	0
2	230	0	0
2	231	157	195
2	232	0	0
2	233	0	0
2	234	227	228
2	235	0	0
2	236	0	0
2	237	192	193
2	238	244	245
2	239	253	254
2	240	229	230
2	241	225	226
2	242	198	199
2	243	184	185
2	244	0	0
2	245	272	273
2	246	222	223
2	247	227	228
2	248	244	245
2	249	222	223
2	250	244	245
2	251	209	210
2	252	213	214
2	253	257	258
2	254	0	0
2	255	164	165
2	256	194	202
2	257	0	0
2	258	0	0
2	259	184	185
2	260	213	214
2	261	215	216
2	262	174	175
2	263	244	245
2	264	186	187
2	265	172	173
2	266	220	221
2	267	0	0
2	268	0	0
2	269	220	221
2	270	253	254
2	271	215	216
2	272	290	291
2	273	293	294
2	274	186	187
2	275	0	0
2	276	0	0
2	277	172	173
2	278	225	226
2	279	0	0
2	280	0	0
2	281	209	210
2	282	157	195
2	283	0	0
2	284	0	0
2	285	227	228
2	286	267	268
2	287	211	212
2	288	225	226
2	289	213	214
2	290	0	0
2	291	0	0
2	292	290	291
2	293	0	0
2	294	0	0
2	295	198	199
2	296	0	0
2	297	0	0
2	298	238	239
2	299	296	297
2	300	209	210
