39	1	0	0
39	2	1	3
39	3	0	0
39	4	2	5
39	5	6	7
39	6	0	0
39	7	0	0
39	8	2	5
39	9	1	3
39	10	6	7
39	11	1	3
39	12	1	3
39	13	2	5
39	14	6	7
39	15	6	7
39	16	2	5
39	17	4	18
39	18	41	42
39	19	4	18
39	20	4	18
39	21	17	22
39	22	25	26
39	23	4	18
39	24	17	22
39	25	49	50
39	26	30	31
39	27	17	22
39	28	25	26
39	29	17	22
39	30	32	33
39	31	38	39
39	32	0	0
39	33	0	0
39	34	32	33
39	35	25	26
39	36	25	26
39	37	30	31
39	38	0	0
39	39	0	0
39	40	30	31
39	41	58	59
39	42	53	54
39	43	41	42
39	44	38	39
39	45	41	42
39	46	30	31
39	47	41	42
39	48	32	33
39	49	67	68
39	50	55	56
39	51	32	33
39	52	38	39
39	53	0	0
39	54	0	0
39	55	0	0
39	56	0	0
39	57	38	39
39	58	0	0
39	59	0	0
39	60	58	59
39	61	53	54
39	62	21	63
39	63	71	72
39	64	53	54
39	65	62	66
39	66	95	96
39	67	0	0
39	68	0	0
39	69	21	63
39	70	49	50
39	71	74	75
39	72	106	107
39	73	62	66
39	74	84	85
39	75	79	80
39	76	58	59
39	77	53	54
39	78	67	68
39	79	193	194
39	80	137	138
39	81	79	80
39	82	58	59
39	83	79	80
39	84	87	88
39	85	91	92
39	86	79	80
39	87	0	0
39	88	0	0
39	89	87	88
39	90	62	66
39	91	0	0
39	92	0	0
39	93	65	94
39	94	141	142
39	95	179	180
39	96	104	105
39	97	49	50
39	98	95	96
39	99	91	92
39	100	84	85
39	101	21	63
39	102	49	50
39	103	67	68
39	104	114	115
39	105	118	119
39	106	123	124
39	107	0	0
39	108	93	109
39	109	127	128
39	110	106	107
39	111	62	66
39	112	55	56
39	113	87	88
39	114	0	0
39	115	0	0
39	116	74	75
39	117	91	92
39	118	134	135
39	119	139	140
39	120	74	75
39	121	106	107
39	122	95	96
39	123	148	149
39	124	130	131
39	125	74	75
39	126	123	124
39	127	161	162
39	128	0	0
39	129	95	96
39	130	0	0
39	131	0	0
39	132	106	107
39	133	84	85
39	134	144	145
39	135	188	189
39	136	134	135
39	137	0	0
39	138	0	0
39	139	0	0
39	140	159	160
39	141	0	0
39	142	0	0
39	143	104	105
39	144	0	0
39	145	0	0
39	146	130	131
39	147	127	128
39	148	0	0
39	149	0	0
39	150	114	115
39	151	148	149
39	152	130	131
39	153	21	63
39	154	91	92
39	155	114	115
39	156	84	85
39	157	55	56
39	158	139	140
39	159	0	0
39	160	0	0
39	161	0	0
39	162	0	0
39	163	159	160
39	164	144	145
39	165	148	149
39	166	127	128
39	167	127	128
39	168	118	119
39	169	161	162
39	170	141	142
39	171	134	135
39	172	114	115
39	173	118	119
39	174	65	94
39	175	118	119
39	176	159	160
39	177	161	162
39	178	161	162
39	179	181	182
39	180	0	0
39	181	0	0
39	182	0	0
39	183	123	124
39	184	87	88
39	185	141	142
39	186	123	124
39	187	65	94
39	188	0	0
39	189	0	0
39	190	139	140
39	191	188	189
39	192	65	94
39	193	0	0
39	194	0	0
39	195	130	131
39	196	55	56
39	197	93	109
39	198	144	145
39	199	134	135
39	200	181	182
