17	1	0	0
17	2	1	3
17	3	0	0
17	4	2	5
17	5	8	9
17	6	1	3
17	7	2	5
17	8	0	0
17	9	0	0
17	10	8	9
17	11	4	12
17	12	19	20
17	13	4	12
17	14	2	5
17	15	1	3
17	16	8	9
17	17	4	12
17	18	1	3
17	19	21	22
17	20	32	33
17	21	0	0
17	22	0	0
17	23	21	22
17	24	8	9
17	25	4	12
17	26	19	20
17	27	11	28
17	28	29	30
17	29	40	41
17	30	47	48
17	31	2	5
17	32	0	0
17	33	0	0
17	34	19	20
17	35	27	36
17	36	49	50
17	37	21	22
17	38	29	30
17	39	32	33
17	40	44	45
17	41	58	59
17	42	40	41
17	43	29	30
17	44	0	0
17	45	0	0
17	46	11	28
17	47	120	121
17	48	67	68
17	49	54	55
17	50	183	184
17	51	47	48
17	52	49	50
17	53	32	33
17	54	65	66
17	55	70	71
17	56	49	50
17	57	19	20
17	58	0	0
17	59	0	0
17	60	27	36
17	61	32	33
17	62	35	63
17	63	178	179
17	64	21	22
17	65	111	112
17	66	277	278
17	67	0	0
17	68	0	0
17	69	67	68
17	70	87	88
17	71	82	83
17	72	67	68
17	73	70	71
17	74	49	50
17	75	40	41
17	76	70	71
17	77	67	68
17	78	58	59
17	79	62	80
17	80	89	90
17	81	65	66
17	82	0	0
17	83	0	0
17	84	44	45
17	85	40	41
17	86	11	28
17	87	0	0
17	88	0	0
17	89	117	118
17	90	0	0
17	91	62	80
17	92	27	36
17	93	54	55
17	94	62	80
17	95	47	48
17	96	89	90
17	97	35	63
17	98	65	66
17	99	62	80
17	100	87	88
17	101	79	102
17	102	103	104
17	103	151	152
17	104	125	126
17	105	87	88
17	106	65	66
17	107	27	36
17	108	58	59
17	109	89	90
17	110	103	104
17	111	0	0
17	112	0	0
17	113	29	30
17	114	111	112
17	115	54	55
17	116	79	102
17	117	129	130
17	118	127	128
17	119	87	88
17	120	0	0
17	121	0	0
17	122	111	112
17	123	117	118
17	124	79	102
17	125	167	168
17	126	161	162
17	127	219	220
17	128	221	222
17	129	132	133
17	130	153	154
17	131	89	90
17	132	144	145
17	133	332	333
17	134	129	130
17	135	54	55
17	136	132	133
17	137	70	71
17	138	111	112
17	139	82	83
17	140	47	48
17	141	117	118
17	142	11	28
17	143	120	121
17	144	439	440
17	145	155	156
17	146	82	83
17	147	44	45
17	148	144	145
17	149	35	63
17	150	125	126
17	151	486	487
17	152	0	0
17	153	190	191
17	154	174	175
17	155	0	0
17	156	0	0
17	157	117	118
17	158	35	63
17	159	125	126
17	160	44	45
17	161	171	172
17	162	216	217
17	163	161	162
17	164	127	128
17	165	82	83
17	166	151	152
17	167	279	280
17	168	188	189
17	169	153	154
17	170	161	162
17	171	229	230
17	172	181	182
17	173	161	162
17	174	176	177
17	175	494	495
17	176	0	0
17	177	0	0
17	178	265	266
17	179	305	306
17	180	125	126
17	181	261	262
17	182	213	214
17	183	204	205
17	184	267	268
17	185	176	177
17	186	58	59
17	187	151	152
17	188	199	200
17	189	233	234
17	190	368	369
17	191	206	207
17	192	103	104
17	193	103	104
17	194	101	195
17	195	327	328
17	196	167	168
17	197	155	156
17	198	171	172
17	199	338	339
17	200	312	313
17	201	153	154
17	202	178	179
17	203	144	145
17	204	271	272
17	205	489	490
17	206	0	0
17	207	0	0
17	208	129	130
17	209	174	175
17	210	144	145
17	211	155	156
17	212	181	182
17	213	0	0
17	214	244	245
17	215	188	189
17	216	273	274
17	217	0	0
17	218	206	207
17	219	241	242
17	220	334	335
17	221	236	237
17	222	251	252
17	223	206	207
17	224	194	225
17	225	0	0
17	226	120	121
17	227	221	222
17	228	181	182
17	229	356	357
17	230	422	423
17	231	183	184
17	232	153	154
17	233	0	0
17	234	465	466
17	235	120	121
17	236	287	288
17	237	479	480
17	238	236	237
17	239	216	217
17	240	181	182
17	241	416	417
17	242	258	259
17	243	178	179
17	244	0	0
17	245	0	0
17	246	174	175
17	247	206	207
17	248	221	222
17	249	174	175
17	250	151	152
17	251	447	448
17	252	452	453
17	253	236	237
17	254	204	205
17	255	127	128
17	256	199	200
17	257	171	172
17	258	0	0
17	259	0	0
17	260	167	168
17	261	0	0
17	262	0	0
17	263	251	252
17	264	183	184
17	265	285	286
17	266	384	385
17	267	300	301
17	268	289	290
17	269	132	133
17	270	204	205
17	271	0	0
17	272	0	0
17	273	320	321
17	274	360	361
17	275	273	274
17	276	167	168
17	277	0	0
17	278	0	0
17	279	336	337
17	280	352	353
17	281	244	245
17	282	277	278
17	283	219	220
17	284	213	214
17	285	364	365
17	286	294	295
17	287	0	0
17	288	0	0
17	289	0	0
17	290	0	0
17	291	155	156
17	292	132	133
17	293	188	189
17	294	318	319
17	295	297	298
17	296	127	128
17	297	0	0
17	298	0	0
17	299	273	274
17	300	0	0
17	301	0	0
17	302	287	288
17	303	194	225
17	304	273	274
17	305	472	473
17	306	469	470
17	307	171	172
17	308	194	225
17	309	101	195
17	310	188	189
17	311	265	266
17	312	341	342
17	313	391	392
17	314	294	295
17	315	216	217
17	316	236	237
17	317	305	306
17	318	0	0
17	319	0	0
17	320	370	371
17	321	0	0
17	322	233	234
17	323	267	268
17	324	221	222
17	325	229	230
17	326	279	280
17	327	389	390
17	328	407	408
17	329	190	191
17	330	305	306
17	331	279	280
17	332	396	397
17	333	0	0
17	334	374	375
17	335	345	346
17	336	484	485
17	337	409	410
17	338	403	404
17	339	0	0
17	340	318	319
17	341	0	0
17	342	0	0
17	343	241	242
17	344	219	220
17	345	0	0
17	346	0	0
17	347	241	242
17	348	338	339
17	349	190	191
17	350	297	298
17	351	345	346
17	352	435	436
17	353	0	0
17	354	300	301
17	355	194	225
17	356	0	0
17	357	0	0
17	358	213	214
17	359	327	328
17	360	433	434
17	361	0	0
17	362	334	335
17	363	294	295
17	364	0	0
17	365	393	394
17	366	300	301
17	367	360	361
17	368	0	0
17	369	0	0
17	370	0	0
17	371	0	0
17	372	336	337
17	373	327	328
17	374	0	0
17	375	0	0
17	376	101	195
17	377	101	195
17	378	213	214
17	379	261	262
17	380	204	205
17	381	190	191
17	382	178	179
17	383	265	266
17	384	0	0
17	385	0	0
17	386	258	259
17	387	233	234
17	388	364	365
17	389	0	0
17	390	0	0
17	391	0	0
17	392	0	0
17	393	0	0
17	394	0	0
17	395	338	339
17	396	0	0
17	397	0	0
17	398	334	335
17	399	391	392
17	400	271	272
17	401	244	245
17	402	305	306
17	403	0	0
17	404	0	0
17	405	294	295
17	406	320	321
17	407	0	0
17	408	431	432
17	409	412	413
17	410	462	463
17	411	403	404
17	412	0	0
17	413	0	0
17	414	374	375
17	415	318	319
17	416	0	0
17	417	0	0
17	418	356	357
17	419	129	130
17	420	312	313
17	421	285	286
17	422	0	0
17	423	0	0
17	424	267	268
17	425	277	278
17	426	352	353
17	427	356	357
17	428	416	417
17	429	336	337
17	430	277	278
17	431	0	0
17	432	0	0
17	433	0	0
17	434	0	0
17	435	0	0
17	436	0	0
17	437	233	234
17	438	341	342
17	439	0	0
17	440	0	0
17	441	251	252
17	442	433	434
17	443	229	230
17	444	391	392
17	445	416	417
17	446	219	220
17	447	0	0
17	448	0	0
17	449	267	268
17	450	431	432
17	451	412	413
17	452	0	0
17	453	0	0
17	454	327	328
17	455	384	385
17	456	251	252
17	457	431	432
17	458	391	392
17	459	338	339
17	460	244	245
17	461	287	288
17	462	0	0
17	463	0	0
17	464	332	333
17	465	0	0
17	466	0	0
17	467	409	410
17	468	297	298
17	469	0	0
17	470	0	0
17	471	241	242
17	472	0	0
17	473	476	477
17	474	368	369
17	475	356	357
17	476	0	0
17	477	0	0
17	478	393	394
17	479	0	0
17	480	0	0
17	481	422	423
17	482	384	385
17	483	433	434
17	484	0	0
17	485	0	0
17	486	0	0
17	487	0	0
17	488	433	434
17	489	0	0
17	490	0	0
17	491	368	369
17	492	469	470
17	493	318	319
17	494	0	0
17	495	0	0
17	496	300	301
17	497	393	394
17	498	393	394
17	499	479	480
17	500	312	313
