19	1	0	0
19	2	1	3
19	3	0	0
19	4	1	3
19	5	1	3
19	6	1	3
19	7	2	8
19	8	16	17
19	9	2	8
19	10	7	11
19	11	28	29
19	12	7	11
19	13	7	11
19	14	10	15
19	15	34	35
19	16	0	0
19	17	0	0
19	18	7	11
19	19	10	15
19	20	2	8
19	21	2	8
19	22	14	23
19	23	87	88
19	24	14	23
19	25	14	23
19	26	22	27
19	27	31	32
19	28	70	71
19	29	82	83
19	30	22	27
19	31	56	57
19	32	61	62
19	33	10	15
19	34	38	39
19	35	59	60
19	36	22	27
19	37	34	35
19	38	53	54
19	39	43	44
19	40	28	29
19	41	14	23
19	42	31	32
19	43	0	0
19	44	0	0
19	45	38	39
19	46	16	17
19	47	28	29
19	48	34	35
19	49	38	39
19	50	28	29
19	51	34	35
19	52	16	17
19	53	0	0
19	54	0	0
19	55	43	44
19	56	68	69
19	57	76	77
19	58	16	17
19	59	74	75
19	60	63	64
19	61	115	116
19	62	120	121
19	63	0	0
19	64	0	0
19	65	61	62
19	66	56	57
19	67	22	27
19	68	104	105
19	69	85	86
19	70	0	0
19	71	0	0
19	72	56	57
19	73	68	69
19	74	0	0
19	75	0	0
19	76	112	113
19	77	138	139
19	78	53	54
19	79	61	62
19	80	43	44
19	81	68	69
19	82	0	0
19	83	0	0
19	84	68	69
19	85	0	0
19	86	143	144
19	87	136	137
19	88	91	92
19	89	10	15
19	90	38	39
19	91	151	152
19	92	101	102
19	93	31	32
19	94	70	71
19	95	70	71
19	96	74	75
19	97	87	88
19	98	91	92
19	99	61	62
19	100	74	75
19	101	0	0
19	102	110	111
19	103	82	83
19	104	181	182
19	105	133	134
19	106	85	86
19	107	91	92
19	108	70	71
19	109	43	44
19	110	0	0
19	111	0	0
19	112	166	167
19	113	149	150
19	114	112	113
19	115	124	125
19	116	0	0
19	117	104	105
19	118	91	92
19	119	74	75
19	120	172	173
19	121	0	0
19	122	115	116
19	123	59	60
19	124	169	170
19	125	126	127
19	126	0	0
19	127	0	0
19	128	115	116
19	129	87	88
19	130	126	127
19	131	104	105
19	132	59	60
19	133	0	0
19	134	0	0
19	135	82	83
19	136	0	0
19	137	160	161
19	138	0	0
19	139	0	0
19	140	126	127
19	141	82	83
19	142	31	32
19	143	0	0
19	144	0	0
19	145	87	88
19	146	59	60
19	147	101	102
19	148	110	111
19	149	0	0
19	150	0	0
19	151	186	187
19	152	0	0
19	153	133	134
19	154	76	77
19	155	133	134
19	156	138	139
19	157	104	105
19	158	143	144
19	159	85	86
19	160	0	0
19	161	0	0
19	162	110	111
19	163	126	127
19	164	53	54
19	165	124	125
19	166	0	0
19	167	0	0
19	168	76	77
19	169	0	0
19	170	0	0
19	171	53	54
19	172	188	189
19	173	0	0
19	174	166	167
19	175	133	134
19	176	136	137
19	177	160	161
19	178	115	116
19	179	136	137
19	180	101	102
19	181	0	0
19	182	0	0
19	183	110	111
19	184	160	161
19	185	136	137
19	186	0	0
19	187	0	0
19	188	0	0
19	189	0	0
19	190	56	57
19	191	101	102
19	192	143	144
19	193	143	144
19	194	169	170
19	195	169	170
19	196	63	64
19	197	120	121
19	198	188	189
19	199	85	86
19	200	169	170
