29	1	0	0
29	2	1	3
29	3	0	0
29	4	2	5
29	5	14	15
29	6	4	7
29	7	8	9
29	8	10	11
29	9	37	38
29	10	0	0
29	11	0	0
29	12	10	11
29	13	4	7
29	14	0	0
29	15	0	0
29	16	8	9
29	17	4	7
29	18	14	15
29	19	10	11
29	20	6	21
29	21	26	27
29	22	6	21
29	23	14	15
29	24	1	3
29	25	1	3
29	26	31	32
29	27	0	0
29	28	4	7
29	29	1	3
29	30	8	9
29	31	0	0
29	32	40	41
29	33	2	5
29	34	6	21
29	35	20	36
29	36	42	43
29	37	0	0
29	38	0	0
29	39	2	5
29	40	0	0
29	41	0	0
29	42	0	0
29	43	46	47
29	44	10	11
29	45	14	15
29	46	0	0
29	47	0	0
29	48	6	21
29	49	46	47
29	50	46	47
