19	1	0	0
19	2	1	3
19	3	0	0
19	4	1	3
19	5	2	6
19	6	21	22
19	7	1	3
19	8	5	9
19	9	25	26
19	10	2	6
19	11	5	9
19	12	2	6
19	13	2	6
19	14	5	9
19	15	1	3
19	16	5	9
19	17	8	18
19	18	19	20
19	19	23	24
19	20	47	48
19	21	0	0
19	22	0	0
19	23	90	91
19	24	28	29
19	25	68	69
19	26	44	45
19	27	19	20
19	28	0	0
19	29	0	0
19	30	8	18
19	31	17	32
19	32	87	88
19	33	25	26
19	34	17	32
19	35	8	18
19	36	28	29
19	37	19	20
19	38	21	22
19	39	21	22
19	40	25	26
19	41	23	24
19	42	25	26
19	43	17	32
19	44	0	0
19	45	0	0
19	46	8	18
19	47	64	65
19	48	74	75
19	49	47	48
19	50	17	32
19	51	23	24
19	52	23	24
19	53	31	54
19	54	57	58
19	55	44	45
19	56	44	45
19	57	66	67
19	58	83	84
19	59	31	54
19	60	57	58
19	61	57	58
19	62	19	20
19	63	21	22
19	64	0	0
19	65	0	0
19	66	71	72
19	67	96	97
19	68	0	0
19	69	0	0
19	70	57	58
19	71	0	0
19	72	85	86
19	73	44	45
19	74	0	0
19	75	0	0
19	76	53	77
19	77	0	0
19	78	74	75
19	79	74	75
19	80	66	67
19	81	64	65
19	82	74	75
19	83	99	100
19	84	0	0
19	85	0	0
19	86	0	0
19	87	92	93
19	88	0	0
19	89	66	67
19	90	0	0
19	91	0	0
19	92	0	0
19	93	0	0
19	94	92	93
19	95	71	72
19	96	0	0
19	97	0	0
19	98	31	54
19	99	0	0
19	100	0	0
