34	1	0	0
34	2	1	3
34	3	0	0
34	4	1	3
34	5	1	3
34	6	2	7
34	7	24	25
34	8	6	9
34	9	32	33
34	10	2	7
34	11	8	12
34	12	37	38
34	13	6	9
34	14	11	15
34	15	55	56
34	16	8	12
34	17	8	12
34	18	6	9
34	19	11	15
34	20	8	12
34	21	11	15
34	22	6	9
34	23	2	7
34	24	0	0
34	25	0	0
34	26	24	25
34	27	11	15
34	28	24	25
34	29	24	25
34	30	2	7
34	31	1	3
34	32	49	50
34	33	41	42
34	34	32	33
34	35	14	36
34	36	90	91
34	37	44	45
34	38	53	54
34	39	14	36
34	40	37	38
34	41	0	0
34	42	0	0
34	43	32	33
34	44	0	0
34	45	0	0
34	46	37	38
34	47	14	36
34	48	14	36
34	49	0	0
34	50	0	0
34	51	32	33
34	52	37	38
34	53	63	64
34	54	60	61
34	55	82	83
34	56	0	0
34	57	49	50
34	58	41	42
34	59	44	45
34	60	0	0
34	61	0	0
34	62	49	50
34	63	0	0
34	64	0	0
34	65	35	66
34	66	69	70
34	67	60	61
34	68	35	66
34	69	79	80
34	70	0	0
34	71	65	72
34	72	76	77
34	73	44	45
34	74	69	70
34	75	65	72
34	76	0	0
34	77	0	0
34	78	65	72
34	79	93	94
34	80	0	0
34	81	79	80
34	82	0	0
34	83	0	0
34	84	53	54
34	85	41	42
34	86	35	66
34	87	41	42
34	88	55	56
34	89	82	83
34	90	95	96
34	91	0	0
34	92	55	56
34	93	0	0
34	94	0	0
34	95	0	0
34	96	97	98
34	97	0	0
34	98	0	0
34	99	63	64
34	100	44	45
