9	1	0	0
9	2	1	3
9	3	0	0
9	4	1	3
9	5	1	3
9	6	1	3
9	7	2	8
9	8	41	42
9	9	2	8
9	10	2	8
9	11	2	8
9	12	7	13
9	13	14	15
9	14	21	22
9	15	16	17
9	16	0	0
9	17	0	0
9	18	12	19
9	19	26	27
9	20	14	15
9	21	0	0
9	22	0	0
9	23	16	17
9	24	7	13
9	25	7	13
9	26	36	37
9	27	34	35
9	28	16	17
9	29	26	27
9	30	7	13
9	31	26	27
9	32	14	15
9	33	26	27
9	34	45	46
9	35	123	124
9	36	47	48
9	37	55	56
9	38	36	37
9	39	16	17
9	40	36	37
9	41	0	0
9	42	0	0
9	43	36	37
9	44	41	42
9	45	0	0
9	46	0	0
9	47	0	0
9	48	0	0
9	49	34	35
9	50	47	48
9	51	12	19
9	52	14	15
9	53	21	22
9	54	41	42
9	55	0	0
9	56	0	0
9	57	12	19
9	58	45	46
9	59	12	19
9	60	21	22
9	61	21	22
9	62	45	46
9	63	34	35
9	64	18	65
9	65	73	74
9	66	55	56
9	67	45	46
9	68	47	48
9	69	55	56
9	70	55	56
9	71	18	65
9	72	41	42
9	73	82	83
9	74	77	78
9	75	64	76
9	76	103	104
9	77	139	140
9	78	114	115
9	79	64	76
9	80	73	74
9	81	64	76
9	82	84	85
9	83	109	110
9	84	94	95
9	85	86	87
9	86	0	0
9	87	0	0
9	88	75	89
9	89	91	92
9	90	82	83
9	91	99	100
9	92	112	113
9	93	73	74
9	94	0	0
9	95	0	0
9	96	47	48
9	97	75	89
9	98	73	74
9	99	131	132
9	100	118	119
9	101	91	92
9	102	94	95
9	103	129	130
9	104	0	0
9	105	64	76
9	106	94	95
9	107	91	92
9	108	103	104
9	109	146	147
9	110	0	0
9	111	109	110
9	112	0	0
9	113	162	163
9	114	126	127
9	115	143	144
9	116	84	85
9	117	34	35
9	118	151	152
9	119	136	137
9	120	84	85
9	121	86	87
9	122	82	83
9	123	0	0
9	124	0	0
9	125	99	100
9	126	0	0
9	127	0	0
9	128	18	65
9	129	160	161
9	130	0	0
9	131	155	156
9	132	133	134
9	133	0	0
9	134	192	193
9	135	103	104
9	136	0	0
9	137	149	150
9	138	75	89
9	139	0	0
9	140	178	179
9	141	82	83
9	142	131	132
9	143	0	0
9	144	0	0
9	145	129	130
9	146	0	0
9	147	0	0
9	148	123	124
9	149	0	0
9	150	167	168
9	151	164	165
9	152	0	0
9	153	133	134
9	154	129	130
9	155	188	189
9	156	0	0
9	157	126	127
9	158	94	95
9	159	126	127
9	160	169	170
9	161	176	177
9	162	173	174
9	163	0	0
9	164	185	186
9	165	0	0
9	166	131	132
9	167	0	0
9	168	0	0
9	169	0	0
9	170	0	0
9	171	114	115
9	172	131	132
9	173	180	181
9	174	0	0
9	175	75	89
9	176	0	0
9	177	0	0
9	178	0	0
9	179	0	0
9	180	0	0
9	181	0	0
9	182	151	152
9	183	151	152
9	184	167	168
9	185	0	0
9	186	0	0
9	187	84	85
9	188	0	0
9	189	190	191
9	190	0	0
9	191	0	0
9	192	0	0
9	193	0	0
9	194	118	119
9	195	160	161
9	196	118	119
9	197	126	127
9	198	190	191
9	199	192	193
9	200	180	181
