39	1	0	0
39	2	1	3
39	3	0	0
39	4	1	3
39	5	2	6
39	6	17	18
39	7	5	8
39	8	20	21
39	9	2	6
39	10	5	8
39	11	5	8
39	12	2	6
39	13	1	3
39	14	1	3
39	15	5	8
39	16	2	6
39	17	0	0
39	18	0	0
39	19	17	18
39	20	25	26
39	21	23	24
39	22	17	18
39	23	0	0
39	24	0	0
39	25	0	0
39	26	0	0
39	27	20	21
39	28	17	18
39	29	23	24
39	30	23	24
39	31	23	24
39	32	25	26
39	33	25	26
39	34	25	26
39	35	7	36
39	36	42	43
39	37	7	36
39	38	7	36
39	39	20	21
39	40	20	21
39	41	7	36
39	42	54	55
39	43	44	45
39	44	46	47
39	45	82	83
39	46	0	0
39	47	0	0
39	48	42	43
39	49	42	43
39	50	46	47
39	51	46	47
39	52	46	47
39	53	44	45
39	54	90	91
39	55	62	63
39	56	54	55
39	57	35	58
39	58	65	66
39	59	44	45
39	60	44	45
39	61	42	43
39	62	0	0
39	63	0	0
39	64	62	63
39	65	93	94
39	66	74	75
39	67	35	58
39	68	57	69
39	69	88	89
39	70	54	55
39	71	57	69
39	72	57	69
39	73	35	58
39	74	78	79
39	75	111	112
39	76	65	66
39	77	62	63
39	78	127	128
39	79	84	85
39	80	74	75
39	81	54	55
39	82	0	0
39	83	0	0
39	84	0	0
39	85	0	0
39	86	82	83
39	87	78	79
39	88	107	108
39	89	99	100
39	90	0	0
39	91	0	0
39	92	90	91
39	93	164	165
39	94	144	145
39	95	68	96
39	96	130	131
39	97	88	89
39	98	90	91
39	99	188	189
39	100	121	122
39	101	93	94
39	102	82	83
39	103	93	94
39	104	84	85
39	105	82	83
39	106	99	100
39	107	162	163
39	108	220	221
39	109	68	96
39	110	35	58
39	111	247	248
39	112	134	135
39	113	74	75
39	114	93	94
39	115	90	91
39	116	62	63
39	117	88	89
39	118	78	79
39	119	78	79
39	120	99	100
39	121	186	187
39	122	171	172
39	123	84	85
39	124	74	75
39	125	65	66
39	126	57	69
39	127	0	0
39	128	0	0
39	129	127	128
39	130	137	138
39	131	193	194
39	132	68	96
39	133	121	122
39	134	0	0
39	135	0	0
39	136	107	108
39	137	210	211
39	138	152	153
39	139	68	96
39	140	121	122
39	141	127	128
39	142	137	138
39	143	107	108
39	144	177	178
39	145	146	147
39	146	0	0
39	147	0	0
39	148	84	85
39	149	111	112
39	150	137	138
39	151	137	138
39	152	0	0
39	153	160	161
39	154	144	145
39	155	152	153
39	156	107	108
39	157	88	89
39	158	99	100
39	159	144	145
39	160	197	198
39	161	173	174
39	162	175	176
39	163	167	168
39	164	226	227
39	165	0	0
39	166	65	66
39	167	181	182
39	168	288	289
39	169	127	128
39	170	146	147
39	171	232	233
39	172	0	0
39	173	207	208
39	174	265	266
39	175	200	201
39	176	212	213
39	177	0	0
39	178	0	0
39	179	173	174
39	180	162	163
39	181	0	0
39	182	0	0
39	183	173	174
39	184	160	161
39	185	171	172
39	186	195	196
39	187	0	0
39	188	0	0
39	189	229	230
39	190	121	122
39	191	144	145
39	192	162	163
39	193	216	217
39	194	0	0
39	195	0	0
39	196	0	0
39	197	205	206
39	198	268	269
39	199	171	172
39	200	0	0
39	201	0	0
39	202	146	147
39	203	193	194
39	204	146	147
39	205	0	0
39	206	0	0
39	207	0	0
39	208	0	0
39	209	175	176
39	210	244	245
39	211	0	0
39	212	0	0
39	213	0	0
39	214	160	161
39	215	212	213
39	216	0	0
39	217	239	240
39	218	210	211
39	219	216	217
39	220	241	242
39	221	249	250
39	222	95	223
39	223	251	252
39	224	205	206
39	225	95	223
39	226	0	0
39	227	0	0
39	228	111	112
39	229	0	0
39	230	0	0
39	231	111	112
39	232	0	0
39	233	0	0
39	234	152	153
39	235	210	211
39	236	164	165
39	237	226	227
39	238	229	230
39	239	295	296
39	240	0	0
39	241	0	0
39	242	0	0
39	243	164	165
39	244	271	272
39	245	0	0
39	246	216	217
39	247	0	0
39	248	0	0
39	249	0	0
39	250	0	0
39	251	0	0
39	252	263	264
39	253	239	240
39	254	205	206
39	255	186	187
39	256	162	163
39	257	167	168
39	258	241	242
39	259	226	227
39	260	212	213
39	261	173	174
39	262	193	194
39	263	0	0
39	264	276	277
39	265	0	0
39	266	0	0
39	267	232	233
39	268	0	0
39	269	0	0
39	270	167	168
39	271	0	0
39	272	0	0
39	273	134	135
39	274	229	230
39	275	239	240
39	276	0	0
39	277	0	0
39	278	152	153
39	279	167	168
39	280	222	281
39	281	0	0
39	282	244	245
39	283	210	211
39	284	263	264
39	285	222	281
39	286	241	242
39	287	216	217
39	288	0	0
39	289	0	0
39	290	226	227
39	291	177	178
39	292	271	272
39	293	241	242
39	294	160	161
39	295	0	0
39	296	0	0
39	297	195	196
39	298	212	213
39	299	188	189
39	300	0	0
