21	1	0	0
21	2	1	3
21	3	0	0
21	4	1	3
21	5	2	6
21	6	35	36
21	7	1	3
21	8	2	6
21	9	2	6
21	10	2	6
21	11	5	12
21	12	13	14
21	13	16	17
21	14	19	20
21	15	5	12
21	16	0	0
21	17	0	0
21	18	13	14
21	19	0	0
21	20	0	0
21	21	5	12
21	22	5	12
21	23	11	24
21	24	25	26
21	25	33	34
21	26	37	38
21	27	19	20
21	28	16	17
21	29	19	20
21	30	1	3
21	31	19	20
21	32	11	24
21	33	50	51
21	34	54	55
21	35	0	0
21	36	0	0
21	37	59	60
21	38	56	57
21	39	35	36
21	40	11	24
21	41	25	26
21	42	16	17
21	43	35	36
21	44	37	38
21	45	37	38
21	46	35	36
21	47	11	24
21	48	25	26
21	49	25	26
21	50	0	0
21	51	0	0
21	52	37	38
21	53	33	34
21	54	0	0
21	55	0	0
21	56	0	0
21	57	0	0
21	58	33	34
21	59	0	0
21	60	0	0
21	61	59	60
21	62	56	57
21	63	16	17
21	64	33	34
21	65	59	60
21	66	59	60
21	67	56	57
21	68	56	57
21	69	54	55
21	70	54	55
21	71	50	51
21	72	23	73
21	73	76	77
21	74	13	14
21	75	13	14
21	76	85	86
21	77	83	84
21	78	54	55
21	79	50	51
21	80	50	51
21	81	23	73
21	82	76	77
21	83	105	106
21	84	140	141
21	85	314	315
21	86	93	94
21	87	85	86
21	88	23	73
21	89	76	77
21	90	23	73
21	91	76	77
21	92	83	84
21	93	117	118
21	94	96	97
21	95	93	94
21	96	0	0
21	97	0	0
21	98	85	86
21	99	93	94
21	100	93	94
21	101	85	86
21	102	72	103
21	103	114	115
21	104	72	103
21	105	120	121
21	106	111	112
21	107	72	103
21	108	105	106
21	109	83	84
21	110	72	103
21	111	0	0
21	112	0	0
21	113	105	106
21	114	123	124
21	115	155	156
21	116	114	115
21	117	0	0
21	118	0	0
21	119	105	106
21	120	0	0
21	121	0	0
21	122	83	84
21	123	152	153
21	124	181	182
21	125	114	115
21	126	102	127
21	127	128	129
21	128	137	138
21	129	255	256
21	130	120	121
21	131	120	121
21	132	102	127
21	133	111	112
21	134	102	127
21	135	96	97
21	136	114	115
21	137	213	214
21	138	203	204
21	139	128	129
21	140	195	196
21	141	294	295
21	142	137	138
21	143	128	129
21	144	102	127
21	145	120	121
21	146	126	147
21	147	148	149
21	148	183	184
21	149	219	220
21	150	137	138
21	151	123	124
21	152	286	287
21	153	249	250
21	154	123	124
21	155	172	173
21	156	175	176
21	157	117	118
21	158	117	118
21	159	111	112
21	160	152	153
21	161	128	129
21	162	152	153
21	163	152	153
21	164	140	141
21	165	155	156
21	166	140	141
21	167	137	138
21	168	96	97
21	169	140	141
21	170	126	147
21	171	117	118
21	172	0	0
21	173	185	186
21	174	126	147
21	175	338	339
21	176	234	235
21	177	146	178
21	178	279	280
21	179	177	180
21	180	222	223
21	181	312	313
21	182	317	318
21	183	199	200
21	184	331	332
21	185	205	206
21	186	228	229
21	187	181	182
21	188	155	156
21	189	181	182
21	190	179	191
21	191	226	227
21	192	179	191
21	193	172	173
21	194	183	184
21	195	0	0
21	196	0	0
21	197	123	124
21	198	175	176
21	199	491	492
21	200	207	208
21	201	96	97
21	202	185	186
21	203	230	231
21	204	209	210
21	205	0	0
21	206	0	0
21	207	238	239
21	208	265	266
21	209	271	272
21	210	217	218
21	211	155	156
21	212	175	176
21	213	0	0
21	214	257	258
21	215	199	200
21	216	203	204
21	217	462	463
21	218	253	254
21	219	290	291
21	220	269	270
21	221	209	210
21	222	0	0
21	223	0	0
21	224	181	182
21	225	195	196
21	226	443	444
21	227	275	276
21	228	0	0
21	229	0	0
21	230	246	247
21	231	0	0
21	232	195	196
21	233	146	178
21	234	241	242
21	235	299	300
21	236	217	218
21	237	175	176
21	238	320	321
21	239	453	454
21	240	207	208
21	241	0	0
21	242	0	0
21	243	183	184
21	244	207	208
21	245	183	184
21	246	0	0
21	247	277	278
21	248	111	112
21	249	284	285
21	250	495	496
21	251	207	208
21	252	203	204
21	253	0	0
21	254	0	0
21	255	0	0
21	256	343	344
21	257	370	371
21	258	0	0
21	259	209	210
21	260	146	178
21	261	226	227
21	262	185	186
21	263	179	191
21	264	253	254
21	265	0	0
21	266	353	354
21	267	238	239
21	268	253	254
21	269	399	400
21	270	301	302
21	271	387	388
21	272	0	0
21	273	209	210
21	274	213	214
21	275	0	0
21	276	288	289
21	277	0	0
21	278	0	0
21	279	391	392
21	280	429	430
21	281	146	178
21	282	265	266
21	283	238	239
21	284	0	0
21	285	0	0
21	286	423	424
21	287	471	472
21	288	433	434
21	289	487	488
21	290	0	0
21	291	446	447
21	292	219	220
21	293	195	196
21	294	0	0
21	295	0	0
21	296	179	191
21	297	288	289
21	298	148	149
21	299	0	0
21	300	0	0
21	301	359	360
21	302	480	481
21	303	271	272
21	304	301	302
21	305	213	214
21	306	177	180
21	307	257	258
21	308	213	214
21	309	238	239
21	310	265	266
21	311	148	149
21	312	0	0
21	313	403	404
21	314	329	330
21	315	0	0
21	316	177	180
21	317	335	336
21	318	0	0
21	319	219	220
21	320	0	0
21	321	416	417
21	322	284	285
21	323	205	206
21	324	226	227
21	325	219	220
21	326	294	295
21	327	314	315
21	328	284	285
21	329	0	0
21	330	0	0
21	331	345	346
21	332	450	451
21	333	301	302
21	334	249	250
21	335	0	0
21	336	0	0
21	337	275	276
21	338	0	0
21	339	0	0
21	340	284	285
21	341	241	242
21	342	301	302
21	343	0	0
21	344	0	0
21	345	411	412
21	346	0	0
21	347	205	206
21	348	286	287
21	349	203	204
21	350	249	250
21	351	271	272
21	352	230	231
21	353	0	0
21	354	363	364
21	355	353	354
21	356	290	291
21	357	230	231
21	358	290	291
21	359	0	0
21	360	389	390
21	361	241	242
21	362	288	289
21	363	0	0
21	364	0	0
21	365	253	254
21	366	257	258
21	367	230	231
21	368	205	206
21	369	222	223
21	370	0	0
21	371	0	0
21	372	269	270
21	373	294	295
21	374	331	332
21	375	345	346
21	376	288	289
21	377	329	330
21	378	234	235
21	379	294	295
21	380	338	339
21	381	286	287
21	382	320	321
21	383	257	258
21	384	228	229
21	385	335	336
21	386	217	218
21	387	0	0
21	388	0	0
21	389	395	396
21	390	420	421
21	391	0	0
21	392	413	414
21	393	317	318
21	394	265	266
21	395	0	0
21	396	0	0
21	397	331	332
21	398	335	336
21	399	436	437
21	400	0	0
21	401	228	229
21	402	249	250
21	403	0	0
21	404	0	0
21	405	343	344
21	406	353	354
21	407	275	276
21	408	338	339
21	409	290	291
21	410	277	278
21	411	0	0
21	412	425	426
21	413	0	0
21	414	0	0
21	415	126	147
21	416	0	0
21	417	0	0
21	418	391	392
21	419	353	354
21	420	0	0
21	421	0	0
21	422	277	278
21	423	0	0
21	424	0	0
21	425	438	439
21	426	485	486
21	427	370	371
21	428	411	412
21	429	0	0
21	430	0	0
21	431	271	272
21	432	277	278
21	433	0	0
21	434	0	0
21	435	228	229
21	436	0	0
21	437	0	0
21	438	0	0
21	439	0	0
21	440	338	339
21	441	363	364
21	442	317	318
21	443	0	0
21	444	0	0
21	445	438	439
21	446	0	0
21	447	465	466
21	448	317	318
21	449	269	270
21	450	0	0
21	451	0	0
21	452	387	388
21	453	0	0
21	454	455	456
21	455	0	0
21	456	0	0
21	457	234	235
21	458	331	332
21	459	345	346
21	460	438	439
21	461	433	434
21	462	0	0
21	463	0	0
21	464	423	424
21	465	0	0
21	466	0	0
21	467	363	364
21	468	389	390
21	469	389	390
21	470	199	200
21	471	0	0
21	472	0	0
21	473	453	454
21	474	387	388
21	475	320	321
21	476	363	364
21	477	411	412
21	478	279	280
21	479	389	390
21	480	482	483
21	481	0	0
21	482	0	0
21	483	0	0
21	484	391	392
21	485	0	0
21	486	0	0
21	487	0	0
21	488	0	0
21	489	399	400
21	490	433	434
21	491	0	0
21	492	499	500
21	493	246	247
21	494	335	336
21	495	0	0
21	496	0	0
21	497	222	223
21	498	246	247
21	499	0	0
21	500	0	0
