5	1	0	0
5	2	1	3
5	3	0	0
5	4	2	5
5	5	12	13
5	6	1	3
5	7	2	5
5	8	2	5
5	9	1	3
5	10	1	3
5	11	2	5
5	12	0	0
5	13	0	0
5	14	4	15
5	15	21	22
5	16	12	13
5	17	12	13
5	18	12	13
5	19	4	15
5	20	4	15
5	21	24	25
5	22	28	29
5	23	4	15
5	24	0	0
5	25	0	0
5	26	24	25
5	27	21	22
5	28	0	0
5	29	0	0
5	30	28	29
5	31	21	22
5	32	21	22
5	33	14	34
5	34	74	75
5	35	24	25
5	36	24	25
5	37	14	34
5	38	28	29
5	39	33	40
5	40	46	47
5	41	28	29
5	42	14	34
5	43	14	34
5	44	33	40
5	45	33	40
5	46	58	59
5	47	52	53
5	48	33	40
5	49	46	47
5	50	39	51
5	51	60	61
5	52	56	57
5	53	78	79
5	54	46	47
5	55	46	47
5	56	120	121
5	57	65	66
5	58	67	68
5	59	204	205
5	60	86	87
5	61	122	123
5	62	39	51
5	63	60	61
5	64	39	51
5	65	0	0
5	66	0	0
5	67	72	73
5	68	83	84
5	69	58	59
5	70	52	53
5	71	58	59
5	72	0	0
5	73	0	0
5	74	90	91
5	75	142	143
5	76	39	51
5	77	67	68
5	78	107	108
5	79	254	255
5	80	67	68
5	81	52	53
5	82	65	66
5	83	0	0
5	84	0	0
5	85	72	73
5	86	92	93
5	87	100	101
5	88	74	75
5	89	86	87
5	90	175	176
5	91	130	131
5	92	169	170
5	93	239	240
5	94	67	68
5	95	56	57
5	96	90	91
5	97	92	93
5	98	78	79
5	99	78	79
5	100	134	135
5	101	111	112
5	102	78	79
5	103	92	93
5	104	72	73
5	105	90	91
5	106	90	91
5	107	0	0
5	108	0	0
5	109	56	57
5	110	52	53
5	111	151	152
5	112	124	125
5	113	111	112
5	114	107	108
5	115	92	93
5	116	65	66
5	117	65	66
5	118	111	112
5	119	111	112
5	120	0	0
5	121	0	0
5	122	155	156
5	123	0	0
5	124	0	0
5	125	0	0
5	126	56	57
5	127	124	125
5	128	86	87
5	129	58	59
5	130	0	0
5	131	0	0
5	132	122	123
5	133	130	131
5	134	138	139
5	135	153	154
5	136	130	131
5	137	60	61
5	138	0	0
5	139	0	0
5	140	60	61
5	141	107	108
5	142	246	247
5	143	191	192
5	144	124	125
5	145	138	139
5	146	142	143
5	147	124	125
5	148	142	143
5	149	74	75
5	150	142	143
5	151	0	0
5	152	0	0
5	153	0	0
5	154	0	0
5	155	214	215
5	156	171	172
5	157	134	135
5	158	107	108
5	159	138	139
5	160	155	156
5	161	138	139
5	162	155	156
5	163	83	84
5	164	153	154
5	165	155	156
5	166	86	87
5	167	134	135
5	168	151	152
5	169	185	186
5	170	224	225
5	171	173	174
5	172	180	181
5	173	0	0
5	174	0	0
5	175	0	0
5	176	0	0
5	177	100	101
5	178	83	84
5	179	120	121
5	180	0	0
5	181	0	0
5	182	50	183
5	183	197	198
5	184	169	170
5	185	0	0
5	186	0	0
5	187	50	183
5	188	83	84
5	189	130	131
5	190	169	170
5	191	0	0
5	192	0	0
5	193	173	174
5	194	180	181
5	195	185	186
5	196	173	174
5	197	212	213
5	198	200	201
5	199	151	152
5	200	285	286
5	201	262	263
5	202	122	123
5	203	122	123
5	204	271	272
5	205	276	277
5	206	72	73
5	207	169	170
5	208	200	201
5	209	185	186
5	210	173	174
5	211	200	201
5	212	221	222
5	213	219	220
5	214	242	243
5	215	292	293
5	216	175	176
5	217	151	152
5	218	153	154
5	219	299	300
5	220	0	0
5	221	0	0
5	222	267	268
5	223	197	198
5	224	0	0
5	225	0	0
5	226	204	205
5	227	214	215
5	228	153	154
5	229	197	198
5	230	180	181
5	231	175	176
5	232	180	181
5	233	175	176
5	234	191	192
5	235	200	201
5	236	74	75
5	237	120	121
5	238	120	121
5	239	258	259
5	240	260	261
5	241	204	205
5	242	0	0
5	243	0	0
5	244	191	192
5	245	134	135
5	246	0	0
5	247	0	0
5	248	100	101
5	249	212	213
5	250	212	213
5	251	100	101
5	252	242	243
5	253	171	172
5	254	0	0
5	255	0	0
5	256	191	192
5	257	224	225
5	258	0	0
5	259	0	0
5	260	0	0
5	261	0	0
5	262	0	0
5	263	287	288
5	264	50	183
5	265	197	198
5	266	262	263
5	267	0	0
5	268	0	0
5	269	239	240
5	270	262	263
5	271	0	0
5	272	0	0
5	273	214	215
5	274	262	263
5	275	221	222
5	276	0	0
5	277	0	0
5	278	254	255
5	279	258	259
5	280	242	243
5	281	271	272
5	282	239	240
5	283	276	277
5	284	254	255
5	285	0	0
5	286	0	0
5	287	0	0
5	288	0	0
5	289	50	183
5	290	221	222
5	291	258	259
5	292	0	0
5	293	0	0
5	294	224	225
5	295	246	247
5	296	185	186
5	297	224	225
5	298	219	220
5	299	0	0
5	300	0	0
