19	1	0	0
19	2	1	3
19	3	0	0
19	4	2	5
19	5	38	39
19	6	2	5
19	7	2	5
19	8	4	9
19	9	11	12
19	10	1	3
19	11	31	32
19	12	13	14
19	13	0	0
19	14	0	0
19	15	4	9
19	16	1	3
19	17	1	3
19	18	11	12
19	19	13	14
19	20	13	14
19	21	8	22
19	22	40	41
19	23	8	22
19	24	11	12
19	25	2	5
19	26	4	9
19	27	8	22
19	28	11	12
19	29	4	9
19	30	8	22
19	31	0	0
19	32	0	0
19	33	13	14
19	34	31	32
19	35	21	36
19	36	97	98
19	37	21	36
19	38	0	0
19	39	0	0
19	40	56	57
19	41	58	59
19	42	21	36
19	43	21	36
19	44	38	39
19	45	31	32
19	46	38	39
19	47	35	48
19	48	52	53
19	49	38	39
19	50	31	32
19	51	40	41
19	52	84	85
19	53	54	55
19	54	68	69
19	55	93	94
19	56	66	67
19	57	70	71
19	58	158	159
19	59	80	81
19	60	40	41
19	61	56	57
19	62	40	41
19	63	35	48
19	64	35	48
19	65	56	57
19	66	0	0
19	67	0	0
19	68	73	74
19	69	114	115
19	70	0	0
19	71	0	0
19	72	70	71
19	73	152	153
19	74	78	79
19	75	52	53
19	76	73	74
19	77	70	71
19	78	0	0
19	79	0	0
19	80	0	0
19	81	0	0
19	82	80	81
19	83	70	71
19	84	227	228
19	85	217	218
19	86	35	48
19	87	54	55
19	88	47	89
19	89	182	183
19	90	78	79
19	91	56	57
19	92	78	79
19	93	123	124
19	94	95	96
19	95	110	111
19	96	107	108
19	97	118	119
19	98	141	142
19	99	54	55
19	100	95	96
19	101	58	59
19	102	54	55
19	103	52	53
19	104	84	85
19	105	58	59
19	106	66	67
19	107	0	0
19	108	0	0
19	109	52	53
19	110	0	0
19	111	0	0
19	112	58	59
19	113	110	111
19	114	243	244
19	115	127	128
19	116	110	111
19	117	73	74
19	118	148	149
19	119	135	136
19	120	118	119
19	121	84	85
19	122	66	67
19	123	154	155
19	124	191	192
19	125	66	67
19	126	47	89
19	127	0	0
19	128	0	0
19	129	118	119
19	130	73	74
19	131	80	81
19	132	93	94
19	133	68	69
19	134	47	89
19	135	139	140
19	136	160	161
19	137	127	128
19	138	118	119
19	139	0	0
19	140	0	0
19	141	164	165
19	142	169	170
19	143	84	85
19	144	139	140
19	145	127	128
19	146	135	136
19	147	135	136
19	148	276	277
19	149	250	251
19	150	114	115
19	151	97	98
19	152	0	0
19	153	0	0
19	154	0	0
19	155	0	0
19	156	107	108
19	157	114	115
19	158	0	0
19	159	0	0
19	160	0	0
19	161	0	0
19	162	88	163
19	163	220	221
19	164	246	247
19	165	283	284
19	166	123	124
19	167	78	79
19	168	164	165
19	169	171	172
19	170	185	186
19	171	0	0
19	172	0	0
19	173	139	140
19	174	95	96
19	175	95	96
19	176	152	153
19	177	152	153
19	178	158	159
19	179	139	140
19	180	152	153
19	181	164	165
19	182	489	490
19	183	188	189
19	184	107	108
19	185	0	0
19	186	0	0
19	187	160	161
19	188	287	288
19	189	281	282
19	190	80	81
19	191	0	0
19	192	0	0
19	193	135	136
19	194	182	183
19	195	47	89
19	196	158	159
19	197	158	159
19	198	141	142
19	199	169	170
19	200	191	192
19	201	123	124
19	202	154	155
19	203	97	98
19	204	160	161
19	205	188	189
19	206	160	161
19	207	169	170
19	208	185	186
19	209	110	111
19	210	107	108
19	211	191	192
19	212	141	142
19	213	154	155
19	214	164	165
19	215	182	183
19	216	191	192
19	217	222	223
19	218	301	302
19	219	182	183
19	220	296	297
19	221	462	463
19	222	253	254
19	223	266	267
19	224	141	142
19	225	127	128
19	226	217	218
19	227	255	256
19	228	273	274
19	229	93	94
19	230	227	228
19	231	114	115
19	232	162	233
19	233	345	346
19	234	93	94
19	235	220	221
19	236	68	69
19	237	222	223
19	238	217	218
19	239	171	172
19	240	154	155
19	241	88	163
19	242	227	228
19	243	0	0
19	244	0	0
19	245	68	69
19	246	0	0
19	247	0	0
19	248	243	244
19	249	185	186
19	250	0	0
19	251	0	0
19	252	220	221
19	253	0	0
19	254	0	0
19	255	375	376
19	256	261	262
19	257	217	218
19	258	169	170
19	259	250	251
19	260	246	247
19	261	0	0
19	262	0	0
19	263	246	247
19	264	255	256
19	265	185	186
19	266	0	0
19	267	0	0
19	268	255	256
19	269	227	228
19	270	162	233
19	271	255	256
19	272	97	98
19	273	311	312
19	274	0	0
19	275	246	247
19	276	0	0
19	277	0	0
19	278	148	149
19	279	148	149
19	280	171	172
19	281	451	452
19	282	341	342
19	283	0	0
19	284	0	0
19	285	171	172
19	286	273	274
19	287	366	367
19	288	292	293
19	289	281	282
19	290	250	251
19	291	123	124
19	292	383	384
19	293	368	369
19	294	162	233
19	295	266	267
19	296	315	316
19	297	429	430
19	298	283	284
19	299	273	274
19	300	243	244
19	301	338	339
19	302	364	365
19	303	243	244
19	304	148	149
19	305	253	254
19	306	281	282
19	307	301	302
19	308	276	277
19	309	301	302
19	310	88	163
19	311	0	0
19	312	0	0
19	313	162	233
19	314	311	312
19	315	326	327
19	316	0	0
19	317	261	262
19	318	292	293
19	319	315	316
19	320	266	267
19	321	315	316
19	322	276	277
19	323	273	274
19	324	222	223
19	325	250	251
19	326	399	400
19	327	333	334
19	328	220	221
19	329	232	330
19	330	443	444
19	331	326	327
19	332	301	302
19	333	408	409
19	334	373	374
19	335	292	293
19	336	261	262
19	337	188	189
19	338	0	0
19	339	0	0
19	340	287	288
19	341	356	357
19	342	377	378
19	343	292	293
19	344	261	262
19	345	0	0
19	346	381	382
19	347	338	339
19	348	333	334
19	349	315	316
19	350	253	254
19	351	338	339
19	352	345	346
19	353	311	312
19	354	232	330
19	355	266	267
19	356	0	0
19	357	0	0
19	358	338	339
19	359	333	334
19	360	88	163
19	361	188	189
19	362	276	277
19	363	283	284
19	364	0	0
19	365	0	0
19	366	421	422
19	367	370	371
19	368	0	0
19	369	389	390
19	370	447	448
19	371	0	0
19	372	341	342
19	373	385	386
19	374	0	0
19	375	0	0
19	376	0	0
19	377	0	0
19	378	434	435
19	379	375	376
19	380	253	254
19	381	472	473
19	382	410	411
19	383	401	402
19	384	416	417
19	385	0	0
19	386	0	0
19	387	345	346
19	388	383	384
19	389	0	0
19	390	0	0
19	391	370	371
19	392	341	342
19	393	329	394
19	394	445	446
19	395	232	330
19	396	373	374
19	397	281	282
19	398	364	365
19	399	498	499
19	400	0	0
19	401	0	0
19	402	0	0
19	403	364	365
19	404	311	312
19	405	296	297
19	406	399	400
19	407	383	384
19	408	0	0
19	409	419	420
19	410	0	0
19	411	423	424
19	412	222	223
19	413	287	288
19	414	296	297
19	415	296	297
19	416	0	0
19	417	0	0
19	418	370	371
19	419	0	0
19	420	0	0
19	421	0	0
19	422	0	0
19	423	0	0
19	424	436	437
19	425	421	422
19	426	377	378
19	427	401	402
19	428	401	402
19	429	0	0
19	430	0	0
19	431	373	374
19	432	410	411
19	433	401	402
19	434	0	0
19	435	0	0
19	436	0	0
19	437	449	450
19	438	329	394
19	439	410	411
19	440	356	357
19	441	410	411
19	442	383	384
19	443	0	0
19	444	453	454
19	445	480	481
19	446	0	0
19	447	0	0
19	448	0	0
19	449	0	0
19	450	0	0
19	451	0	0
19	452	455	456
19	453	467	468
19	454	0	0
19	455	475	476
19	456	0	0
19	457	381	382
19	458	381	382
19	459	345	346
19	460	341	342
19	461	377	378
19	462	0	0
19	463	0	0
19	464	366	367
19	465	356	357
19	466	436	437
19	467	0	0
19	468	0	0
19	469	389	390
19	470	364	365
19	471	434	435
19	472	0	0
19	473	0	0
19	474	467	468
19	475	0	0
19	476	0	0
19	477	455	456
19	478	399	400
19	479	326	327
19	480	0	0
19	481	0	0
19	482	408	409
19	483	449	450
19	484	389	390
19	485	366	367
19	486	421	422
19	487	462	463
19	488	475	476
19	489	0	0
19	490	0	0
19	491	377	378
19	492	472	473
19	493	472	473
19	494	385	386
19	495	329	394
19	496	283	284
19	497	333	334
19	498	0	0
19	499	0	0
19	500	0	0
