29	1	0	0
29	2	1	3
29	3	0	0
29	4	1	3
29	5	1	3
29	6	2	7
29	7	16	17
29	8	6	9
29	9	25	26
29	10	1	3
29	11	6	9
29	12	6	9
29	13	2	7
29	14	2	7
29	15	2	7
29	16	0	0
29	17	0	0
29	18	16	17
29	19	8	20
29	20	60	61
29	21	8	20
29	22	16	17
29	23	8	20
29	24	8	20
29	25	80	81
29	26	33	34
29	27	19	28
29	28	35	36
29	29	27	30
29	30	55	56
29	31	25	26
29	32	19	28
29	33	0	0
29	34	0	0
29	35	42	43
29	36	38	39
29	37	6	9
29	38	40	41
29	39	106	107
29	40	85	86
29	41	44	45
29	42	183	184
29	43	129	130
29	44	0	0
29	45	0	0
29	46	35	36
29	47	19	28
29	48	38	39
29	49	16	17
29	50	25	26
29	51	38	39
29	52	44	45
29	53	44	45
29	54	38	39
29	55	69	70
29	56	102	103
29	57	44	45
29	58	25	26
29	59	19	28
29	60	360	361
29	61	67	68
29	62	29	63
29	63	72	73
29	64	42	43
29	65	29	63
29	66	35	36
29	67	119	120
29	68	151	152
29	69	104	105
29	70	245	246
29	71	27	30
29	72	108	109
29	73	99	100
29	74	69	70
29	75	27	30
29	76	60	61
29	77	72	73
29	78	35	36
29	79	72	73
29	80	0	0
29	81	0	0
29	82	33	34
29	83	60	61
29	84	69	70
29	85	0	0
29	86	0	0
29	87	27	30
29	88	85	86
29	89	62	90
29	90	116	117
29	91	62	90
29	92	40	41
29	93	69	70
29	94	40	41
29	95	85	86
29	96	80	81
29	97	60	61
29	98	40	41
29	99	188	189
29	100	162	163
29	101	29	63
29	102	191	192
29	103	142	143
29	104	213	214
29	105	372	373
29	106	114	115
29	107	111	112
29	108	122	123
29	109	195	196
29	110	29	63
29	111	0	0
29	112	0	0
29	113	67	68
29	114	0	0
29	115	0	0
29	116	138	139
29	117	127	128
29	118	33	34
29	119	0	0
29	120	0	0
29	121	80	81
29	122	179	180
29	123	199	200
29	124	111	112
29	125	55	56
29	126	119	120
29	127	169	170
29	128	146	147
29	129	220	221
29	130	157	158
29	131	62	90
29	132	114	115
29	133	55	56
29	134	85	86
29	135	89	136
29	136	0	0
29	137	55	56
29	138	218	219
29	139	0	0
29	140	104	105
29	141	106	107
29	142	285	286
29	143	181	182
29	144	106	107
29	145	127	128
29	146	265	266
29	147	166	167
29	148	127	128
29	149	127	128
29	150	99	100
29	151	0	0
29	152	0	0
29	153	33	34
29	154	151	152
29	155	135	156
29	156	248	249
29	157	0	0
29	158	0	0
29	159	89	136
29	160	151	152
29	161	80	81
29	162	291	292
29	163	176	177
29	164	114	115
29	165	89	136
29	166	0	0
29	167	239	240
29	168	138	139
29	169	186	187
29	170	397	398
29	171	42	43
29	172	111	112
29	173	108	109
29	174	106	107
29	175	111	112
29	176	223	224
29	177	258	259
29	178	116	117
29	179	209	210
29	180	314	315
29	181	404	405
29	182	446	447
29	183	325	326
29	184	289	290
29	185	157	158
29	186	0	0
29	187	276	277
29	188	278	279
29	189	295	296
29	190	166	167
29	191	0	0
29	192	0	0
29	193	102	103
29	194	135	156
29	195	0	0
29	196	251	252
29	197	122	123
29	198	181	182
29	199	0	0
29	200	0	0
29	201	72	73
29	202	89	136
29	203	157	158
29	204	135	156
29	205	183	184
29	206	186	187
29	207	122	123
29	208	195	196
29	209	236	237
29	210	305	306
29	211	183	184
29	212	191	192
29	213	242	243
29	214	232	233
29	215	151	152
29	216	129	130
29	217	138	139
29	218	0	0
29	219	487	488
29	220	0	0
29	221	0	0
29	222	188	189
29	223	423	424
29	224	226	227
29	225	176	177
29	226	0	0
29	227	0	0
29	228	162	163
29	229	142	143
29	230	155	231
29	231	310	311
29	232	0	0
29	233	0	0
29	234	179	180
29	235	114	115
29	236	0	0
29	237	0	0
29	238	181	182
29	239	378	379
29	240	273	274
29	241	199	200
29	242	0	0
29	243	0	0
29	244	213	214
29	245	336	337
29	246	300	301
29	247	104	105
29	248	318	319
29	249	399	400
29	250	248	249
29	251	0	0
29	252	0	0
29	253	218	219
29	254	135	156
29	255	213	214
29	256	166	167
29	257	179	180
29	258	496	497
29	259	364	365
29	260	166	167
29	261	104	105
29	262	102	103
29	263	236	237
29	264	119	120
29	265	348	349
29	266	408	409
29	267	188	189
29	268	179	180
29	269	108	109
29	270	226	227
29	271	245	246
29	272	186	187
29	273	0	0
29	274	356	357
29	275	248	249
29	276	323	324
29	277	0	0
29	278	0	0
29	279	369	370
29	280	265	266
29	281	258	259
29	282	146	147
29	283	265	266
29	284	248	249
29	285	470	471
29	286	0	0
29	287	220	221
29	288	265	266
29	289	0	0
29	290	0	0
29	291	0	0
29	292	426	427
29	293	169	170
29	294	99	100
29	295	331	332
29	296	383	384
29	297	276	277
29	298	181	182
29	299	226	227
29	300	498	499
29	301	308	309
29	302	273	274
29	303	226	227
29	304	289	290
29	305	0	0
29	306	0	0
29	307	183	184
29	308	0	0
29	309	0	0
29	310	491	492
29	311	449	450
29	312	232	233
29	313	169	170
29	314	0	0
29	315	0	0
29	316	191	192
29	317	42	43
29	318	376	377
29	319	0	0
29	320	285	286
29	321	258	259
29	322	245	246
29	323	352	353
29	324	0	0
29	325	0	0
29	326	0	0
29	327	138	139
29	328	245	246
29	329	310	311
29	330	157	158
29	331	342	343
29	332	0	0
29	333	62	90
29	334	218	219
29	335	195	196
29	336	0	0
29	337	367	368
29	338	251	252
29	339	218	219
29	340	162	163
29	341	278	279
29	342	0	0
29	343	0	0
29	344	191	192
29	345	102	103
29	346	291	292
29	347	278	279
29	348	0	0
29	349	0	0
29	350	155	231
29	351	348	349
29	352	0	0
29	353	0	0
29	354	278	279
29	355	176	177
29	356	0	0
29	357	0	0
29	358	239	240
29	359	348	349
29	360	410	411
29	361	442	443
29	362	318	319
29	363	352	353
29	364	0	0
29	365	0	0
29	366	67	68
29	367	0	0
29	368	0	0
29	369	418	419
29	370	0	0
29	371	364	365
29	372	392	393
29	373	440	441
29	374	236	237
29	375	108	109
29	376	432	433
29	377	0	0
29	378	0	0
29	379	429	430
29	380	142	143
29	381	223	224
29	382	336	337
29	383	0	0
29	384	0	0
29	385	378	379
29	386	129	130
29	387	310	311
29	388	129	130
29	389	348	349
29	390	276	277
29	391	276	277
29	392	0	0
29	393	0	0
29	394	305	306
29	395	342	343
29	396	142	143
29	397	444	445
29	398	0	0
29	399	460	461
29	400	0	0
29	401	242	243
29	402	336	337
29	403	155	231
29	404	0	0
29	405	0	0
29	406	352	353
29	407	195	196
29	408	0	0
29	409	413	414
29	410	0	0
29	411	0	0
29	412	342	343
29	413	463	464
29	414	0	0
29	415	236	237
29	416	258	259
29	417	323	324
29	418	0	0
29	419	0	0
29	420	418	419
29	421	410	411
29	422	67	68
29	423	0	0
29	424	0	0
29	425	251	252
29	426	0	0
29	427	0	0
29	428	99	100
29	429	0	0
29	430	0	0
29	431	399	400
29	432	0	0
29	433	485	486
29	434	399	400
29	435	372	373
29	436	318	319
29	437	169	170
29	438	162	163
29	439	378	379
29	440	0	0
29	441	0	0
29	442	0	0
29	443	0	0
29	444	452	453
29	445	465	466
29	446	0	0
29	447	0	0
29	448	291	292
29	449	0	0
29	450	0	0
29	451	295	296
29	452	0	0
29	453	0	0
29	454	331	332
29	455	446	447
29	456	209	210
29	457	289	290
29	458	397	398
29	459	186	187
29	460	0	0
29	461	0	0
29	462	300	301
29	463	0	0
29	464	0	0
29	465	474	475
29	466	0	0
29	467	463	464
29	468	323	324
29	469	239	240
29	470	0	0
29	471	0	0
29	472	295	296
29	473	308	309
29	474	0	0
29	475	0	0
29	476	429	430
29	477	463	464
29	478	314	315
29	479	410	411
29	480	295	296
29	481	188	189
29	482	404	405
29	483	352	353
29	484	310	311
29	485	0	0
29	486	493	494
29	487	0	0
29	488	0	0
29	489	426	427
29	490	232	233
29	491	0	0
29	492	0	0
29	493	0	0
29	494	0	0
29	495	325	326
29	496	0	0
29	497	0	0
29	498	0	0
29	499	0	0
29	500	0	0
