12	1	0	0
12	2	1	3
12	3	0	0
12	4	2	5
12	5	10	11
12	6	1	3
12	7	2	5
12	8	1	3
12	9	2	5
12	10	0	0
12	11	0	0
12	12	2	5
12	13	10	11
12	14	1	3
12	15	10	11
12	16	4	17
12	17	41	42
12	18	4	17
12	19	16	20
12	20	35	36
12	21	10	11
12	22	16	20
12	23	19	24
12	24	28	29
12	25	19	24
12	26	16	20
12	27	16	20
12	28	44	45
12	29	31	32
12	30	19	24
12	31	46	47
12	32	50	51
12	33	4	17
12	34	31	32
12	35	117	118
12	36	38	39
12	37	19	24
12	38	127	128
12	39	121	122
12	40	28	29
12	41	94	95
12	42	106	107
12	43	38	39
12	44	57	58
12	45	71	72
12	46	80	81
12	47	83	84
12	48	4	17
12	49	28	29
12	50	53	54
12	51	91	92
12	52	35	36
12	53	0	0
12	54	0	0
12	55	23	56
12	56	111	112
12	57	100	101
12	58	68	69
12	59	44	45
12	60	31	32
12	61	41	42
12	62	35	36
12	63	23	56
12	64	38	39
12	65	46	47
12	66	23	56
12	67	28	29
12	68	0	0
12	69	0	0
12	70	38	39
12	71	76	77
12	72	104	105
12	73	71	72
12	74	31	32
12	75	41	42
12	76	0	0
12	77	0	0
12	78	57	58
12	79	44	45
12	80	0	0
12	81	0	0
12	82	50	51
12	83	0	0
12	84	0	0
12	85	83	84
12	86	71	72
12	87	44	45
12	88	23	56
12	89	57	58
12	90	80	81
12	91	0	0
12	92	0	0
12	93	71	72
12	94	0	0
12	95	0	0
12	96	91	92
12	97	57	58
12	98	91	92
12	99	35	36
12	100	0	0
12	101	0	0
12	102	94	95
12	103	68	69
12	104	0	0
12	105	0	0
12	106	0	0
12	107	0	0
12	108	50	51
12	109	104	105
12	110	53	54
12	111	145	146
12	112	124	125
12	113	111	112
12	114	83	84
12	115	76	77
12	116	68	69
12	117	147	148
12	118	154	155
12	119	91	92
12	120	111	112
12	121	0	0
12	122	0	0
12	123	104	105
12	124	175	176
12	125	133	134
12	126	46	47
12	127	0	0
12	128	0	0
12	129	80	81
12	130	111	112
12	131	106	107
12	132	127	128
12	133	194	195
12	134	197	198
12	135	68	69
12	136	104	105
12	137	46	47
12	138	133	134
12	139	55	140
12	140	0	0
12	141	53	54
12	142	76	77
12	143	124	125
12	144	76	77
12	145	0	0
12	146	150	151
12	147	0	0
12	148	0	0
12	149	121	122
12	150	158	159
12	151	0	0
12	152	124	125
12	153	133	134
12	154	0	0
12	155	0	0
12	156	121	122
12	157	133	134
12	158	178	179
12	159	167	168
12	160	124	125
12	161	147	148
12	162	158	159
12	163	127	128
12	164	100	101
12	165	121	122
12	166	147	148
12	167	0	0
12	168	0	0
12	169	167	168
12	170	53	54
12	171	150	151
12	172	158	159
12	173	50	51
12	174	150	151
12	175	0	0
12	176	0	0
12	177	175	176
12	178	0	0
12	179	0	0
12	180	150	151
12	181	158	159
12	182	117	118
12	183	175	176
12	184	175	176
12	185	127	128
12	186	106	107
12	187	41	42
12	188	147	148
12	189	100	101
12	190	154	155
12	191	145	146
12	192	80	81
12	193	178	179
12	194	0	0
12	195	0	0
12	196	194	195
12	197	0	0
12	198	0	0
12	199	83	84
12	200	197	198
