34	1	0	0
34	2	1	3
34	3	0	0
34	4	2	5
34	5	8	9
34	6	2	5
34	7	1	3
34	8	0	0
34	9	0	0
34	10	2	5
34	11	4	12
34	12	16	17
34	13	8	9
34	14	2	5
34	15	8	9
34	16	26	27
34	17	18	19
34	18	0	0
34	19	0	0
34	20	11	21
34	21	36	37
34	22	8	9
34	23	11	21
34	24	4	12
34	25	18	19
34	26	0	0
34	27	0	0
34	28	18	19
34	29	1	3
34	30	4	12
34	31	26	27
34	32	20	33
34	33	75	76
34	34	4	12
34	35	26	27
34	36	58	59
34	37	48	49
34	38	20	33
34	39	36	37
34	40	16	17
34	41	1	3
34	42	26	27
34	43	36	37
34	44	36	37
34	45	16	17
34	46	18	19
34	47	11	21
34	48	65	66
34	49	56	57
34	50	16	17
34	51	20	33
34	52	11	21
34	53	20	33
34	54	32	55
34	55	68	69
34	56	0	0
34	57	0	0
34	58	78	79
34	59	99	100
34	60	58	59
34	61	54	62
34	62	63	64
34	63	91	92
34	64	85	86
34	65	0	0
34	66	0	0
34	67	48	49
34	68	0	0
34	69	70	71
34	70	146	147
34	71	72	73
34	72	0	0
34	73	114	115
34	74	54	62
34	75	117	118
34	76	187	188
34	77	32	55
34	78	0	0
34	79	0	0
34	80	72	73
34	81	63	64
34	82	65	66
34	83	65	66
34	84	58	59
34	85	133	134
34	86	111	112
34	87	61	88
34	88	124	125
34	89	70	71
34	90	65	66
34	91	105	106
34	92	153	154
34	93	72	73
34	94	61	88
34	95	56	57
34	96	87	97
34	97	0	0
34	98	87	97
34	99	0	0
34	100	0	0
34	101	68	69
34	102	91	92
34	103	48	49
34	104	70	71
34	105	0	0
34	106	178	179
34	107	48	49
34	108	58	59
34	109	78	79
34	110	54	62
34	111	0	0
34	112	131	132
34	113	111	112
34	114	0	0
34	115	0	0
34	116	87	97
34	117	0	0
34	118	142	143
34	119	111	112
34	120	61	88
34	121	68	69
34	122	114	115
34	123	68	69
34	124	0	0
34	125	0	0
34	126	117	118
34	127	32	55
34	128	91	92
34	129	32	55
34	130	75	76
34	131	0	0
34	132	0	0
34	133	151	152
34	134	0	0
34	135	78	79
34	136	75	76
34	137	70	71
34	138	56	57
34	139	105	106
34	140	87	97
34	141	124	125
34	142	165	166
34	143	144	145
34	144	0	0
34	145	0	0
34	146	193	194
34	147	0	0
34	148	85	86
34	149	61	88
34	150	75	76
34	151	0	0
34	152	0	0
34	153	0	0
34	154	168	169
34	155	151	152
34	156	124	125
34	157	72	73
34	158	146	147
34	159	117	118
34	160	144	145
34	161	144	145
34	162	56	57
34	163	91	92
34	164	85	86
34	165	0	0
34	166	0	0
34	167	63	64
34	168	0	0
34	169	174	175
34	170	63	64
34	171	133	134
34	172	146	147
34	173	78	79
34	174	0	0
34	175	0	0
34	176	153	154
34	177	168	169
34	178	0	0
34	179	0	0
34	180	105	106
34	181	153	154
34	182	131	132
34	183	105	106
34	184	153	154
34	185	111	112
34	186	117	118
34	187	0	0
34	188	0	0
34	189	144	145
34	190	146	147
34	191	168	169
34	192	174	175
34	193	0	0
34	194	0	0
34	195	54	62
34	196	187	188
34	197	142	143
34	198	133	134
34	199	131	132
34	200	142	143
