6	1	0	0
6	2	1	3
6	3	0	0
6	4	1	3
6	5	1	3
6	6	1	3
6	7	2	8
6	8	9	10
6	9	0	0
6	10	0	0
6	11	2	8
6	12	9	10
6	13	9	10
6	14	7	15
6	15	21	22
6	16	7	15
6	17	7	15
6	18	2	8
6	19	14	20
6	20	25	26
6	21	44	45
6	22	23	24
6	23	0	0
6	24	0	0
6	25	27	28
6	26	30	31
6	27	40	41
6	28	36	37
6	29	7	15
6	30	38	39
6	31	49	50
6	32	30	31
6	33	30	31
6	34	23	24
6	35	14	20
6	36	0	0
6	37	0	0
6	38	0	0
6	39	0	0
6	40	0	0
6	41	0	0
6	42	21	22
6	43	23	24
6	44	0	0
6	45	0	0
6	46	40	41
6	47	23	24
6	48	27	28
6	49	0	0
6	50	0	0
6	51	27	28
6	52	2	8
6	53	44	45
6	54	30	31
6	55	27	28
6	56	40	41
6	57	9	10
6	58	25	26
6	59	14	20
6	60	36	37
6	61	40	41
6	62	14	20
6	63	19	64
6	64	67	68
6	65	25	26
6	66	36	37
6	67	91	92
6	68	167	168
6	69	49	50
6	70	49	50
6	71	49	50
6	72	44	45
6	73	44	45
6	74	21	22
6	75	19	64
6	76	25	26
6	77	36	37
6	78	19	64
6	79	21	22
6	80	63	81
6	81	84	85
6	82	38	39
6	83	19	64
6	84	103	104
6	85	119	120
6	86	63	81
6	87	38	39
6	88	67	68
6	89	67	68
6	90	67	68
6	91	179	180
6	92	123	124
6	93	38	39
6	94	80	95
6	95	111	112
6	96	94	97
6	97	0	0
6	98	91	92
6	99	96	100
6	100	108	109
6	101	63	81
6	102	63	81
6	103	113	114
6	104	174	175
6	105	99	106
6	106	128	129
6	107	94	97
6	108	125	126
6	109	140	141
6	110	84	85
6	111	266	267
6	112	116	117
6	113	145	146
6	114	0	0
6	115	103	104
6	116	250	251
6	117	0	0
6	118	99	106
6	119	0	0
6	120	132	133
6	121	119	120
6	122	108	109
6	123	0	0
6	124	0	0
6	125	274	275
6	126	189	190
6	127	108	109
6	128	130	131
6	129	205	206
6	130	137	138
6	131	172	173
6	132	150	151
6	133	153	154
6	134	105	135
6	135	0	0
6	136	91	92
6	137	0	0
6	138	262	263
6	139	132	133
6	140	213	214
6	141	219	220
6	142	96	100
6	143	116	117
6	144	96	100
6	145	158	159
6	146	155	156
6	147	145	146
6	148	94	97
6	149	130	131
6	150	163	164
6	151	165	166
6	152	80	95
6	153	176	177
6	154	196	197
6	155	0	0
6	156	0	0
6	157	96	100
6	158	0	0
6	159	0	0
6	160	132	133
6	161	91	92
6	162	113	114
6	163	0	0
6	164	0	0
6	165	0	0
6	166	0	0
6	167	217	218
6	168	0	0
6	169	163	164
6	170	137	138
6	171	80	95
6	172	0	0
6	173	210	211
6	174	208	209
6	175	264	265
6	176	0	0
6	177	0	0
6	178	153	154
6	179	0	0
6	180	0	0
6	181	134	182
6	182	0	0
6	183	172	173
6	184	158	159
6	185	123	124
6	186	137	138
6	187	158	159
6	188	165	166
6	189	199	200
6	190	0	0
6	191	132	133
6	192	84	85
6	193	174	175
6	194	145	146
6	195	94	97
6	196	0	0
6	197	0	0
6	198	128	129
6	199	0	0
6	200	0	0
6	201	179	180
6	202	128	129
6	203	128	129
6	204	167	168
6	205	0	0
6	206	0	0
6	207	108	109
6	208	225	226
6	209	0	0
6	210	234	235
6	211	236	237
6	212	155	156
6	213	0	0
6	214	240	241
6	215	125	126
6	216	80	95
6	217	0	0
6	218	0	0
6	219	0	0
6	220	0	0
6	221	137	138
6	222	172	173
6	223	84	85
6	224	196	197
6	225	0	0
6	226	0	0
6	227	153	154
6	228	205	206
6	229	172	173
6	230	125	126
6	231	219	220
6	232	176	177
6	233	217	218
6	234	245	246
6	235	290	291
6	236	0	0
6	237	0	0
6	238	217	218
6	239	225	226
6	240	248	249
6	241	0	0
6	242	113	114
6	243	105	135
6	244	179	180
6	245	0	0
6	246	288	289
6	247	213	214
6	248	0	0
6	249	260	261
6	250	0	0
6	251	0	0
6	252	250	251
6	253	174	175
6	254	119	120
6	255	196	197
6	256	208	209
6	257	99	106
6	258	205	206
6	259	145	146
6	260	0	0
6	261	0	0
6	262	0	0
6	263	297	298
6	264	0	0
6	265	0	0
6	266	0	0
6	267	0	0
6	268	174	175
6	269	236	237
6	270	153	154
6	271	181	272
6	272	0	0
6	273	264	265
6	274	0	0
6	275	0	0
6	276	123	124
6	277	130	131
6	278	158	159
6	279	105	135
6	280	213	214
6	281	210	211
6	282	225	226
6	283	167	168
6	284	266	267
6	285	210	211
6	286	234	235
6	287	123	124
6	288	293	294
6	289	0	0
6	290	0	0
6	291	0	0
6	292	248	249
6	293	0	0
6	294	0	0
6	295	119	120
6	296	113	114
6	297	0	0
6	298	0	0
6	299	176	177
6	300	0	0
