16	1	0	0
16	2	1	3
16	3	0	0
16	4	1	3
16	5	1	3
16	6	2	7
16	7	16	17
16	8	1	3
16	9	6	10
16	10	11	12
16	11	25	26
16	12	14	15
16	13	6	10
16	14	0	0
16	15	0	0
16	16	0	0
16	17	0	0
16	18	6	10
16	19	14	15
16	20	11	12
16	21	6	10
16	22	16	17
16	23	11	12
16	24	14	15
16	25	0	0
16	26	0	0
16	27	11	12
16	28	16	17
16	29	16	17
16	30	14	15
16	31	2	7
16	32	9	33
16	33	39	40
16	34	25	26
16	35	2	7
16	36	32	37
16	37	52	53
16	38	9	33
16	39	49	50
16	40	47	48
16	41	9	33
16	42	25	26
16	43	25	26
16	44	32	37
16	45	32	37
16	46	2	7
16	47	108	109
16	48	74	75
16	49	58	59
16	50	55	56
16	51	9	33
16	52	63	64
16	53	77	78
16	54	49	50
16	55	0	0
16	56	0	0
16	57	39	40
16	58	0	0
16	59	0	0
16	60	58	59
16	61	52	53
16	62	32	37
16	63	69	70
16	64	67	68
16	65	47	48
16	66	49	50
16	67	94	95
16	68	180	181
16	69	71	72
16	70	88	89
16	71	0	0
16	72	0	0
16	73	39	40
16	74	0	0
16	75	0	0
16	76	63	64
16	77	336	337
16	78	103	104
16	79	67	68
16	80	71	72
16	81	63	64
16	82	67	68
16	83	55	56
16	84	63	64
16	85	77	78
16	86	77	78
16	87	58	59
16	88	0	0
16	89	0	0
16	90	58	59
16	91	69	70
16	92	77	78
16	93	71	72
16	94	0	0
16	95	0	0
16	96	55	56
16	97	47	48
16	98	74	75
16	99	55	56
16	100	39	40
16	101	88	89
16	102	94	95
16	103	105	106
16	104	113	114
16	105	0	0
16	106	0	0
16	107	52	53
16	108	0	0
16	109	0	0
16	110	36	111
16	111	122	123
16	112	108	109
16	113	0	0
16	114	0	0
16	115	110	116
16	116	140	141
16	117	115	118
16	118	133	134
16	119	105	106
16	120	47	48
16	121	88	89
16	122	197	198
16	123	149	150
16	124	52	53
16	125	49	50
16	126	110	116
16	127	115	118
16	128	110	116
16	129	74	75
16	130	110	116
16	131	88	89
16	132	108	109
16	133	137	138
16	134	152	153
16	135	67	68
16	136	133	134
16	137	158	159
16	138	185	186
16	139	108	109
16	140	160	161
16	141	473	474
16	142	113	114
16	143	36	111
16	144	115	118
16	145	113	114
16	146	105	106
16	147	113	114
16	148	94	95
16	149	200	201
16	150	230	231
16	151	137	138
16	152	175	176
16	153	164	165
16	154	133	134
16	155	115	118
16	156	36	111
16	157	133	134
16	158	242	243
16	159	195	196
16	160	258	259
16	161	171	172
16	162	160	161
16	163	94	95
16	164	350	351
16	165	409	410
16	166	164	165
16	167	122	123
16	168	69	70
16	169	71	72
16	170	69	70
16	171	366	367
16	172	187	188
16	173	103	104
16	174	140	141
16	175	267	268
16	176	867	868
16	177	149	150
16	178	36	111
16	179	175	176
16	180	0	0
16	181	0	0
16	182	137	138
16	183	74	75
16	184	140	141
16	185	215	216
16	186	237	238
16	187	276	277
16	188	265	266
16	189	103	104
16	190	158	159
16	191	149	150
16	192	137	138
16	193	160	161
16	194	187	188
16	195	227	228
16	196	543	544
16	197	220	221
16	198	205	206
16	199	171	172
16	200	224	225
16	201	269	270
16	202	117	203
16	203	354	355
16	204	164	165
16	205	720	721
16	206	321	322
16	207	122	123
16	208	195	196
16	209	205	206
16	210	160	161
16	211	164	165
16	212	149	150
16	213	152	153
16	214	103	104
16	215	452	453
16	216	361	362
16	217	180	181
16	218	152	153
16	219	205	206
16	220	437	438
16	221	240	241
16	222	171	172
16	223	187	188
16	224	311	312
16	225	261	262
16	226	200	201
16	227	309	310
16	228	250	251
16	229	200	201
16	230	332	333
16	231	358	359
16	232	230	231
16	233	171	172
16	234	215	216
16	235	224	225
16	236	230	231
16	237	247	248
16	238	254	255
16	239	152	153
16	240	256	257
16	241	793	794
16	242	457	458
16	243	286	287
16	244	237	238
16	245	224	225
16	246	122	123
16	247	272	273
16	248	301	302
16	249	247	248
16	250	284	285
16	251	434	435
16	252	237	238
16	253	180	181
16	254	869	870
16	255	709	710
16	256	0	0
16	257	0	0
16	258	589	590
16	259	280	281
16	260	105	106
16	261	0	0
16	262	0	0
16	263	215	216
16	264	140	141
16	265	340	341
16	266	344	345
16	267	315	316
16	268	393	394
16	269	334	335
16	270	378	379
16	271	187	188
16	272	705	706
16	273	399	400
16	274	200	201
16	275	269	270
16	276	324	325
16	277	495	496
16	278	254	255
16	279	158	159
16	280	386	387
16	281	765	766
16	282	185	186
16	283	230	231
16	284	0	0
16	285	0	0
16	286	295	296
16	287	318	319
16	288	250	251
16	289	220	221
16	290	280	281
16	291	185	186
16	292	258	259
16	293	158	159
16	294	254	255
16	295	517	518
16	296	299	300
16	297	117	203
16	298	117	203
16	299	0	0
16	300	0	0
16	301	327	328
16	302	488	489
16	303	250	251
16	304	240	241
16	305	242	243
16	306	258	259
16	307	256	257
16	308	195	196
16	309	689	690
16	310	348	349
16	311	0	0
16	312	0	0
16	313	254	255
16	314	180	181
16	315	370	371
16	316	880	881
16	317	299	300
16	318	482	483
16	319	416	417
16	320	258	259
16	321	514	515
16	322	440	441
16	323	117	203
16	324	0	0
16	325	0	0
16	326	256	257
16	327	0	0
16	328	0	0
16	329	195	196
16	330	301	302
16	331	242	243
16	332	411	412
16	333	653	654
16	334	0	0
16	335	0	0
16	336	418	419
16	337	397	398
16	338	247	248
16	339	220	221
16	340	0	0
16	341	0	0
16	342	327	328
16	343	286	287
16	344	0	0
16	345	0	0
16	346	324	325
16	347	309	310
16	348	0	0
16	349	0	0
16	350	391	392
16	351	389	390
16	352	311	312
16	353	332	333
16	354	0	0
16	355	448	449
16	356	311	312
16	357	197	198
16	358	503	504
16	359	368	369
16	360	299	300
16	361	442	443
16	362	405	406
16	363	354	355
16	364	354	355
16	365	286	287
16	366	949	950
16	367	376	377
16	368	0	0
16	369	0	0
16	370	486	487
16	371	754	755
16	372	227	228
16	373	247	248
16	374	344	345
16	375	197	198
16	376	480	481
16	377	534	535
16	378	0	0
16	379	0	0
16	380	240	241
16	381	370	371
16	382	240	241
16	383	376	377
16	384	350	351
16	385	284	285
16	386	697	698
16	387	0	0
16	388	237	238
16	389	424	425
16	390	421	422
16	391	572	573
16	392	407	408
16	393	445	446
16	394	735	736
16	395	393	394
16	396	358	359
16	397	0	0
16	398	0	0
16	399	0	0
16	400	0	0
16	401	340	341
16	402	224	225
16	403	261	262
16	404	324	325
16	405	649	650
16	406	455	456
16	407	497	498
16	408	0	0
16	409	432	433
16	410	970	971
16	411	0	0
16	412	0	0
16	413	205	206
16	414	334	335
16	415	393	394
16	416	0	0
16	417	0	0
16	418	0	0
16	419	0	0
16	420	358	359
16	421	661	662
16	422	555	556
16	423	366	367
16	424	428	429
16	425	852	853
16	426	350	351
16	427	318	319
16	428	0	0
16	429	0	0
16	430	327	328
16	431	197	198
16	432	615	616
16	433	0	0
16	434	0	0
16	435	0	0
16	436	350	351
16	437	540	541
16	438	490	491
16	439	348	349
16	440	0	0
16	441	0	0
16	442	910	911
16	443	0	0
16	444	411	412
16	445	500	501
16	446	567	568
16	447	286	287
16	448	583	584
16	449	876	877
16	450	311	312
16	451	354	355
16	452	536	537
16	453	478	479
16	454	348	349
16	455	0	0
16	456	0	0
16	457	638	639
16	458	617	618
16	459	397	398
16	460	397	398
16	461	366	367
16	462	418	419
16	463	334	335
16	464	267	268
16	465	295	296
16	466	409	410
16	467	269	270
16	468	261	262
16	469	250	251
16	470	448	449
16	471	434	435
16	472	185	186
16	473	579	580
16	474	878	879
16	475	399	400
16	476	418	419
16	477	457	458
16	478	550	551
16	479	592	593
16	480	0	0
16	481	0	0
16	482	0	0
16	483	0	0
16	484	421	422
16	485	295	296
16	486	0	0
16	487	0	0
16	488	0	0
16	489	0	0
16	490	0	0
16	491	0	0
16	492	488	489
16	493	299	300
16	494	386	387
16	495	0	0
16	496	0	0
16	497	0	0
16	498	0	0
16	499	334	335
16	500	0	0
16	501	0	0
16	502	495	496
16	503	0	0
16	504	0	0
16	505	340	341
16	506	432	433
16	507	242	243
16	508	227	228
16	509	376	377
16	510	348	349
16	511	269	270
16	512	378	379
16	513	370	371
16	514	0	0
16	515	0	0
16	516	315	316
16	517	0	0
16	518	0	0
16	519	280	281
16	520	389	390
16	521	473	474
16	522	399	400
16	523	480	481
16	524	416	417
16	525	295	296
16	526	318	319
16	527	497	498
16	528	393	394
16	529	366	367
16	530	215	216
16	531	457	458
16	532	457	458
16	533	309	310
16	534	0	0
16	535	0	0
16	536	630	631
16	537	635	636
16	538	473	474
16	539	416	417
16	540	0	0
16	541	0	0
16	542	336	337
16	543	548	549
16	544	864	865
16	545	480	481
16	546	540	541
16	547	490	491
16	548	702	703
16	549	609	610
16	550	0	0
16	551	0	0
16	552	361	362
16	553	327	328
16	554	389	390
16	555	0	0
16	556	0	0
16	557	267	268
16	558	389	390
16	559	416	417
16	560	434	435
16	561	548	549
16	562	301	302
16	563	397	398
16	564	548	549
16	565	437	438
16	566	486	487
16	567	0	0
16	568	0	0
16	569	265	266
16	570	452	453
16	571	418	419
16	572	665	666
16	573	774	775
16	574	452	453
16	575	332	333
16	576	175	176
16	577	437	438
16	578	550	551
16	579	656	657
16	580	815	816
16	581	473	474
16	582	448	449
16	583	741	742
16	584	747	748
16	585	497	498
16	586	265	266
16	587	440	441
16	588	391	392
16	589	752	753
16	590	0	0
16	591	321	322
16	592	0	0
16	593	0	0
16	594	202	595
16	595	858	859
16	596	409	410
16	597	358	359
16	598	409	410
16	599	503	504
16	600	445	446
16	601	340	341
16	602	555	556
16	603	583	584
16	604	555	556
16	605	428	429
16	606	276	277
16	607	284	285
16	608	175	176
16	609	0	0
16	610	0	0
16	611	391	392
16	612	572	573
16	613	399	400
16	614	315	316
16	615	902	903
16	616	717	718
16	617	922	923
16	618	713	714
16	619	572	573
16	620	220	221
16	621	497	498
16	622	609	610
16	623	486	487
16	624	478	479
16	625	421	422
16	626	407	408
16	627	442	443
16	628	227	228
16	629	517	518
16	630	0	0
16	631	0	0
16	632	405	406
16	633	543	544
16	634	514	515
16	635	0	0
16	636	0	0
16	637	548	549
16	638	0	0
16	639	871	872
16	640	617	618
16	641	579	580
16	642	301	302
16	643	488	489
16	644	336	337
16	645	442	443
16	646	261	262
16	647	630	631
16	648	480	481
16	649	0	0
16	650	0	0
16	651	609	610
16	652	617	618
16	653	0	0
16	654	0	0
16	655	452	453
16	656	824	825
16	657	0	0
16	658	434	435
16	659	272	273
16	660	405	406
16	661	0	0
16	662	0	0
16	663	583	584
16	664	478	479
16	665	0	0
16	666	0	0
16	667	609	610
16	668	324	325
16	669	478	479
16	670	615	616
16	671	376	377
16	672	378	379
16	673	495	496
16	674	649	650
16	675	284	285
16	676	589	590
16	677	378	379
16	678	540	541
16	679	432	433
16	680	656	657
16	681	503	504
16	682	276	277
16	683	649	650
16	684	256	257
16	685	500	501
16	686	432	433
16	687	503	504
16	688	280	281
16	689	0	0
16	690	0	0
16	691	649	650
16	692	315	316
16	693	442	443
16	694	540	541
16	695	689	690
16	696	272	273
16	697	0	0
16	698	0	0
16	699	486	487
16	700	421	422
16	701	455	456
16	702	0	0
16	703	0	0
16	704	514	515
16	705	0	0
16	706	0	0
16	707	702	703
16	708	665	666
16	709	821	822
16	710	0	0
16	711	368	369
16	712	440	441
16	713	0	0
16	714	0	0
16	715	514	515
16	716	267	268
16	717	0	0
16	718	0	0
16	719	276	277
16	720	929	930
16	721	0	0
16	722	318	319
16	723	411	412
16	724	617	618
16	725	455	456
16	726	265	266
16	727	344	345
16	728	428	429
16	729	653	654
16	730	572	573
16	731	555	556
16	732	697	698
16	733	589	590
16	734	448	449
16	735	0	0
16	736	757	758
16	737	630	631
16	738	713	714
16	739	440	441
16	740	635	636
16	741	785	786
16	742	837	838
16	743	592	593
16	744	336	337
16	745	482	483
16	746	391	392
16	747	842	843
16	748	0	0
16	749	615	616
16	750	717	718
16	751	661	662
16	752	782	783
16	753	856	857
16	754	0	0
16	755	0	0
16	756	638	639
16	757	0	0
16	758	0	0
16	759	635	636
16	760	757	758
16	761	689	690
16	762	697	698
16	763	411	412
16	764	709	710
16	765	0	0
16	766	0	0
16	767	638	639
16	768	370	371
16	769	424	425
16	770	495	496
16	771	482	483
16	772	713	714
16	773	754	755
16	774	0	0
16	775	0	0
16	776	757	758
16	777	697	698
16	778	653	654
16	779	752	753
16	780	635	636
16	781	536	537
16	782	0	0
16	783	0	0
16	784	202	595
16	785	933	934
16	786	788	789
16	787	615	616
16	788	0	0
16	789	0	0
16	790	638	639
16	791	788	789
16	792	424	425
16	793	0	0
16	794	0	0
16	795	592	593
16	796	735	736
16	797	490	491
16	798	500	501
16	799	747	748
16	800	490	491
16	801	202	595
16	802	754	755
16	803	653	654
16	804	782	783
16	805	536	537
16	806	765	766
16	807	583	584
16	808	793	794
16	809	482	483
16	810	543	544
16	811	543	544
16	812	754	755
16	813	332	333
16	814	774	775
16	815	897	898
16	816	827	828
16	817	567	568
16	818	752	753
16	819	735	736
16	820	713	714
16	821	0	0
16	822	0	0
16	823	665	666
16	824	908	909
16	825	882	883
16	826	579	580
16	827	0	0
16	828	829	830
16	829	0	0
16	830	0	0
16	831	709	710
16	832	735	736
16	833	717	718
16	834	550	551
16	835	589	590
16	836	579	580
16	837	962	963
16	838	860	861
16	839	309	310
16	840	407	408
16	841	788	789
16	842	0	0
16	843	0	0
16	844	424	425
16	845	702	703
16	846	550	551
16	847	517	518
16	848	202	595
16	849	272	273
16	850	386	387
16	851	752	753
16	852	0	0
16	853	0	0
16	854	630	631
16	855	842	843
16	856	0	0
16	857	0	0
16	858	0	0
16	859	978	979
16	860	0	0
16	861	873	874
16	862	405	406
16	863	858	859
16	864	968	969
16	865	0	0
16	866	856	857
16	867	960	961
16	868	0	0
16	869	884	885
16	870	938	939
16	871	0	0
16	872	0	0
16	873	913	914
16	874	988	989
16	875	536	537
16	876	0	0
16	877	0	0
16	878	953	954
16	879	931	932
16	880	920	921
16	881	0	0
16	882	0	0
16	883	0	0
16	884	0	0
16	885	0	0
16	886	709	710
16	887	869	870
16	888	873	874
16	889	878	879
16	890	852	853
16	891	661	662
16	892	534	535
16	893	837	838
16	894	860	861
16	895	852	853
16	896	455	456
16	897	942	943
16	898	0	0
16	899	656	657
16	900	361	362
16	901	407	408
16	902	0	0
16	903	0	0
16	904	437	438
16	905	656	657
16	906	428	429
16	907	661	662
16	908	0	0
16	909	0	0
16	910	0	0
16	911	0	0
16	912	876	877
16	913	0	0
16	914	0	0
16	915	765	766
16	916	902	903
16	917	488	489
16	918	913	914
16	919	741	742
16	920	0	0
16	921	0	0
16	922	0	0
16	923	0	0
16	924	908	909
16	925	908	909
16	926	856	857
16	927	873	874
16	928	871	872
16	929	0	0
16	930	0	0
16	931	0	0
16	932	990	991
16	933	0	0
16	934	0	0
16	935	815	816
16	936	880	881
16	937	908	909
16	938	0	0
16	939	0	0
16	940	815	816
16	941	827	828
16	942	0	0
16	943	0	0
16	944	920	921
16	945	361	362
16	946	922	923
16	947	922	923
16	948	878	879
16	949	0	0
16	950	997	998
16	951	720	721
16	952	867	868
16	953	0	0
16	954	0	0
16	955	942	943
16	956	765	766
16	957	869	870
16	958	665	666
16	959	856	857
16	960	0	0
16	961	973	974
16	962	0	0
16	963	0	0
16	964	824	825
16	965	785	786
16	966	793	794
16	967	702	703
16	968	0	0
16	969	0	0
16	970	981	982
16	971	999	1000
16	972	821	822
16	973	0	0
16	974	0	0
16	975	880	881
16	976	517	518
16	977	829	830
16	978	0	0
16	979	0	0
16	980	920	921
16	981	0	0
16	982	0	0
16	983	785	786
16	984	829	830
16	985	717	718
16	986	910	911
16	987	873	874
16	988	0	0
16	989	0	0
16	990	0	0
16	991	0	0
16	992	445	446
16	993	827	828
16	994	747	748
16	995	757	758
16	996	978	979
16	997	0	0
16	998	0	0
16	999	0	0
16	1000	0	0
