16	1	0	0
16	2	1	3
16	3	0	0
16	4	2	5
16	5	29	30
16	6	2	5
16	7	1	3
16	8	1	3
16	9	1	3
16	10	4	11
16	11	21	22
16	12	4	11
16	13	10	14
16	14	17	18
16	15	2	5
16	16	2	5
16	17	27	28
16	18	47	48
16	19	17	18
16	20	17	18
16	21	40	41
16	22	90	91
16	23	10	14
16	24	17	18
16	25	21	22
16	26	4	11
16	27	42	43
16	28	76	77
16	29	0	0
16	30	0	0
16	31	27	28
16	32	4	11
16	33	10	14
16	34	10	14
16	35	29	30
16	36	21	22
16	37	13	38
16	38	112	113
16	39	21	22
16	40	0	0
16	41	0	0
16	42	0	0
16	43	0	0
16	44	42	43
16	45	40	41
16	46	42	43
16	47	74	75
16	48	56	57
16	49	37	50
16	50	62	63
16	51	27	28
16	52	37	50
16	53	13	38
16	54	37	50
16	55	37	50
16	56	0	0
16	57	0	0
16	58	29	30
16	59	42	43
16	60	56	57
16	61	13	38
16	62	83	84
16	63	0	0
16	64	47	48
16	65	47	48
16	66	62	63
16	67	27	28
16	68	40	41
16	69	13	38
16	70	62	63
16	71	62	63
16	72	56	57
16	73	56	57
16	74	0	0
16	75	0	0
16	76	0	0
16	77	0	0
16	78	49	79
16	79	80	81
16	80	103	104
16	81	101	102
16	82	80	81
16	83	96	97
16	84	145	146
16	85	74	75
16	86	74	75
16	87	74	75
16	88	29	30
16	89	83	84
16	90	0	0
16	91	0	0
16	92	78	93
16	93	107	108
16	94	76	77
16	95	83	84
16	96	154	155
16	97	119	120
16	98	40	41
16	99	49	79
16	100	96	97
16	101	280	281
16	102	0	0
16	103	125	126
16	104	156	157
16	105	96	97
16	106	80	81
16	107	202	203
16	108	128	129
16	109	92	110
16	110	130	131
16	111	47	48
16	112	0	0
16	113	116	117
16	114	90	91
16	115	80	81
16	116	138	139
16	117	184	185
16	118	103	104
16	119	158	159
16	120	140	141
16	121	103	104
16	122	107	108
16	123	101	102
16	124	107	108
16	125	168	169
16	126	219	220
16	127	103	104
16	128	151	152
16	129	0	0
16	130	134	135
16	131	132	133
16	132	136	137
16	133	247	248
16	134	290	291
16	135	268	269
16	136	0	0
16	137	256	257
16	138	174	175
16	139	0	0
16	140	0	0
16	141	0	0
16	142	112	113
16	143	83	84
16	144	112	113
16	145	171	172
16	146	0	0
16	147	125	126
16	148	107	108
16	149	112	113
16	150	145	146
16	151	178	179
16	152	228	229
16	153	134	135
16	154	182	183
16	155	161	162
16	156	0	0
16	157	176	177
16	158	0	0
16	159	0	0
16	160	92	110
16	161	0	0
16	162	0	0
16	163	76	77
16	164	119	120
16	165	138	139
16	166	138	139
16	167	156	157
16	168	212	213
16	169	0	0
16	170	125	126
16	171	266	267
16	172	283	284
16	173	119	120
16	174	0	0
16	175	0	0
16	176	205	206
16	177	262	263
16	178	272	273
16	179	223	224
16	180	76	77
16	181	136	137
16	182	0	0
16	183	0	0
16	184	252	253
16	185	258	259
16	186	151	152
16	187	168	169
16	188	90	91
16	189	140	141
16	190	96	97
16	191	78	93
16	192	182	183
16	193	171	172
16	194	49	79
16	195	171	172
16	196	116	117
16	197	168	169
16	198	136	137
16	199	128	129
16	200	119	120
16	201	92	110
16	202	0	0
16	203	0	0
16	204	92	110
16	205	270	271
16	206	208	209
16	207	101	102
16	208	0	0
16	209	0	0
16	210	151	152
16	211	128	129
16	212	0	0
16	213	0	0
16	214	138	139
16	215	101	102
16	216	178	179
16	217	205	206
16	218	205	206
16	219	238	239
16	220	0	0
16	221	158	159
16	222	156	157
16	223	0	0
16	224	249	250
16	225	161	162
16	226	178	179
16	227	174	175
16	228	0	0
16	229	276	277
16	230	223	224
16	231	134	135
16	232	212	213
16	233	90	91
16	234	154	155
16	235	219	220
16	236	219	220
16	237	171	172
16	238	0	0
16	239	0	0
16	240	130	131
16	241	145	146
16	242	202	203
16	243	156	157
16	244	49	79
16	245	228	229
16	246	219	220
16	247	0	0
16	248	286	287
16	249	0	0
16	250	0	0
16	251	154	155
16	252	0	0
16	253	0	0
16	254	151	152
16	255	132	133
16	256	0	0
16	257	0	0
16	258	0	0
16	259	0	0
16	260	158	159
16	261	132	133
16	262	0	0
16	263	0	0
16	264	125	126
16	265	182	183
16	266	0	0
16	267	0	0
16	268	0	0
16	269	0	0
16	270	0	0
16	271	0	0
16	272	0	0
16	273	0	0
16	274	161	162
16	275	182	183
16	276	0	0
16	277	0	0
16	278	136	137
16	279	132	133
16	280	0	0
16	281	0	0
16	282	140	141
16	283	0	0
16	284	0	0
16	285	161	162
16	286	0	0
16	287	297	298
16	288	176	177
16	289	184	185
16	290	0	0
16	291	0	0
16	292	208	209
16	293	178	179
16	294	249	250
16	295	270	271
16	296	270	271
16	297	0	0
16	298	0	0
16	299	270	271
16	300	0	0
