30	1	0	0
30	2	1	3
30	3	0	0
30	4	1	3
30	5	1	3
30	6	1	3
30	7	2	8
30	8	19	20
30	9	7	10
30	10	23	24
30	11	7	10
30	12	9	13
30	13	14	15
30	14	41	42
30	15	21	22
30	16	14	15
30	17	2	8
30	18	14	15
30	19	0	0
30	20	0	0
30	21	43	44
30	22	36	37
30	23	65	66
30	24	31	32
30	25	23	24
30	26	19	20
30	27	19	20
30	28	21	22
30	29	2	8
30	30	23	24
30	31	0	0
30	32	0	0
30	33	23	24
30	34	19	20
30	35	21	22
30	36	0	0
30	37	0	0
30	38	36	37
30	39	7	10
30	40	9	13
30	41	56	57
30	42	73	74
30	43	0	0
30	44	0	0
30	45	36	37
30	46	2	8
30	47	21	22
30	48	36	37
30	49	9	13
30	50	12	51
30	51	54	55
30	52	14	15
30	53	9	13
30	54	78	79
30	55	63	64
30	56	0	0
30	57	0	0
30	58	43	44
30	59	43	44
30	60	56	57
30	61	12	51
30	62	43	44
30	63	91	92
30	64	114	115
30	65	0	0
30	66	0	0
30	67	54	55
30	68	56	57
30	69	65	66
30	70	31	32
30	71	7	10
30	72	54	55
30	73	0	0
30	74	0	0
30	75	56	57
30	76	41	42
30	77	73	74
30	78	101	102
30	79	94	95
30	80	73	74
30	81	78	79
30	82	65	66
30	83	63	64
30	84	31	32
30	85	63	64
30	86	12	51
30	87	50	88
30	88	290	291
30	89	87	90
30	90	136	137
30	91	118	119
30	92	111	112
30	93	54	55
30	94	197	198
30	95	162	163
30	96	31	32
30	97	65	66
30	98	89	99
30	99	109	110
30	100	87	90
30	101	154	155
30	102	122	123
30	103	50	88
30	104	63	64
30	105	91	92
30	106	78	79
30	107	73	74
30	108	78	79
30	109	139	140
30	110	134	135
30	111	0	0
30	112	0	0
30	113	89	99
30	114	144	145
30	115	232	233
30	116	89	99
30	117	41	42
30	118	0	0
30	119	0	0
30	120	87	90
30	121	89	99
30	122	0	0
30	123	0	0
30	124	91	92
30	125	87	90
30	126	91	92
30	127	122	123
30	128	122	123
30	129	109	110
30	130	109	110
30	131	122	123
30	132	111	112
30	133	109	110
30	134	248	249
30	135	178	179
30	136	0	0
30	137	171	172
30	138	118	119
30	139	156	157
30	140	147	148
30	141	134	135
30	142	12	51
30	143	50	88
30	144	0	0
30	145	0	0
30	146	118	119
30	147	193	194
30	148	150	151
30	149	114	115
30	150	0	0
30	151	166	167
30	152	147	148
30	153	50	88
30	154	0	0
30	155	0	0
30	156	0	0
30	157	212	213
30	158	139	140
30	159	94	95
30	160	41	42
30	161	101	102
30	162	0	0
30	163	0	0
30	164	154	155
30	165	139	140
30	166	168	169
30	167	236	237
30	168	180	181
30	169	183	184
30	170	118	119
30	171	185	186
30	172	230	231
30	173	156	157
30	174	166	167
30	175	168	169
30	176	147	148
30	177	144	145
30	178	0	0
30	179	269	270
30	180	0	0
30	181	0	0
30	182	139	140
30	183	0	0
30	184	0	0
30	185	187	188
30	186	0	0
30	187	226	227
30	188	238	239
30	189	185	186
30	190	98	191
30	191	0	0
30	192	94	95
30	193	0	0
30	194	241	242
30	195	171	172
30	196	147	148
30	197	0	0
30	198	0	0
30	199	178	179
30	200	171	172
30	201	98	191
30	202	197	198
30	203	101	102
30	204	111	112
30	205	156	157
30	206	162	163
30	207	185	186
30	208	178	179
30	209	114	115
30	210	154	155
30	211	168	169
30	212	295	296
30	213	255	256
30	214	150	151
30	215	193	194
30	216	183	184
30	217	154	155
30	218	187	188
30	219	144	145
30	220	171	172
30	221	150	151
30	222	101	102
30	223	134	135
30	224	134	135
30	225	183	184
30	226	0	0
30	227	0	0
30	228	94	95
30	229	150	151
30	230	0	0
30	231	271	272
30	232	0	0
30	233	0	0
30	234	187	188
30	235	111	112
30	236	251	252
30	237	293	294
30	238	244	245
30	239	260	261
30	240	98	191
30	241	287	288
30	242	253	254
30	243	236	237
30	244	0	0
30	245	0	0
30	246	230	231
30	247	162	163
30	248	0	0
30	249	281	282
30	250	98	191
30	251	0	0
30	252	0	0
30	253	0	0
30	254	297	298
30	255	284	285
30	256	0	0
30	257	232	233
30	258	244	245
30	259	193	194
30	260	0	0
30	261	0	0
30	262	156	157
30	263	212	213
30	264	253	254
30	265	136	137
30	266	193	194
30	267	212	213
30	268	253	254
30	269	0	0
30	270	0	0
30	271	0	0
30	272	0	0
30	273	230	231
30	274	232	233
30	275	183	184
30	276	197	198
30	277	226	227
30	278	136	137
30	279	180	181
30	280	136	137
30	281	0	0
30	282	0	0
30	283	212	213
30	284	0	0
30	285	0	0
30	286	251	252
30	287	0	0
30	288	0	0
30	289	251	252
30	290	0	0
30	291	0	0
30	292	144	145
30	293	0	0
30	294	0	0
30	295	0	0
30	296	0	0
30	297	0	0
30	298	0	0
30	299	293	294
30	300	293	294
