11	1	0	0
11	2	1	3
11	3	0	0
11	4	1	3
11	5	1	3
11	6	1	3
11	7	2	8
11	8	25	26
11	9	2	8
11	10	2	8
11	11	2	8
11	12	7	13
11	13	14	15
11	14	20	21
11	15	22	23
11	16	12	17
11	17	113	114
11	18	16	19
11	19	34	35
11	20	0	0
11	21	0	0
11	22	0	0
11	23	0	0
11	24	22	23
11	25	0	0
11	26	0	0
11	27	7	13
11	28	14	15
11	29	20	21
11	30	20	21
11	31	22	23
11	32	20	21
11	33	12	17
11	34	36	37
11	35	46	47
11	36	42	43
11	37	87	88
11	38	7	13
11	39	22	23
11	40	36	37
11	41	12	17
11	42	48	49
11	43	52	53
11	44	42	43
11	45	42	43
11	46	72	73
11	47	65	66
11	48	0	0
11	49	0	0
11	50	7	13
11	51	48	49
11	52	0	0
11	53	0	0
11	54	14	15
11	55	14	15
11	56	52	53
11	57	42	43
11	58	12	17
11	59	34	35
11	60	52	53
11	61	36	37
11	62	46	47
11	63	52	53
11	64	34	35
11	65	94	95
11	66	106	107
11	67	65	66
11	68	25	26
11	69	36	37
11	70	48	49
11	71	25	26
11	72	80	81
11	73	84	85
11	74	34	35
11	75	16	19
11	76	25	26
11	77	48	49
11	78	65	66
11	79	72	73
11	80	0	0
11	81	0	0
11	82	18	83
11	83	111	112
11	84	0	0
11	85	0	0
11	86	65	66
11	87	120	121
11	88	108	109
11	89	18	83
11	90	82	91
11	91	101	102
11	92	84	85
11	93	46	47
11	94	0	0
11	95	0	0
11	96	80	81
11	97	80	81
11	98	94	95
11	99	87	88
11	100	18	83
11	101	157	158
11	102	134	135
11	103	82	91
11	104	94	95
11	105	94	95
11	106	0	0
11	107	0	0
11	108	0	0
11	109	0	0
11	110	18	83
11	111	132	133
11	112	181	182
11	113	137	138
11	114	165	166
11	115	106	107
11	116	82	91
11	117	113	114
11	118	90	119
11	119	159	160
11	120	0	0
11	121	0	0
11	122	118	123
11	123	453	454
11	124	90	119
11	125	90	119
11	126	118	123
11	127	87	88
11	128	106	107
11	129	106	107
11	130	101	102
11	131	113	114
11	132	142	143
11	133	176	177
11	134	183	184
11	135	203	204
11	136	84	85
11	137	151	152
11	138	171	172
11	139	16	19
11	140	80	81
11	141	72	73
11	142	162	163
11	143	0	0
11	144	122	145
11	145	0	0
11	146	113	114
11	147	101	102
11	148	108	109
11	149	84	85
11	150	72	73
11	151	0	0
11	152	0	0
11	153	46	47
11	154	137	138
11	155	122	145
11	156	111	112
11	157	332	333
11	158	173	174
11	159	235	236
11	160	0	0
11	161	120	121
11	162	341	342
11	163	224	225
11	164	142	143
11	165	221	222
11	166	201	202
11	167	111	112
11	168	90	119
11	169	151	152
11	170	120	121
11	171	0	0
11	172	0	0
11	173	305	306
11	174	199	200
11	175	173	174
11	176	179	180
11	177	194	195
11	178	142	143
11	179	197	198
11	180	258	259
11	181	349	350
11	182	0	0
11	183	239	240
11	184	192	193
11	185	101	102
11	186	16	19
11	187	159	160
11	188	183	184
11	189	179	180
11	190	137	138
11	191	118	123
11	192	281	282
11	193	0	0
11	194	469	470
11	195	496	497
11	196	132	133
11	197	0	0
11	198	0	0
11	199	274	275
11	200	256	257
11	201	0	0
11	202	0	0
11	203	214	215
11	204	265	266
11	205	144	206
11	206	232	233
11	207	192	193
11	208	120	121
11	209	122	145
11	210	151	152
11	211	197	198
11	212	199	200
11	213	142	143
11	214	0	0
11	215	346	347
11	216	162	163
11	217	118	123
11	218	134	135
11	219	183	184
11	220	183	184
11	221	0	0
11	222	0	0
11	223	201	202
11	224	0	0
11	225	0	0
11	226	165	166
11	227	181	182
11	228	199	200
11	229	159	160
11	230	134	135
11	231	157	158
11	232	302	303
11	233	245	246
11	234	162	163
11	235	250	251
11	236	298	299
11	237	232	233
11	238	203	204
11	239	271	272
11	240	252	253
11	241	165	166
11	242	176	177
11	243	171	172
11	244	192	193
11	245	294	295
11	246	254	255
11	247	239	240
11	248	82	91
11	249	214	215
11	250	0	0
11	251	312	313
11	252	279	280
11	253	366	367
11	254	0	0
11	255	283	284
11	256	260	261
11	257	291	292
11	258	0	0
11	259	0	0
11	260	0	0
11	261	0	0
11	262	122	145
11	263	201	202
11	264	151	152
11	265	379	380
11	266	0	0
11	267	179	180
11	268	171	172
11	269	224	225
11	270	179	180
11	271	0	0
11	272	315	316
11	273	181	182
11	274	0	0
11	275	307	308
11	276	137	138
11	277	254	255
11	278	265	266
11	279	0	0
11	280	0	0
11	281	0	0
11	282	326	327
11	283	409	410
11	284	324	325
11	285	192	193
11	286	252	253
11	287	221	222
11	288	214	215
11	289	165	166
11	290	162	163
11	291	0	0
11	292	0	0
11	293	291	292
11	294	0	0
11	295	437	438
11	296	283	284
11	297	159	160
11	298	318	319
11	299	457	458
11	300	283	284
11	301	281	282
11	302	398	399
11	303	396	397
11	304	258	259
11	305	0	0
11	306	421	422
11	307	0	0
11	308	0	0
11	309	214	215
11	310	258	259
11	311	232	233
11	312	334	335
11	313	0	0
11	314	87	88
11	315	0	0
11	316	0	0
11	317	181	182
11	318	391	392
11	319	472	473
11	320	235	236
11	321	221	222
11	322	291	292
11	323	108	109
11	324	419	420
11	325	0	0
11	326	0	0
11	327	0	0
11	328	199	200
11	329	232	233
11	330	111	112
11	331	224	225
11	332	336	337
11	333	446	447
11	334	0	0
11	335	364	365
11	336	498	499
11	337	374	375
11	338	235	236
11	339	291	292
11	340	294	295
11	341	0	0
11	342	0	0
11	343	307	308
11	344	201	202
11	345	324	325
11	346	0	0
11	347	415	416
11	348	341	342
11	349	0	0
11	350	405	406
11	351	235	236
11	352	256	257
11	353	173	174
11	354	305	306
11	355	294	295
11	356	157	158
11	357	334	335
11	358	265	266
11	359	298	299
11	360	245	246
11	361	245	246
11	362	283	284
11	363	256	257
11	364	0	0
11	365	0	0
11	366	0	0
11	367	0	0
11	368	312	313
11	369	239	240
11	370	203	204
11	371	366	367
11	372	332	333
11	373	364	365
11	374	0	0
11	375	0	0
11	376	205	377
11	377	0	0
11	378	307	308
11	379	0	0
11	380	407	408
11	381	144	206
11	382	376	383
11	383	385	386
11	384	274	275
11	385	493	494
11	386	459	460
11	387	312	313
11	388	305	306
11	389	157	158
11	390	252	253
11	391	0	0
11	392	0	0
11	393	132	133
11	394	385	386
11	395	132	133
11	396	466	467
11	397	0	0
11	398	475	476
11	399	428	429
11	400	324	325
11	401	258	259
11	402	374	375
11	403	256	257
11	404	197	198
11	405	0	0
11	406	0	0
11	407	0	0
11	408	0	0
11	409	0	0
11	410	0	0
11	411	281	282
11	412	144	206
11	413	194	195
11	414	332	333
11	415	0	0
11	416	0	0
11	417	315	316
11	418	407	408
11	419	0	0
11	420	0	0
11	421	424	425
11	422	0	0
11	423	171	172
11	424	0	0
11	425	0	0
11	426	349	350
11	427	173	174
11	428	439	440
11	429	0	0
11	430	307	308
11	431	176	177
11	432	279	280
11	433	224	225
11	434	385	386
11	435	271	272
11	436	194	195
11	437	0	0
11	438	0	0
11	439	0	0
11	440	0	0
11	441	396	397
11	442	396	397
11	443	346	347
11	444	250	251
11	445	298	299
11	446	0	0
11	447	485	486
11	448	279	280
11	449	203	204
11	450	374	375
11	451	245	246
11	452	374	375
11	453	0	0
11	454	0	0
11	455	205	377
11	456	265	266
11	457	0	0
11	458	463	464
11	459	0	0
11	460	0	0
11	461	239	240
11	462	391	392
11	463	0	0
11	464	487	488
11	465	407	408
11	466	0	0
11	467	0	0
11	468	324	325
11	469	0	0
11	470	0	0
11	471	385	386
11	472	0	0
11	473	0	0
11	474	336	337
11	475	481	482
11	476	0	0
11	477	428	429
11	478	409	410
11	479	457	458
11	480	398	399
11	481	0	0
11	482	0	0
11	483	439	440
11	484	415	416
11	485	0	0
11	486	0	0
11	487	0	0
11	488	0	0
11	489	326	327
11	490	252	253
11	491	487	488
11	492	302	303
11	493	0	0
11	494	0	0
11	495	466	467
11	496	0	0
11	497	0	0
11	498	0	0
11	499	0	0
11	500	326	327
