1	1	0	0
1	2	1	3
1	3	0	0
1	4	1	3
1	5	1	3
1	6	1	3
1	7	2	8
1	8	9	10
1	9	0	0
1	10	0	0
1	11	9	10
1	12	9	10
1	13	7	14
1	14	16	17
1	15	9	10
1	16	42	43
1	17	18	19
1	18	0	0
1	19	0	0
1	20	7	14
1	21	18	19
1	22	7	14
1	23	16	17
1	24	16	17
1	25	7	14
1	26	16	17
1	27	18	19
1	28	2	8
1	29	2	8
1	30	18	19
1	31	13	32
1	32	38	39
1	33	31	34
1	34	57	58
1	35	13	32
1	36	31	34
1	37	2	8
1	38	49	50
1	39	0	0
1	40	38	39
1	41	13	32
1	42	0	0
1	43	0	0
1	44	33	45
1	45	47	48
1	46	13	32
1	47	61	62
1	48	0	0
1	49	54	55
1	50	51	52
1	51	0	0
1	52	0	0
1	53	33	45
1	54	0	0
1	55	0	0
1	56	38	39
1	57	77	78
1	58	59	60
1	59	86	87
1	60	81	82
1	61	63	64
1	62	0	0
1	63	0	0
1	64	0	0
1	65	54	55
1	66	54	55
1	67	61	62
1	68	49	50
1	69	54	55
1	70	57	58
1	71	42	43
1	72	31	34
1	73	51	52
1	74	31	34
1	75	33	45
1	76	59	60
1	77	0	0
1	78	0	0
1	79	33	45
1	80	63	64
1	81	0	0
1	82	90	91
1	83	42	43
1	84	38	39
1	85	59	60
1	86	0	0
1	87	88	89
1	88	0	0
1	89	0	0
1	90	0	0
1	91	0	0
1	92	61	62
1	93	90	91
1	94	51	52
1	95	44	96
1	96	98	99
1	97	59	60
1	98	0	0
1	99	0	0
1	100	0	0
