28	1	0	0
28	2	1	3
28	3	0	0
28	4	2	5
28	5	23	24
28	6	4	7
28	7	9	10
28	8	2	5
28	9	17	18
28	10	11	12
28	11	0	0
28	12	0	0
28	13	6	14
28	14	0	0
28	15	13	16
28	16	35	36
28	17	0	0
28	18	0	0
28	19	6	14
28	20	1	3
28	21	9	10
28	22	2	5
28	23	0	0
28	24	0	0
28	25	13	16
28	26	4	7
28	27	17	18
28	28	11	12
28	29	6	14
28	30	11	12
28	31	13	16
28	32	13	16
28	33	9	10
28	34	11	12
28	35	45	46
28	36	0	0
28	37	23	24
28	38	1	3
28	39	9	10
28	40	17	18
28	41	4	7
28	42	35	36
28	43	35	36
28	44	35	36
28	45	0	0
28	46	0	0
28	47	4	7
28	48	17	18
28	49	2	5
28	50	45	46
