37	1	0	0
37	2	1	3
37	3	0	0
37	4	1	3
37	5	1	3
37	6	1	3
37	7	2	8
37	8	9	10
37	9	0	0
37	10	0	0
37	11	2	8
37	12	9	10
37	13	7	14
37	14	21	22
37	15	9	10
37	16	9	10
37	17	13	18
37	18	19	20
37	19	31	32
37	20	37	38
37	21	23	24
37	22	33	34
37	23	0	0
37	24	0	0
37	25	7	14
37	26	17	27
37	27	60	61
37	28	17	27
37	29	2	8
37	30	23	24
37	31	35	36
37	32	69	70
37	33	0	0
37	34	0	0
37	35	0	0
37	36	0	0
37	37	44	45
37	38	55	56
37	39	37	38
37	40	19	20
37	41	31	32
37	42	7	14
37	43	33	34
37	44	0	0
37	45	0	0
37	46	17	27
37	47	19	20
37	48	19	20
37	49	35	36
37	50	33	34
37	51	17	27
37	52	37	38
37	53	2	8
37	54	31	32
37	55	0	0
37	56	0	0
37	57	33	34
37	58	23	24
37	59	7	14
37	60	117	118
37	61	64	65
37	62	37	38
37	63	35	36
37	64	76	77
37	65	82	83
37	66	23	24
37	67	35	36
37	68	44	45
37	69	0	0
37	70	0	0
37	71	60	61
37	72	60	61
37	73	13	18
37	74	55	56
37	75	21	22
37	76	93	94
37	77	107	108
37	78	69	70
37	79	64	65
37	80	64	65
37	81	31	32
37	82	84	85
37	83	127	128
37	84	0	0
37	85	0	0
37	86	26	87
37	87	102	103
37	88	21	22
37	89	55	56
37	90	44	45
37	91	13	18
37	92	13	18
37	93	0	0
37	94	0	0
37	95	64	65
37	96	82	83
37	97	69	70
37	98	84	85
37	99	84	85
37	100	60	61
37	101	44	45
37	102	137	138
37	103	105	106
37	104	55	56
37	105	129	130
37	106	112	113
37	107	0	0
37	108	0	0
37	109	82	83
37	110	107	108
37	111	107	108
37	112	193	194
37	113	141	142
37	114	82	83
37	115	84	85
37	116	76	77
37	117	121	122
37	118	151	152
37	119	21	22
37	120	112	113
37	121	245	246
37	122	157	158
37	123	26	87
37	124	102	103
37	125	121	122
37	126	112	113
37	127	0	0
37	128	0	0
37	129	188	189
37	130	131	132
37	131	159	160
37	132	205	206
37	133	76	77
37	134	102	103
37	135	127	128
37	136	93	94
37	137	280	281
37	138	143	144
37	139	93	94
37	140	127	128
37	141	146	147
37	142	154	155
37	143	176	177
37	144	233	234
37	145	129	130
37	146	0	0
37	147	0	0
37	148	143	144
37	149	69	70
37	150	112	113
37	151	264	265
37	152	166	167
37	153	117	118
37	154	0	0
37	155	0	0
37	156	105	106
37	157	0	0
37	158	0	0
37	159	0	0
37	160	0	0
37	161	143	144
37	162	146	147
37	163	151	152
37	164	157	158
37	165	143	144
37	166	0	0
37	167	0	0
37	168	159	160
37	169	117	118
37	170	137	138
37	171	146	147
37	172	151	152
37	173	159	160
37	174	102	103
37	175	154	155
37	176	255	256
37	177	0	0
37	178	26	87
37	179	26	87
37	180	93	94
37	181	105	106
37	182	159	160
37	183	76	77
37	184	86	185
37	185	195	196
37	186	137	138
37	187	127	128
37	188	199	200
37	189	235	236
37	190	176	177
37	191	146	147
37	192	117	118
37	193	201	202
37	194	253	254
37	195	215	216
37	196	219	220
37	197	121	122
37	198	141	142
37	199	0	0
37	200	0	0
37	201	0	0
37	202	0	0
37	203	193	194
37	204	131	132
37	205	0	0
37	206	0	0
37	207	176	177
37	208	201	202
37	209	105	106
37	210	193	194
37	211	131	132
37	212	121	122
37	213	131	132
37	214	154	155
37	215	0	0
37	216	275	276
37	217	157	158
37	218	205	206
37	219	270	271
37	220	268	269
37	221	154	155
37	222	199	200
37	223	184	224
37	224	284	285
37	225	176	177
37	226	129	130
37	227	107	108
37	228	151	152
37	229	219	220
37	230	157	158
37	231	129	130
37	232	199	200
37	233	261	262
37	234	0	0
37	235	0	0
37	236	0	0
37	237	137	138
37	238	184	224
37	239	184	224
37	240	141	142
37	241	193	194
37	242	86	185
37	243	219	220
37	244	166	167
37	245	0	0
37	246	0	0
37	247	235	236
37	248	215	216
37	249	86	185
37	250	223	251
37	251	0	0
37	252	233	234
37	253	0	0
37	254	0	0
37	255	0	0
37	256	0	0
37	257	255	256
37	258	195	196
37	259	205	206
37	260	233	234
37	261	0	0
37	262	0	0
37	263	195	196
37	264	0	0
37	265	0	0
37	266	166	167
37	267	199	200
37	268	286	287
37	269	0	0
37	270	0	0
37	271	0	0
37	272	141	142
37	273	195	196
37	274	166	167
37	275	0	0
37	276	0	0
37	277	275	276
37	278	201	202
37	279	253	254
37	280	296	297
37	281	299	300
37	282	219	220
37	283	205	206
37	284	0	0
37	285	0	0
37	286	0	0
37	287	0	0
37	288	275	276
37	289	286	287
37	290	188	189
37	291	284	285
37	292	86	185
37	293	184	224
37	294	215	216
37	295	268	269
37	296	0	0
37	297	0	0
37	298	270	271
37	299	0	0
37	300	0	0
