34	1	0	0
34	2	1	3
34	3	0	0
34	4	1	3
34	5	1	3
34	6	1	3
34	7	2	8
34	8	9	10
34	9	0	0
34	10	0	0
34	11	7	12
34	12	14	15
34	13	2	8
34	14	16	17
34	15	20	21
34	16	0	0
34	17	0	0
34	18	2	8
34	19	9	10
34	20	0	0
34	21	0	0
34	22	2	8
34	23	20	21
34	24	14	15
34	25	7	12
34	26	16	17
34	27	7	12
34	28	16	17
34	29	11	30
34	30	34	35
34	31	11	30
34	32	9	10
34	33	16	17
34	34	38	39
34	35	68	69
34	36	29	37
34	37	63	64
34	38	61	62
34	39	40	41
34	40	0	0
34	41	0	0
34	42	14	15
34	43	20	21
34	44	29	37
34	45	11	30
34	46	7	12
34	47	34	35
34	48	34	35
34	49	40	41
34	50	11	30
34	51	40	41
34	52	34	35
34	53	38	39
34	54	29	37
34	55	14	15
34	56	9	10
34	57	36	58
34	58	65	66
34	59	29	37
34	60	38	39
34	61	0	0
34	62	0	0
34	63	71	72
34	64	99	100
34	65	90	91
34	66	135	136
34	67	40	41
34	68	107	108
34	69	97	98
34	70	20	21
34	71	74	75
34	72	81	82
34	73	68	69
34	74	182	183
34	75	76	77
34	76	0	0
34	77	0	0
34	78	74	75
34	79	76	77
34	80	74	75
34	81	95	96
34	82	126	127
34	83	81	82
34	84	76	77
34	85	36	58
34	86	74	75
34	87	68	69
34	88	61	62
34	89	76	77
34	90	105	106
34	91	109	110
34	92	61	62
34	93	71	72
34	94	36	58
34	95	0	0
34	96	0	0
34	97	0	0
34	98	0	0
34	99	168	169
34	100	130	131
34	101	65	66
34	102	57	103
34	103	328	329
34	104	97	98
34	105	198	199
34	106	234	235
34	107	0	0
34	108	0	0
34	109	112	113
34	110	140	141
34	111	107	108
34	112	162	163
34	113	115	116
34	114	107	108
34	115	0	0
34	116	0	0
34	117	68	69
34	118	90	91
34	119	105	106
34	120	109	110
34	121	90	91
34	122	63	64
34	123	65	66
34	124	115	116
34	125	63	64
34	126	0	0
34	127	0	0
34	128	61	62
34	129	63	64
34	130	152	153
34	131	155	156
34	132	36	58
34	133	126	127
34	134	81	82
34	135	185	186
34	136	149	150
34	137	57	103
34	138	95	96
34	139	81	82
34	140	200	201
34	141	224	225
34	142	97	98
34	143	65	66
34	144	38	39
34	145	57	103
34	146	90	91
34	147	130	131
34	148	57	103
34	149	172	173
34	150	238	239
34	151	107	108
34	152	0	0
34	153	0	0
34	154	109	110
34	155	0	0
34	156	0	0
34	157	126	127
34	158	135	136
34	159	112	113
34	160	149	150
34	161	115	116
34	162	0	0
34	163	0	0
34	164	155	156
34	165	152	153
34	166	99	100
34	167	105	106
34	168	214	215
34	169	240	241
34	170	168	169
34	171	126	127
34	172	178	179
34	173	251	252
34	174	105	106
34	175	130	131
34	176	112	113
34	177	99	100
34	178	0	0
34	179	0	0
34	180	109	110
34	181	178	179
34	182	0	0
34	183	0	0
34	184	71	72
34	185	190	191
34	186	286	287
34	187	178	179
34	188	99	100
34	189	97	98
34	190	253	254
34	191	227	228
34	192	112	113
34	193	149	150
34	194	135	136
34	195	190	191
34	196	182	183
34	197	135	136
34	198	218	219
34	199	208	209
34	200	0	0
34	201	0	0
34	202	140	141
34	203	185	186
34	204	198	199
34	205	71	72
34	206	149	150
34	207	172	173
34	208	0	0
34	209	0	0
34	210	115	116
34	211	198	199
34	212	190	191
34	213	182	183
34	214	0	0
34	215	0	0
34	216	162	163
34	217	185	186
34	218	0	0
34	219	0	0
34	220	155	156
34	221	198	199
34	222	190	191
34	223	130	131
34	224	0	0
34	225	0	0
34	226	152	153
34	227	0	0
34	228	0	0
34	229	227	228
34	230	227	228
34	231	155	156
34	232	168	169
34	233	182	183
34	234	248	249
34	235	308	309
34	236	178	179
34	237	172	173
34	238	243	244
34	239	263	264
34	240	0	0
34	241	0	0
34	242	162	163
34	243	0	0
34	244	0	0
34	245	243	244
34	246	243	244
34	247	162	163
34	248	0	0
34	249	0	0
34	250	218	219
34	251	0	0
34	252	0	0
34	253	0	0
34	254	0	0
34	255	227	228
34	256	95	96
34	257	251	252
34	258	248	249
34	259	95	96
34	260	168	169
34	261	152	153
34	262	243	244
34	263	0	0
34	264	0	0
34	265	208	209
34	266	238	239
34	267	208	209
34	268	248	249
34	269	172	173
34	270	140	141
34	271	200	201
34	272	218	219
34	273	240	241
34	274	140	141
34	275	238	239
34	276	102	277
34	277	295	296
34	278	214	215
34	279	240	241
34	280	185	186
34	281	240	241
34	282	200	201
34	283	234	235
34	284	208	209
34	285	200	201
34	286	314	315
34	287	305	306
34	288	224	225
34	289	224	225
34	290	276	291
34	291	332	333
34	292	238	239
34	293	224	225
34	294	263	264
34	295	301	302
34	296	326	327
34	297	218	219
34	298	253	254
34	299	251	252
34	300	234	235
34	301	341	342
34	302	571	572
34	303	251	252
34	304	248	249
34	305	0	0
34	306	0	0
34	307	301	302
34	308	0	0
34	309	0	0
34	310	295	296
34	311	102	277
34	312	295	296
34	313	263	264
34	314	0	0
34	315	0	0
34	316	308	309
34	317	214	215
34	318	301	302
34	319	290	320
34	320	330	331
34	321	290	320
34	322	286	287
34	323	102	277
34	324	308	309
34	325	295	296
34	326	346	347
34	327	380	381
34	328	384	385
34	329	387	388
34	330	394	395
34	331	362	363
34	332	480	481
34	333	335	336
34	334	326	327
34	335	352	353
34	336	436	437
34	337	276	291
34	338	102	277
34	339	234	235
34	340	332	333
34	341	357	358
34	342	367	368
34	343	305	306
34	344	341	342
34	345	263	264
34	346	369	370
34	347	360	361
34	348	326	327
34	349	308	309
34	350	301	302
34	351	214	215
34	352	491	492
34	353	488	489
34	354	328	329
34	355	326	327
34	356	352	353
34	357	371	372
34	358	392	393
34	359	346	347
34	360	0	0
34	361	373	374
34	362	452	453
34	363	375	376
34	364	314	315
34	365	290	320
34	366	335	336
34	367	876	877
34	368	398	399
34	369	0	0
34	370	0	0
34	371	560	561
34	372	406	407
34	373	856	857
34	374	404	405
34	375	382	383
34	376	423	424
34	377	352	353
34	378	253	254
34	379	332	333
34	380	796	797
34	381	390	391
34	382	448	449
34	383	400	401
34	384	510	511
34	385	575	576
34	386	384	385
34	387	824	825
34	388	396	397
34	389	367	368
34	390	434	435
34	391	607	608
34	392	430	431
34	393	612	613
34	394	418	419
34	395	519	520
34	396	438	439
34	397	421	422
34	398	483	484
34	399	0	0
34	400	569	570
34	401	594	595
34	402	286	287
34	403	357	358
34	404	469	470
34	405	414	415
34	406	432	433
34	407	0	0
34	408	371	372
34	409	392	393
34	410	382	383
34	411	369	370
34	412	362	363
34	413	328	329
34	414	0	0
34	415	0	0
34	416	384	385
34	417	398	399
34	418	464	465
34	419	427	428
34	420	330	331
34	421	466	467
34	422	523	524
34	423	456	457
34	424	507	508
34	425	290	320
34	426	421	422
34	427	830	831
34	428	0	0
34	429	382	383
34	430	0	0
34	431	727	728
34	432	0	0
34	433	0	0
34	434	532	533
34	435	745	746
34	436	573	574
34	437	440	441
34	438	498	499
34	439	536	537
34	440	587	588
34	441	995	996
34	442	430	431
34	443	332	333
34	444	360	361
34	445	367	368
34	446	286	287
34	447	276	291
34	448	639	640
34	449	889	890
34	450	380	381
34	451	382	383
34	452	513	514
34	453	472	473
34	454	427	428
34	455	423	424
34	456	722	723
34	457	862	863
34	458	384	385
34	459	367	368
34	460	253	254
34	461	398	399
34	462	430	431
34	463	438	439
34	464	750	751
34	465	551	552
34	466	0	0
34	467	554	555
34	468	335	336
34	469	0	0
34	470	0	0
34	471	440	441
34	472	0	0
34	473	0	0
34	474	452	453
34	475	469	470
34	476	373	374
34	477	380	381
34	478	398	399
34	479	328	329
34	480	516	517
34	481	683	684
34	482	404	405
34	483	741	742
34	484	743	744
34	485	357	358
34	486	390	391
34	487	392	393
34	488	963	964
34	489	534	535
34	490	276	291
34	491	562	563
34	492	0	0
34	493	314	315
34	494	357	358
34	495	427	428
34	496	404	405
34	497	488	489
34	498	716	717
34	499	0	0
34	500	436	437
34	501	421	422
34	502	438	439
34	503	360	361
34	504	360	361
34	505	352	353
34	506	432	433
34	507	598	599
34	508	735	736
34	509	390	391
34	510	0	0
34	511	544	545
34	512	341	342
34	513	579	580
34	514	843	844
34	515	314	315
34	516	605	606
34	517	617	618
34	518	369	370
34	519	689	690
34	520	788	789
34	521	498	499
34	522	430	431
34	523	589	590
34	524	705	706
34	525	432	433
34	526	406	407
34	527	448	449
34	528	394	395
34	529	436	437
34	530	423	424
34	531	392	393
34	532	0	0
34	533	541	542
34	534	0	0
34	535	661	662
34	536	539	540
34	537	0	0
34	538	394	395
34	539	0	0
34	540	0	0
34	541	0	0
34	542	0	0
34	543	534	535
34	544	556	557
34	545	624	625
34	546	480	481
34	547	390	391
34	548	466	467
34	549	369	370
34	550	466	467
34	551	583	584
34	552	659	660
34	553	488	489
34	554	0	0
34	555	0	0
34	556	637	638
34	557	0	0
34	558	488	489
34	559	427	428
34	560	600	601
34	561	712	713
34	562	667	668
34	563	632	633
34	564	536	537
34	565	472	473
34	566	371	372
34	567	480	481
34	568	396	397
34	569	664	665
34	570	0	0
34	571	0	0
34	572	805	806
34	573	0	0
34	574	626	627
34	575	0	0
34	576	916	917
34	577	544	545
34	578	373	374
34	579	0	0
34	580	0	0
34	581	319	582
34	582	630	631
34	583	0	0
34	584	845	846
34	585	452	453
34	586	498	499
34	587	0	0
34	588	772	773
34	589	0	0
34	590	0	0
34	591	469	470
34	592	305	306
34	593	418	419
34	594	858	859
34	595	874	875
34	596	579	580
34	597	375	376
34	598	628	629
34	599	614	615
34	600	0	0
34	601	0	0
34	602	589	590
34	603	571	572
34	604	589	590
34	605	0	0
34	606	0	0
34	607	619	620
34	608	763	764
34	609	380	381
34	610	594	595
34	611	452	453
34	612	942	943
34	613	814	815
34	614	985	986
34	615	647	648
34	616	589	590
34	617	0	0
34	618	0	0
34	619	0	0
34	620	840	841
34	621	541	542
34	622	438	439
34	623	600	601
34	624	686	687
34	625	654	655
34	626	0	0
34	627	0	0
34	628	643	644
34	629	776	777
34	630	753	754
34	631	696	697
34	632	676	677
34	633	669	670
34	634	421	422
34	635	571	572
34	636	554	555
34	637	0	0
34	638	0	0
34	639	0	0
34	640	698	699
34	641	569	570
34	642	560	561
34	643	0	0
34	644	0	0
34	645	583	584
34	646	335	336
34	647	0	0
34	648	880	881
34	649	534	535
34	650	556	557
34	651	560	561
34	652	440	441
34	653	532	533
34	654	0	0
34	655	0	0
34	656	619	620
34	657	562	563
34	658	534	535
34	659	794	795
34	660	0	0
34	661	0	0
34	662	0	0
34	663	575	576
34	664	902	903
34	665	0	0
34	666	418	419
34	667	785	786
34	668	954	955
34	669	821	822
34	670	807	808
34	671	491	492
34	672	434	435
34	673	626	627
34	674	539	540
34	675	341	342
34	676	0	0
34	677	798	799
34	678	330	331
34	679	406	407
34	680	587	588
34	681	628	629
34	682	396	397
34	683	0	0
34	684	718	719
34	685	594	595
34	686	0	0
34	687	0	0
34	688	624	625
34	689	708	709
34	690	0	0
34	691	600	601
34	692	387	388
34	693	544	545
34	694	664	665
34	695	619	620
34	696	780	781
34	697	0	0
34	698	758	759
34	699	894	895
34	700	554	555
34	701	575	576
34	702	319	582
34	703	560	561
34	704	513	514
34	705	0	0
34	706	0	0
34	707	551	552
34	708	946	947
34	709	800	801
34	710	630	631
34	711	346	347
34	712	0	0
34	713	0	0
34	714	664	665
34	715	594	595
34	716	0	0
34	717	0	0
34	718	0	0
34	719	878	879
34	720	394	395
34	721	373	374
34	722	0	0
34	723	0	0
34	724	669	670
34	725	689	690
34	726	571	572
34	727	0	0
34	728	0	0
34	729	551	552
34	730	362	363
34	731	575	576
34	732	624	625
34	733	523	524
34	734	654	655
34	735	817	818
34	736	826	827
34	737	469	470
34	738	696	697
34	739	483	484
34	740	436	437
34	741	0	0
34	742	0	0
34	743	0	0
34	744	0	0
34	745	0	0
34	746	0	0
34	747	683	684
34	748	513	514
34	749	523	524
34	750	0	0
34	751	0	0
34	752	554	555
34	753	0	0
34	754	0	0
34	755	375	376
34	756	387	388
34	757	440	441
34	758	0	0
34	759	803	804
34	760	330	331
34	761	375	376
34	762	387	388
34	763	0	0
34	764	932	933
34	765	544	545
34	766	472	473
34	767	434	435
34	768	605	606
34	769	643	644
34	770	579	580
34	771	305	306
34	772	778	779
34	773	0	0
34	774	516	517
34	775	598	599
34	776	0	0
34	777	868	869
34	778	0	0
34	779	0	0
34	780	948	949
34	781	0	0
34	782	753	754
34	783	628	629
34	784	404	405
34	785	913	914
34	786	0	0
34	787	776	777
34	788	810	811
34	789	0	0
34	790	624	625
34	791	464	465
34	792	396	397
34	793	573	574
34	794	0	0
34	795	828	829
34	796	966	967
34	797	0	0
34	798	0	0
34	799	0	0
34	800	812	813
34	801	884	885
34	802	630	631
34	803	0	0
34	804	0	0
34	805	0	0
34	806	0	0
34	807	0	0
34	808	0	0
34	809	466	467
34	810	960	961
34	811	870	871
34	812	0	0
34	813	0	0
34	814	0	0
34	815	0	0
34	816	519	520
34	817	0	0
34	818	0	0
34	819	371	372
34	820	810	811
34	821	0	0
34	822	0	0
34	823	758	759
34	824	887	888
34	825	898	899
34	826	978	979
34	827	0	0
34	828	981	982
34	829	0	0
34	830	934	935
34	831	0	0
34	832	551	552
34	833	807	808
34	834	727	728
34	835	583	584
34	836	696	697
34	837	346	347
34	838	513	514
34	839	722	723
34	840	0	0
34	841	0	0
34	842	448	449
34	843	952	953
34	844	0	0
34	845	968	969
34	846	929	930
34	847	763	764
34	848	664	665
34	849	669	670
34	850	763	764
34	851	562	563
34	852	659	660
34	853	400	401
34	854	741	742
34	855	708	709
34	856	0	0
34	857	0	0
34	858	0	0
34	859	0	0
34	860	803	804
34	861	539	540
34	862	0	0
34	863	0	0
34	864	840	841
34	865	743	744
34	866	772	773
34	867	362	363
34	868	0	0
34	869	0	0
34	870	900	901
34	871	0	0
34	872	776	777
34	873	750	751
34	874	0	0
34	875	0	0
34	876	0	0
34	877	0	0
34	878	0	0
34	879	924	925
34	880	0	0
34	881	0	0
34	882	587	588
34	883	798	799
34	884	0	0
34	885	0	0
34	886	637	638
34	887	940	941
34	888	0	0
34	889	0	0
34	890	0	0
34	891	516	517
34	892	683	684
34	893	880	881
34	894	0	0
34	895	0	0
34	896	639	640
34	897	874	875
34	898	990	991
34	899	0	0
34	900	0	0
34	901	918	919
34	902	0	0
34	903	971	972
34	904	510	511
34	905	718	719
34	906	828	829
34	907	862	863
34	908	676	677
34	909	824	825
34	910	432	433
34	911	423	424
34	912	874	875
34	913	0	0
34	914	0	0
34	915	626	627
34	916	0	0
34	917	920	921
34	918	0	0
34	919	0	0
34	920	0	0
34	921	0	0
34	922	817	818
34	923	667	668
34	924	0	0
34	925	0	0
34	926	817	818
34	927	741	742
34	928	654	655
34	929	0	0
34	930	0	0
34	931	607	608
34	932	0	0
34	933	0	0
34	934	0	0
34	935	0	0
34	936	810	811
34	937	523	524
34	938	573	574
34	939	587	588
34	940	992	993
34	941	0	0
34	942	0	0
34	943	0	0
34	944	812	813
34	945	776	777
34	946	0	0
34	947	998	999
34	948	0	0
34	949	0	0
34	950	750	751
34	951	491	492
34	952	0	0
34	953	0	0
34	954	0	0
34	955	0	0
34	956	741	742
34	957	698	699
34	958	464	465
34	959	948	949
34	960	0	0
34	961	0	0
34	962	541	542
34	963	0	0
34	964	0	0
34	965	510	511
34	966	0	0
34	967	0	0
34	968	0	0
34	969	0	0
34	970	952	953
34	971	0	0
34	972	0	0
34	973	812	813
34	974	626	627
34	975	735	736
34	976	788	789
34	977	858	859
34	978	0	0
34	979	0	0
34	980	743	744
34	981	0	0
34	982	0	0
34	983	696	697
34	984	940	941
34	985	0	0
34	986	0	0
34	987	814	815
34	988	491	492
34	989	887	888
34	990	0	0
34	991	0	0
34	992	0	0
34	993	0	0
34	994	661	662
34	995	0	0
34	996	0	0
34	997	659	660
34	998	0	0
34	999	0	0
34	1000	667	668
