27	1	0	0
27	2	1	3
27	3	0	0
27	4	1	3
27	5	1	3
27	6	1	3
27	7	2	8
27	8	45	46
27	9	2	8
27	10	2	8
27	11	7	12
27	12	13	14
27	13	22	23
27	14	20	21
27	15	2	8
27	16	7	12
27	17	13	14
27	18	7	12
27	19	7	12
27	20	0	0
27	21	0	0
27	22	0	0
27	23	0	0
27	24	13	14
27	25	13	14
27	26	20	21
27	27	22	23
27	28	22	23
27	29	22	23
27	30	20	21
27	31	11	32
27	32	34	35
27	33	20	21
27	34	49	50
27	35	37	38
27	36	11	32
27	37	39	40
27	38	47	48
27	39	0	0
27	40	0	0
27	41	11	32
27	42	39	40
27	43	11	32
27	44	34	35
27	45	0	0
27	46	0	0
27	47	0	0
27	48	0	0
27	49	59	60
27	50	61	62
27	51	37	38
27	52	31	53
27	53	71	72
27	54	39	40
27	55	45	46
27	56	31	53
27	57	45	46
27	58	34	35
27	59	0	0
27	60	0	0
27	61	0	0
27	62	0	0
27	63	45	46
27	64	31	53
27	65	31	53
27	66	47	48
27	67	37	38
27	68	49	50
27	69	49	50
27	70	49	50
27	71	94	95
27	72	78	79
27	73	47	48
27	74	39	40
27	75	59	60
27	76	34	35
27	77	71	72
27	78	99	100
27	79	0	0
27	80	61	62
27	81	71	72
27	82	47	48
27	83	52	84
27	84	91	92
27	85	71	72
27	86	59	60
27	87	83	88
27	88	115	116
27	89	83	88
27	90	78	79
27	91	175	176
27	92	119	120
27	93	59	60
27	94	143	144
27	95	97	98
27	96	78	79
27	97	103	104
27	98	109	110
27	99	105	106
27	100	117	118
27	101	78	79
27	102	83	88
27	103	0	0
27	104	0	0
27	105	0	0
27	106	0	0
27	107	105	106
27	108	83	88
27	109	0	0
27	110	0	0
27	111	52	84
27	112	61	62
27	113	52	84
27	114	52	84
27	115	0	0
27	116	133	134
27	117	0	0
27	118	0	0
27	119	0	0
27	120	157	158
27	121	99	100
27	122	97	98
27	123	109	110
27	124	97	98
27	125	37	38
27	126	119	120
27	127	109	110
27	128	117	118
27	129	97	98
27	130	61	62
27	131	109	110
27	132	99	100
27	133	139	140
27	134	0	0
27	135	117	118
27	136	133	134
27	137	103	104
27	138	133	134
27	139	141	142
27	140	145	146
27	141	154	155
27	142	0	0
27	143	170	171
27	144	164	165
27	145	162	163
27	146	149	150
27	147	99	100
27	148	117	118
27	149	0	0
27	150	0	0
27	151	141	142
27	152	149	150
27	153	139	140
27	154	0	0
27	155	197	198
27	156	103	104
27	157	160	161
27	158	0	0
27	159	115	116
27	160	0	0
27	161	0	0
27	162	183	184
27	163	188	189
27	164	0	0
27	165	0	0
27	166	164	165
27	167	139	140
27	168	133	134
27	169	119	120
27	170	0	0
27	171	0	0
27	172	119	120
27	173	162	163
27	174	103	104
27	175	0	0
27	176	0	0
27	177	175	176
27	178	175	176
27	179	139	140
27	180	115	116
27	181	170	171
27	182	149	150
27	183	0	0
27	184	0	0
27	185	105	106
27	186	149	150
27	187	105	106
27	188	0	0
27	189	0	0
27	190	154	155
27	191	143	144
27	192	162	163
27	193	87	194
27	194	0	0
27	195	87	194
27	196	175	176
27	197	0	0
27	198	0	0
27	199	188	189
27	200	0	0
