42	1	0	0
42	2	1	3
42	3	0	0
42	4	1	3
42	5	1	3
42	6	2	7
42	7	9	10
42	8	1	3
42	9	0	0
42	10	0	0
42	11	2	7
42	12	9	10
42	13	6	14
42	14	16	17
42	15	9	10
42	16	0	0
42	17	0	0
42	18	9	10
42	19	16	17
42	20	6	14
42	21	13	22
42	22	25	26
42	23	13	22
42	24	13	22
42	25	0	0
42	26	0	0
42	27	13	22
42	28	21	29
42	29	30	31
42	30	37	38
42	31	35	36
42	32	30	31
42	33	2	7
42	34	16	17
42	35	0	0
42	36	0	0
42	37	44	45
42	38	0	0
42	39	21	29
42	40	25	26
42	41	2	7
42	42	16	17
42	43	21	29
42	44	0	0
42	45	0	0
42	46	25	26
42	47	37	38
42	48	37	38
42	49	44	45
42	50	0	0
