8	1	0	0
8	2	1	3
8	3	0	0
8	4	1	3
8	5	1	3
8	6	2	7
8	7	16	17
8	8	6	9
8	9	18	19
8	10	6	9
8	11	8	12
8	12	29	30
8	13	8	12
8	14	1	3
8	15	8	12
8	16	0	0
8	17	0	0
8	18	87	88
8	19	37	38
8	20	6	9
8	21	18	19
8	22	8	12
8	23	18	19
8	24	11	25
8	25	31	32
8	26	2	7
8	27	16	17
8	28	6	9
8	29	64	65
8	30	74	75
8	31	33	34
8	32	60	61
8	33	166	167
8	34	39	40
8	35	24	36
8	36	42	43
8	37	0	0
8	38	0	0
8	39	122	123
8	40	100	101
8	41	39	40
8	42	191	192
8	43	44	45
8	44	58	59
8	45	56	57
8	46	24	36
8	47	16	17
8	48	39	40
8	49	18	19
8	50	44	45
8	51	42	43
8	52	31	32
8	53	16	17
8	54	2	7
8	55	11	25
8	56	112	113
8	57	93	94
8	58	172	173
8	59	726	727
8	60	297	298
8	61	404	405
8	62	35	63
8	63	79	80
8	64	91	92
8	65	586	587
8	66	60	61
8	67	24	36
8	68	35	63
8	69	62	70
8	70	299	300
8	71	62	70
8	72	29	30
8	73	11	25
8	74	332	333
8	75	0	0
8	76	31	32
8	77	44	45
8	78	11	25
8	79	162	163
8	80	134	135
8	81	31	32
8	82	79	80
8	83	29	30
8	84	62	70
8	85	69	86
8	86	106	107
8	87	0	0
8	88	0	0
8	89	64	65
8	90	33	34
8	91	0	0
8	92	0	0
8	93	611	612
8	94	153	154
8	95	64	65
8	96	93	94
8	97	93	94
8	98	64	65
8	99	44	45
8	100	0	0
8	101	0	0
8	102	100	101
8	103	85	104
8	104	140	141
8	105	79	80
8	106	114	115
8	107	160	161
8	108	85	104
8	109	2	7
8	110	100	101
8	111	29	30
8	112	130	131
8	113	478	479
8	114	132	133
8	115	148	149
8	116	114	115
8	117	106	107
8	118	69	86
8	119	87	88
8	120	85	104
8	121	114	115
8	122	0	0
8	123	0	0
8	124	74	75
8	125	60	61
8	126	24	36
8	127	56	57
8	128	62	70
8	129	106	107
8	130	0	0
8	131	0	0
8	132	245	246
8	133	155	156
8	134	142	143
8	135	157	158
8	136	85	104
8	137	100	101
8	138	87	88
8	139	69	86
8	140	0	0
8	141	424	425
8	142	177	178
8	143	316	317
8	144	42	43
8	145	56	57
8	146	35	63
8	147	33	34
8	148	692	693
8	149	150	151
8	150	209	210
8	151	454	455
8	152	56	57
8	153	0	0
8	154	0	0
8	155	310	311
8	156	195	196
8	157	346	347
8	158	260	261
8	159	148	149
8	160	276	277
8	161	183	184
8	162	225	226
8	163	280	281
8	164	42	43
8	165	148	149
8	166	480	481
8	167	174	175
8	168	134	135
8	169	148	149
8	170	33	34
8	171	91	92
8	172	250	251
8	173	223	224
8	174	0	0
8	175	0	0
8	176	174	175
8	177	617	618
8	178	282	283
8	179	91	92
8	180	153	154
8	181	130	131
8	182	142	143
8	183	193	194
8	184	188	189
8	185	183	184
8	186	35	63
8	187	74	75
8	188	202	203
8	189	314	315
8	190	157	158
8	191	418	419
8	192	240	241
8	193	268	269
8	194	213	214
8	195	441	442
8	196	227	228
8	197	134	135
8	198	188	189
8	199	87	88
8	200	142	143
8	201	142	143
8	202	704	705
8	203	0	0
8	204	93	94
8	205	183	184
8	206	177	178
8	207	122	123
8	208	122	123
8	209	236	237
8	210	233	234
8	211	103	212
8	212	500	501
8	213	284	285
8	214	979	980
8	215	211	216
8	216	305	306
8	217	60	61
8	218	114	115
8	219	191	192
8	220	155	156
8	221	103	212
8	222	150	151
8	223	0	0
8	224	0	0
8	225	597	598
8	226	410	411
8	227	295	296
8	228	361	362
8	229	195	196
8	230	103	212
8	231	132	133
8	232	91	92
8	233	522	523
8	234	444	445
8	235	69	86
8	236	258	259
8	237	399	400
8	238	177	178
8	239	202	203
8	240	392	393
8	241	274	275
8	242	150	151
8	243	162	163
8	244	132	133
8	245	357	358
8	246	266	267
8	247	227	228
8	248	245	246
8	249	155	156
8	250	0	0
8	251	0	0
8	252	174	175
8	253	132	133
8	254	130	131
8	255	150	151
8	256	155	156
8	257	174	175
8	258	457	458
8	259	512	513
8	260	339	340
8	261	639	640
8	262	160	161
8	263	79	80
8	264	258	259
8	265	130	131
8	266	376	377
8	267	0	0
8	268	364	365
8	269	0	0
8	270	211	216
8	271	157	158
8	272	225	226
8	273	223	224
8	274	319	320
8	275	438	439
8	276	286	287
8	277	563	564
8	278	134	135
8	279	245	246
8	280	291	292
8	281	334	335
8	282	0	0
8	283	0	0
8	284	707	708
8	285	518	519
8	286	504	505
8	287	538	539
8	288	284	285
8	289	250	251
8	290	260	261
8	291	446	447
8	292	0	0
8	293	236	237
8	294	223	224
8	295	0	0
8	296	390	391
8	297	541	542
8	298	507	508
8	299	710	711
8	300	475	476
8	301	172	173
8	302	274	275
8	303	162	163
8	304	280	281
8	305	697	698
8	306	353	354
8	307	266	267
8	308	153	154
8	309	258	259
8	310	451	452
8	311	0	0
8	312	260	261
8	313	157	158
8	314	510	511
8	315	470	471
8	316	388	389
8	317	620	621
8	318	274	275
8	319	0	0
8	320	0	0
8	321	193	194
8	322	177	178
8	323	291	292
8	324	225	226
8	325	245	246
8	326	211	216
8	327	160	161
8	328	160	161
8	329	305	306
8	330	258	259
8	331	223	224
8	332	0	0
8	333	0	0
8	334	408	409
8	335	0	0
8	336	299	300
8	337	319	320
8	338	195	196
8	339	850	851
8	340	672	673
8	341	305	306
8	342	213	214
8	343	211	216
8	344	334	335
8	345	195	196
8	346	637	638
8	347	0	0
8	348	332	333
8	349	310	311
8	350	153	154
8	351	215	352
8	352	386	387
8	353	681	682
8	354	0	0
8	355	236	237
8	356	299	300
8	357	412	413
8	358	554	555
8	359	172	173
8	360	240	241
8	361	374	375
8	362	0	0
8	363	260	261
8	364	572	573
8	365	578	579
8	366	286	287
8	367	314	315
8	368	276	277
8	369	316	317
8	370	166	167
8	371	357	358
8	372	193	194
8	373	346	347
8	374	0	0
8	375	0	0
8	376	0	0
8	377	807	808
8	378	334	335
8	379	209	210
8	380	361	362
8	381	166	167
8	382	291	292
8	383	266	267
8	384	209	210
8	385	202	203
8	386	588	589
8	387	712	713
8	388	396	397
8	389	401	402
8	390	0	0
8	391	0	0
8	392	844	845
8	393	420	421
8	394	225	226
8	395	240	241
8	396	0	0
8	397	0	0
8	398	250	251
8	399	0	0
8	400	0	0
8	401	0	0
8	402	0	0
8	403	215	352
8	404	429	430
8	405	459	460
8	406	334	335
8	407	122	123
8	408	629	630
8	409	745	746
8	410	0	0
8	411	815	816
8	412	436	437
8	413	489	490
8	414	314	315
8	415	392	393
8	416	266	267
8	417	193	194
8	418	604	605
8	419	525	526
8	420	0	0
8	421	0	0
8	422	310	311
8	423	268	269
8	424	472	473
8	425	432	433
8	426	276	277
8	427	183	184
8	428	390	391
8	429	0	0
8	430	0	0
8	431	112	113
8	432	0	0
8	433	601	602
8	434	388	389
8	435	429	430
8	436	0	0
8	437	448	449
8	438	0	0
8	439	0	0
8	440	392	393
8	441	917	918
8	442	662	663
8	443	420	421
8	444	759	760
8	445	824	825
8	446	467	468
8	447	533	534
8	448	0	0
8	449	0	0
8	450	390	391
8	451	515	516
8	452	561	562
8	453	299	300
8	454	739	740
8	455	496	497
8	456	280	281
8	457	0	0
8	458	0	0
8	459	0	0
8	460	0	0
8	461	454	455
8	462	446	447
8	463	441	442
8	464	276	277
8	465	286	287
8	466	250	251
8	467	0	0
8	468	0	0
8	469	227	228
8	470	599	600
8	471	0	0
8	472	0	0
8	473	0	0
8	474	353	354
8	475	529	530
8	476	536	537
8	477	475	476
8	478	0	0
8	479	0	0
8	480	0	0
8	481	0	0
8	482	286	287
8	483	396	397
8	484	112	113
8	485	227	228
8	486	388	389
8	487	392	393
8	488	478	479
8	489	867	868
8	490	557	558
8	491	390	391
8	492	470	471
8	493	280	281
8	494	446	447
8	495	444	445
8	496	0	0
8	497	0	0
8	498	274	275
8	499	404	405
8	500	826	827
8	501	635	636
8	502	316	317
8	503	376	377
8	504	842	843
8	505	783	784
8	506	467	468
8	507	0	0
8	508	0	0
8	509	412	413
8	510	546	547
8	511	531	532
8	512	0	0
8	513	0	0
8	514	467	468
8	515	0	0
8	516	0	0
8	517	332	333
8	518	0	0
8	519	653	654
8	520	339	340
8	521	284	285
8	522	794	795
8	523	664	665
8	524	316	317
8	525	0	0
8	526	544	545
8	527	480	481
8	528	470	471
8	529	810	811
8	530	947	948
8	531	944	945
8	532	669	670
8	533	0	0
8	534	0	0
8	535	357	358
8	536	0	0
8	537	575	576
8	538	733	734
8	539	0	0
8	540	478	479
8	541	0	0
8	542	0	0
8	543	213	214
8	544	0	0
8	545	0	0
8	546	0	0
8	547	565	566
8	548	512	513
8	549	459	460
8	550	404	405
8	551	533	534
8	552	236	237
8	553	39	40
8	554	593	594
8	555	729	730
8	556	544	545
8	557	0	0
8	558	0	0
8	559	399	400
8	560	376	377
8	561	676	677
8	562	0	0
8	563	0	0
8	564	0	0
8	565	0	0
8	566	0	0
8	567	518	519
8	568	544	545
8	569	467	468
8	570	404	405
8	571	74	75
8	572	923	924
8	573	870	871
8	574	297	298
8	575	778	779
8	576	835	836
8	577	412	413
8	578	624	625
8	579	0	0
8	580	457	458
8	581	557	558
8	582	162	163
8	583	457	458
8	584	489	490
8	585	500	501
8	586	0	0
8	587	0	0
8	588	893	894
8	589	797	798
8	590	478	479
8	591	140	141
8	592	291	292
8	593	632	633
8	594	608	609
8	595	399	400
8	596	282	283
8	597	0	0
8	598	0	0
8	599	0	0
8	600	852	853
8	601	606	607
8	602	846	847
8	603	58	59
8	604	701	702
8	605	0	0
8	606	775	776
8	607	747	748
8	608	0	0
8	609	0	0
8	610	512	513
8	611	0	0
8	612	0	0
8	613	233	234
8	614	459	460
8	615	448	449
8	616	586	587
8	617	937	938
8	618	0	0
8	619	438	439
8	620	686	687
8	621	684	685
8	622	357	358
8	623	575	576
8	624	0	0
8	625	0	0
8	626	297	298
8	627	213	214
8	628	529	530
8	629	0	0
8	630	0	0
8	631	624	625
8	632	0	0
8	633	0	0
8	634	233	234
8	635	0	0
8	636	0	0
8	637	655	656
8	638	863	864
8	639	974	975
8	640	714	715
8	641	388	389
8	642	608	609
8	643	563	564
8	644	37	38
8	645	459	460
8	646	546	547
8	647	515	516
8	648	639	640
8	649	588	589
8	650	565	566
8	651	58	59
8	652	504	505
8	653	0	0
8	654	0	0
8	655	0	0
8	656	0	0
8	657	457	458
8	658	578	579
8	659	489	490
8	660	504	505
8	661	106	107
8	662	753	754
8	663	0	0
8	664	0	0
8	665	0	0
8	666	578	579
8	667	620	621
8	668	664	665
8	669	0	0
8	670	0	0
8	671	635	636
8	672	0	0
8	673	0	0
8	674	544	545
8	675	475	476
8	676	0	0
8	677	0	0
8	678	475	476
8	679	396	397
8	680	608	609
8	681	769	770
8	682	0	0
8	683	444	445
8	684	0	0
8	685	0	0
8	686	0	0
8	687	0	0
8	688	103	212
8	689	314	315
8	690	310	311
8	691	496	497
8	692	0	0
8	693	761	762
8	694	374	375
8	695	188	189
8	696	624	625
8	697	0	0
8	698	990	991
8	699	608	609
8	700	575	576
8	701	0	0
8	702	0	0
8	703	451	452
8	704	954	955
8	705	0	0
8	706	604	605
8	707	800	801
8	708	0	0
8	709	489	490
8	710	854	855
8	711	788	789
8	712	0	0
8	713	0	0
8	714	0	0
8	715	0	0
8	716	676	677
8	717	712	713
8	718	399	400
8	719	712	713
8	720	662	663
8	721	692	693
8	722	188	189
8	723	664	665
8	724	507	508
8	725	518	519
8	726	0	0
8	727	0	0
8	728	496	497
8	729	742	743
8	730	0	0
8	731	624	625
8	732	215	352
8	733	920	921
8	734	0	0
8	735	733	734
8	736	653	654
8	737	604	605
8	738	319	320
8	739	764	765
8	740	0	0
8	741	676	677
8	742	0	0
8	743	0	0
8	744	346	347
8	745	0	0
8	746	0	0
8	747	0	0
8	748	0	0
8	749	507	508
8	750	396	397
8	751	353	354
8	752	432	433
8	753	0	0
8	754	0	0
8	755	386	387
8	756	601	602
8	757	745	746
8	758	510	511
8	759	0	0
8	760	0	0
8	761	960	961
8	762	0	0
8	763	554	555
8	764	912	913
8	765	0	0
8	766	172	173
8	767	533	534
8	768	533	534
8	769	0	0
8	770	0	0
8	771	701	702
8	772	761	762
8	773	408	409
8	774	572	573
8	775	886	887
8	776	833	834
8	777	512	513
8	778	874	875
8	779	0	0
8	780	446	447
8	781	282	283
8	782	575	576
8	783	949	950
8	784	0	0
8	785	536	537
8	786	599	600
8	787	554	555
8	788	865	866
8	789	0	0
8	790	714	715
8	791	525	526
8	792	441	442
8	793	364	365
8	794	0	0
8	795	0	0
8	796	240	241
8	797	897	898
8	798	0	0
8	799	710	711
8	800	0	0
8	801	0	0
8	802	536	537
8	803	472	473
8	804	364	365
8	805	401	402
8	806	364	365
8	807	891	892
8	808	888	889
8	809	710	711
8	810	0	0
8	811	0	0
8	812	295	296
8	813	531	532
8	814	586	587
8	815	895	896
8	816	0	0
8	817	742	743
8	818	418	419
8	819	632	633
8	820	268	269
8	821	604	605
8	822	441	442
8	823	620	621
8	824	0	0
8	825	0	0
8	826	963	964
8	827	0	0
8	828	412	413
8	829	684	685
8	830	361	362
8	831	215	352
8	832	672	673
8	833	0	0
8	834	971	972
8	835	848	849
8	836	0	0
8	837	470	471
8	838	833	834
8	839	282	283
8	840	655	656
8	841	37	38
8	842	858	859
8	843	881	882
8	844	0	0
8	845	0	0
8	846	904	905
8	847	0	0
8	848	0	0
8	849	956	957
8	850	0	0
8	851	0	0
8	852	0	0
8	853	0	0
8	854	0	0
8	855	965	966
8	856	339	340
8	857	319	320
8	858	994	995
8	859	872	873
8	860	518	519
8	861	454	455
8	862	541	542
8	863	0	0
8	864	0	0
8	865	0	0
8	866	0	0
8	867	0	0
8	868	0	0
8	869	597	598
8	870	0	0
8	871	0	0
8	872	0	0
8	873	0	0
8	874	0	0
8	875	0	0
8	876	472	473
8	877	764	765
8	878	635	636
8	879	639	640
8	880	112	113
8	881	0	0
8	882	0	0
8	883	284	285
8	884	672	673
8	885	778	779
8	886	0	0
8	887	992	993
8	888	0	0
8	889	0	0
8	890	339	340
8	891	0	0
8	892	0	0
8	893	0	0
8	894	0	0
8	895	0	0
8	896	0	0
8	897	0	0
8	898	0	0
8	899	599	600
8	900	895	896
8	901	565	566
8	902	729	730
8	903	140	141
8	904	930	931
8	905	0	0
8	906	496	497
8	907	436	437
8	908	563	564
8	909	846	847
8	910	800	801
8	911	507	508
8	912	0	0
8	913	0	0
8	914	601	602
8	915	701	702
8	916	557	558
8	917	0	0
8	918	0	0
8	919	891	892
8	920	0	0
8	921	0	0
8	922	599	600
8	923	0	0
8	924	0	0
8	925	672	673
8	926	835	836
8	927	753	754
8	928	635	636
8	929	522	523
8	930	0	0
8	931	0	0
8	932	895	896
8	933	480	481
8	934	522	523
8	935	917	918
8	936	655	656
8	937	0	0
8	938	0	0
8	939	202	203
8	940	557	558
8	941	824	825
8	942	510	511
8	943	692	693
8	944	0	0
8	945	0	0
8	946	833	834
8	947	0	0
8	948	0	0
8	949	0	0
8	950	0	0
8	951	561	562
8	952	835	836
8	953	444	445
8	954	0	0
8	955	0	0
8	956	0	0
8	957	0	0
8	958	531	532
8	959	639	640
8	960	0	0
8	961	0	0
8	962	949	950
8	963	0	0
8	964	0	0
8	965	0	0
8	966	0	0
8	967	418	419
8	968	554	555
8	969	376	377
8	970	448	449
8	971	0	0
8	972	0	0
8	973	797	798
8	974	0	0
8	975	0	0
8	976	37	38
8	977	701	702
8	978	563	564
8	979	0	0
8	980	0	0
8	981	697	698
8	982	944	945
8	983	739	740
8	984	664	665
8	985	629	630
8	986	655	656
8	987	361	362
8	988	541	542
8	989	681	682
8	990	0	0
8	991	0	0
8	992	0	0
8	993	0	0
8	994	0	0
8	995	0	0
8	996	617	618
8	997	565	566
8	998	745	746
8	999	692	693
8	1000	0	0
