48	1	0	0
48	2	1	3
48	3	0	0
48	4	2	5
48	5	18	19
48	6	2	5
48	7	4	8
48	8	9	10
48	9	20	21
48	10	15	16
48	11	9	10
48	12	1	3
48	13	1	3
48	14	1	3
48	15	0	0
48	16	0	0
48	17	15	16
48	18	0	0
48	19	0	0
48	20	0	0
48	21	0	0
48	22	4	8
48	23	20	21
48	24	4	8
48	25	18	19
48	26	20	21
48	27	20	21
48	28	4	8
48	29	18	19
48	30	2	5
48	31	18	19
48	32	2	5
48	33	7	34
48	34	36	37
48	35	7	34
48	36	45	46
48	37	0	0
48	38	36	37
48	39	7	34
48	40	9	10
48	41	36	37
48	42	15	16
48	43	15	16
48	44	9	10
48	45	47	48
48	46	0	0
48	47	0	0
48	48	0	0
48	49	7	34
48	50	36	37
