26	1	0	0
26	2	1	3
26	3	0	0
26	4	2	5
26	5	27	28
26	6	1	3
26	7	2	5
26	8	4	9
26	9	11	12
26	10	1	3
26	11	21	22
26	12	72	73
26	13	8	14
26	14	15	16
26	15	18	19
26	16	53	54
26	17	4	9
26	18	40	41
26	19	46	47
26	20	1	3
26	21	0	0
26	22	0	0
26	23	4	9
26	24	11	12
26	25	15	16
26	26	11	12
26	27	0	0
26	28	0	0
26	29	4	9
26	30	13	31
26	31	144	145
26	32	8	14
26	33	15	16
26	34	13	31
26	35	8	14
26	36	2	5
26	37	30	38
26	38	55	56
26	39	15	16
26	40	0	0
26	41	0	0
26	42	13	31
26	43	11	12
26	44	8	14
26	45	18	19
26	46	0	0
26	47	0	0
26	48	30	38
26	49	46	47
26	50	30	38
26	51	18	19
26	52	18	19
26	53	63	64
26	54	67	68
26	55	86	87
26	56	61	62
26	57	40	41
26	58	21	22
26	59	40	41
26	60	46	47
26	61	100	101
26	62	74	75
26	63	0	0
26	64	0	0
26	65	53	54
26	66	21	22
26	67	0	0
26	68	0	0
26	69	61	62
26	70	21	22
26	71	46	47
26	72	0	0
26	73	0	0
26	74	80	81
26	75	103	104
26	76	55	56
26	77	63	64
26	78	2	5
26	79	67	68
26	80	134	135
26	81	141	142
26	82	63	64
26	83	61	62
26	84	74	75
26	85	63	64
26	86	194	195
26	87	105	106
26	88	67	68
26	89	61	62
26	90	86	87
26	91	67	68
26	92	86	87
26	93	55	56
26	94	40	41
26	95	74	75
26	96	72	73
26	97	55	56
26	98	13	31
26	99	27	28
26	100	153	154
26	101	139	140
26	102	100	101
26	103	108	109
26	104	117	118
26	105	121	122
26	106	284	285
26	107	53	54
26	108	0	0
26	109	0	0
26	110	105	106
26	111	30	38
26	112	103	104
26	113	105	106
26	114	37	115
26	115	128	129
26	116	105	106
26	117	0	0
26	118	0	0
26	119	37	115
26	120	27	28
26	121	220	221
26	122	132	133
26	123	103	104
26	124	86	87
26	125	53	54
26	126	27	28
26	127	80	81
26	128	189	190
26	129	170	171
26	130	103	104
26	131	80	81
26	132	0	0
26	133	0	0
26	134	0	0
26	135	0	0
26	136	80	81
26	137	117	118
26	138	134	135
26	139	318	319
26	140	174	175
26	141	0	0
26	142	0	0
26	143	134	135
26	144	150	151
26	145	172	173
26	146	141	142
26	147	134	135
26	148	141	142
26	149	132	133
26	150	180	181
26	151	186	187
26	152	37	115
26	153	164	165
26	154	225	226
26	155	128	129
26	156	141	142
26	157	37	115
26	158	108	109
26	159	74	75
26	160	100	101
26	161	108	109
26	162	100	101
26	163	139	140
26	164	0	0
26	165	0	0
26	166	117	118
26	167	114	168
26	168	184	185
26	169	72	73
26	170	182	183
26	171	229	230
26	172	205	206
26	173	321	322
26	174	0	0
26	175	0	0
26	176	153	154
26	177	153	154
26	178	114	168
26	179	108	109
26	180	0	0
26	181	349	350
26	182	196	197
26	183	200	201
26	184	263	264
26	185	303	304
26	186	278	279
26	187	192	193
26	188	164	165
26	189	248	249
26	190	299	300
26	191	121	122
26	192	0	0
26	193	0	0
26	194	374	375
26	195	309	310
26	196	213	214
26	197	0	0
26	198	194	195
26	199	180	181
26	200	368	369
26	201	216	217
26	202	117	118
26	203	194	195
26	204	153	154
26	205	232	233
26	206	253	254
26	207	121	122
26	208	182	183
26	209	186	187
26	210	186	187
26	211	184	185
26	212	139	140
26	213	307	308
26	214	338	339
26	215	170	171
26	216	227	228
26	217	497	498
26	218	164	165
26	219	174	175
26	220	0	0
26	221	0	0
26	222	184	185
26	223	114	168
26	224	114	168
26	225	0	0
26	226	0	0
26	227	0	0
26	228	0	0
26	229	276	277
26	230	330	331
26	231	172	173
26	232	0	0
26	233	0	0
26	234	220	221
26	235	196	197
26	236	72	73
26	237	139	140
26	238	186	187
26	239	216	217
26	240	121	122
26	241	225	226
26	242	229	230
26	243	220	221
26	244	174	175
26	245	132	133
26	246	172	173
26	247	150	151
26	248	311	312
26	249	464	465
26	250	144	145
26	251	220	221
26	252	192	193
26	253	0	0
26	254	0	0
26	255	229	230
26	256	144	145
26	257	172	173
26	258	132	133
26	259	216	217
26	260	205	206
26	261	194	195
26	262	229	230
26	263	474	475
26	264	273	274
26	265	196	197
26	266	253	254
26	267	225	226
26	268	213	214
26	269	196	197
26	270	170	171
26	271	263	264
26	272	253	254
26	273	0	0
26	274	327	328
26	275	170	171
26	276	280	281
26	277	288	289
26	278	0	0
26	279	0	0
26	280	0	0
26	281	376	377
26	282	200	201
26	283	278	279
26	284	295	296
26	285	470	471
26	286	167	287
26	287	290	291
26	288	334	335
26	289	0	0
26	290	410	411
26	291	343	344
26	292	290	291
26	293	273	274
26	294	278	279
26	295	0	0
26	296	0	0
26	297	227	228
26	298	182	183
26	299	389	390
26	300	395	396
26	301	263	264
26	302	290	291
26	303	355	356
26	304	391	392
26	305	150	151
26	306	150	151
26	307	0	0
26	308	0	0
26	309	345	346
26	310	386	387
26	311	397	398
26	312	352	353
26	313	248	249
26	314	213	214
26	315	278	279
26	316	216	217
26	317	213	214
26	318	0	0
26	319	0	0
26	320	295	296
26	321	430	431
26	322	419	420
26	323	248	249
26	324	232	233
26	325	290	291
26	326	276	277
26	327	0	0
26	328	0	0
26	329	180	181
26	330	435	436
26	331	362	363
26	332	276	277
26	333	321	322
26	334	0	0
26	335	0	0
26	336	200	201
26	337	248	249
26	338	0	0
26	339	0	0
26	340	318	319
26	341	280	281
26	342	225	226
26	343	492	493
26	344	406	407
26	345	0	0
26	346	0	0
26	347	273	274
26	348	280	281
26	349	0	0
26	350	0	0
26	351	327	328
26	352	479	480
26	353	371	372
26	354	273	274
26	355	450	451
26	356	364	365
26	357	205	206
26	358	174	175
26	359	345	346
26	360	307	308
26	361	276	277
26	362	0	0
26	363	379	380
26	364	404	405
26	365	0	0
26	366	352	353
26	367	318	319
26	368	399	400
26	369	415	416
26	370	345	346
26	371	0	0
26	372	0	0
26	373	284	285
26	374	490	491
26	375	0	0
26	376	0	0
26	377	0	0
26	378	180	181
26	379	0	0
26	380	0	0
26	381	318	319
26	382	227	228
26	383	263	264
26	384	253	254
26	385	311	312
26	386	0	0
26	387	0	0
26	388	345	346
26	389	0	0
26	390	447	448
26	391	0	0
26	392	0	0
26	393	280	281
26	394	303	304
26	395	425	426
26	396	0	0
26	397	413	414
26	398	0	0
26	399	0	0
26	400	0	0
26	401	343	344
26	402	284	285
26	403	362	363
26	404	0	0
26	405	0	0
26	406	0	0
26	407	462	463
26	408	200	201
26	409	192	193
26	410	0	0
26	411	0	0
26	412	284	285
26	413	0	0
26	414	0	0
26	415	0	0
26	416	0	0
26	417	311	312
26	418	415	416
26	419	0	0
26	420	0	0
26	421	232	233
26	422	379	380
26	423	397	398
26	424	399	400
26	425	0	0
26	426	0	0
26	427	425	426
26	428	371	372
26	429	389	390
26	430	0	0
26	431	0	0
26	432	295	296
26	433	303	304
26	434	327	328
26	435	0	0
26	436	488	489
26	437	397	398
26	438	192	193
26	439	184	185
26	440	397	398
26	441	386	387
26	442	413	414
26	443	376	377
26	444	295	296
26	445	352	353
26	446	352	353
26	447	499	500
26	448	0	0
26	449	419	420
26	450	0	0
26	451	0	0
26	452	355	356
26	453	232	233
26	454	435	436
26	455	128	129
26	456	128	129
26	457	371	372
26	458	330	331
26	459	327	328
26	460	425	426
26	461	430	431
26	462	0	0
26	463	0	0
26	464	0	0
26	465	0	0
26	466	415	416
26	467	376	377
26	468	286	469
26	469	0	0
26	470	0	0
26	471	0	0
26	472	189	190
26	473	470	471
26	474	0	0
26	475	0	0
26	476	447	448
26	477	288	289
26	478	167	287
26	479	0	0
26	480	0	0
26	481	464	465
26	482	462	463
26	483	447	448
26	484	182	183
26	485	189	190
26	486	464	465
26	487	470	471
26	488	0	0
26	489	0	0
26	490	0	0
26	491	0	0
26	492	0	0
26	493	0	0
26	494	371	372
26	495	447	448
26	496	399	400
26	497	0	0
26	498	0	0
26	499	0	0
26	500	0	0
