15	1	0	0
15	2	1	3
15	3	0	0
15	4	2	5
15	5	8	9
15	6	2	5
15	7	1	3
15	8	0	0
15	9	0	0
15	10	2	5
15	11	2	5
15	12	8	9
15	13	8	9
15	14	8	9
15	15	1	3
15	16	1	3
15	17	4	18
15	18	22	23
15	19	17	20
15	20	27	28
15	21	4	18
15	22	30	31
15	23	69	70
15	24	17	20
15	25	17	20
15	26	17	20
15	27	46	47
15	28	32	33
15	29	22	23
15	30	0	0
15	31	0	0
15	32	35	36
15	33	50	51
15	34	30	31
15	35	0	0
15	36	0	0
15	37	4	18
15	38	27	28
15	39	4	18
15	40	35	36
15	41	22	23
15	42	32	33
15	43	30	31
15	44	19	45
15	45	64	65
15	46	67	68
15	47	55	56
15	48	32	33
15	49	19	45
15	50	0	0
15	51	0	0
15	52	35	36
15	53	22	23
15	54	19	45
15	55	0	0
15	56	0	0
15	57	44	58
15	58	61	62
15	59	30	31
15	60	46	47
15	61	92	93
15	62	71	72
15	63	19	45
15	64	144	145
15	65	284	285
15	66	32	33
15	67	0	0
15	68	0	0
15	69	0	0
15	70	0	0
15	71	78	79
15	72	83	84
15	73	35	36
15	74	71	72
15	75	69	70
15	76	50	51
15	77	46	47
15	78	85	86
15	79	90	91
15	80	71	72
15	81	57	82
15	82	106	107
15	83	120	121
15	84	267	268
15	85	157	158
15	86	98	99
15	87	83	84
15	88	61	62
15	89	55	56
15	90	152	153
15	91	103	104
15	92	173	174
15	93	95	96
15	94	61	62
15	95	101	102
15	96	154	155
15	97	57	82
15	98	0	0
15	99	0	0
15	100	64	65
15	101	226	227
15	102	114	115
15	103	0	0
15	104	0	0
15	105	101	102
15	106	171	172
15	107	159	160
15	108	85	86
15	109	78	79
15	110	67	68
15	111	101	102
15	112	57	82
15	113	83	84
15	114	0	0
15	115	0	0
15	116	114	115
15	117	103	104
15	118	83	84
15	119	44	58
15	120	202	203
15	121	125	126
15	122	85	86
15	123	55	56
15	124	46	47
15	125	0	0
15	126	0	0
15	127	95	96
15	128	69	70
15	129	64	65
15	130	71	72
15	131	103	104
15	132	61	62
15	133	64	65
15	134	85	86
15	135	106	107
15	136	81	137
15	137	150	151
15	138	81	137
15	139	81	137
15	140	44	58
15	141	101	102
15	142	95	96
15	143	78	79
15	144	188	189
15	145	199	200
15	146	103	104
15	147	78	79
15	148	81	137
15	149	125	126
15	150	298	299
15	151	220	221
15	152	0	0
15	153	0	0
15	154	282	283
15	155	379	380
15	156	50	51
15	157	0	0
15	158	0	0
15	159	410	411
15	160	163	164
15	161	69	70
15	162	67	68
15	163	186	187
15	164	176	177
15	165	44	58
15	166	106	107
15	167	95	96
15	168	150	151
15	169	154	155
15	170	27	28
15	171	193	194
15	172	327	328
15	173	253	254
15	174	0	0
15	175	144	145
15	176	391	392
15	177	263	264
15	178	50	51
15	179	27	28
15	180	92	93
15	181	106	107
15	182	154	155
15	183	144	145
15	184	67	68
15	185	114	115
15	186	215	216
15	187	209	210
15	188	224	225
15	189	704	705
15	190	157	158
15	191	144	145
15	192	55	56
15	193	301	302
15	194	247	248
15	195	186	187
15	196	157	158
15	197	186	187
15	198	125	126
15	199	575	576
15	200	212	213
15	201	186	187
15	202	0	0
15	203	0	0
15	204	98	99
15	205	136	206
15	206	257	258
15	207	136	206
15	208	125	126
15	209	472	473
15	210	316	317
15	211	57	82
15	212	0	0
15	213	0	0
15	214	212	213
15	215	260	261
15	216	735	736
15	217	188	189
15	218	90	91
15	219	202	203
15	220	0	0
15	221	240	241
15	222	212	213
15	223	98	99
15	224	0	0
15	225	0	0
15	226	0	0
15	227	0	0
15	228	157	158
15	229	120	121
15	230	173	174
15	231	193	194
15	232	159	160
15	233	202	203
15	234	224	225
15	235	92	93
15	236	202	203
15	237	152	153
15	238	152	153
15	239	152	153
15	240	427	428
15	241	666	667
15	242	188	189
15	243	205	244
15	244	320	321
15	245	240	241
15	246	176	177
15	247	341	342
15	248	381	382
15	249	215	216
15	250	90	91
15	251	193	194
15	252	209	210
15	253	384	385
15	254	279	280
15	255	212	213
15	256	136	206
15	257	276	277
15	258	292	293
15	259	114	115
15	260	0	0
15	261	0	0
15	262	226	227
15	263	269	270
15	264	272	273
15	265	173	174
15	266	215	216
15	267	312	313
15	268	335	336
15	269	0	0
15	270	0	0
15	271	247	248
15	272	0	0
15	273	0	0
15	274	154	155
15	275	98	99
15	276	324	325
15	277	303	304
15	278	188	189
15	279	0	0
15	280	0	0
15	281	120	121
15	282	0	0
15	283	0	0
15	284	305	306
15	285	308	309
15	286	220	221
15	287	276	277
15	288	260	261
15	289	199	200
15	290	92	93
15	291	276	277
15	292	961	962
15	293	354	355
15	294	193	194
15	295	173	174
15	296	171	172
15	297	267	268
15	298	0	0
15	299	401	402
15	300	136	206
15	301	444	445
15	302	318	319
15	303	827	828
15	304	709	710
15	305	310	311
15	306	346	347
15	307	163	164
15	308	551	552
15	309	507	508
15	310	0	0
15	311	0	0
15	312	0	0
15	313	0	0
15	314	298	299
15	315	301	302
15	316	0	0
15	317	0	0
15	318	344	345
15	319	447	448
15	320	503	504
15	321	686	687
15	322	163	164
15	323	272	273
15	324	372	373
15	325	361	362
15	326	292	293
15	327	329	330
15	328	417	418
15	329	432	433
15	330	462	463
15	331	320	321
15	332	310	311
15	333	240	241
15	334	260	261
15	335	0	0
15	336	0	0
15	337	298	299
15	338	292	293
15	339	284	285
15	340	308	309
15	341	557	558
15	342	351	352
15	343	159	160
15	344	0	0
15	345	0	0
15	346	0	0
15	347	0	0
15	348	150	151
15	349	282	283
15	350	267	268
15	351	0	0
15	352	0	0
15	353	226	227
15	354	393	394
15	355	376	377
15	356	220	221
15	357	120	121
15	358	303	304
15	359	163	164
15	360	341	342
15	361	423	424
15	362	494	495
15	363	267	268
15	364	253	254
15	365	298	299
15	366	335	336
15	367	318	319
15	368	276	277
15	369	341	342
15	370	344	345
15	371	257	258
15	372	579	580
15	373	407	408
15	374	372	373
15	375	272	273
15	376	0	0
15	377	451	452
15	378	376	377
15	379	0	0
15	380	0	0
15	381	534	535
15	382	570	571
15	383	379	380
15	384	0	0
15	385	0	0
15	386	351	352
15	387	150	151
15	388	320	321
15	389	318	319
15	390	346	347
15	391	469	470
15	392	555	556
15	393	0	0
15	394	616	617
15	395	381	382
15	396	90	91
15	397	318	319
15	398	272	273
15	399	346	347
15	400	372	373
15	401	436	437
15	402	745	746
15	403	215	216
15	404	301	302
15	405	243	406
15	406	484	485
15	407	460	461
15	408	539	540
15	409	176	177
15	410	587	588
15	411	679	680
15	412	209	210
15	413	301	302
15	414	305	306
15	415	393	394
15	416	341	342
15	417	420	421
15	418	449	450
15	419	263	264
15	420	661	662
15	421	649	650
15	422	393	394
15	423	787	788
15	424	537	538
15	425	376	377
15	426	401	402
15	427	547	548
15	428	0	0
15	429	329	330
15	430	381	382
15	431	335	336
15	432	0	0
15	433	543	544
15	434	346	347
15	435	329	330
15	436	711	712
15	437	636	637
15	438	253	254
15	439	303	304
15	440	240	241
15	441	176	177
15	442	423	424
15	443	269	270
15	444	476	477
15	445	658	659
15	446	417	418
15	447	0	0
15	448	0	0
15	449	501	502
15	450	613	614
15	451	699	700
15	452	465	466
15	453	449	450
15	454	427	428
15	455	305	306
15	456	320	321
15	457	312	313
15	458	449	450
15	459	376	377
15	460	527	528
15	461	505	506
15	462	790	791
15	463	622	623
15	464	269	270
15	465	896	897
15	466	693	694
15	467	344	345
15	468	381	382
15	469	0	0
15	470	0	0
15	471	269	270
15	472	0	0
15	473	0	0
15	474	171	172
15	475	260	261
15	476	0	0
15	477	0	0
15	478	436	437
15	479	344	345
15	480	391	392
15	481	420	421
15	482	432	433
15	483	292	293
15	484	487	488
15	485	563	564
15	486	199	200
15	487	0	0
15	488	509	510
15	489	224	225
15	490	462	463
15	491	335	336
15	492	427	428
15	493	243	406
15	494	626	627
15	495	498	499
15	496	327	328
15	497	401	402
15	498	0	0
15	499	632	633
15	500	282	283
15	501	0	0
15	502	0	0
15	503	771	772
15	504	593	594
15	505	518	519
15	506	0	0
15	507	0	0
15	508	0	0
15	509	718	719
15	510	0	0
15	511	354	355
15	512	284	285
15	513	351	352
15	514	469	470
15	515	329	330
15	516	327	328
15	517	487	488
15	518	0	0
15	519	0	0
15	520	361	362
15	521	494	495
15	522	205	244
15	523	209	210
15	524	449	450
15	525	472	473
15	526	423	424
15	527	553	554
15	528	880	881
15	529	518	519
15	530	327	328
15	531	469	470
15	532	527	528
15	533	205	244
15	534	0	0
15	535	0	0
15	536	316	317
15	537	761	762
15	538	883	884
15	539	688	689
15	540	611	612
15	541	351	352
15	542	444	445
15	543	0	0
15	544	0	0
15	545	462	463
15	546	384	385
15	547	981	982
15	548	837	838
15	549	405	550
15	550	831	832
15	551	0	0
15	552	0	0
15	553	0	0
15	554	0	0
15	555	0	0
15	556	0	0
15	557	0	0
15	558	0	0
15	559	501	502
15	560	354	355
15	561	420	421
15	562	361	362
15	563	0	0
15	564	0	0
15	565	423	424
15	566	507	508
15	567	372	373
15	568	171	172
15	569	460	461
15	570	0	0
15	571	0	0
15	572	354	355
15	573	247	248
15	574	518	519
15	575	0	0
15	576	0	0
15	577	460	461
15	578	199	200
15	579	728	729
15	580	856	857
15	581	279	280
15	582	579	580
15	583	465	466
15	584	494	495
15	585	553	554
15	586	361	362
15	587	900	901
15	588	0	0
15	589	547	548
15	590	224	225
15	591	555	556
15	592	308	309
15	593	624	625
15	594	798	799
15	595	557	558
15	596	284	285
15	597	549	598
15	598	0	0
15	599	487	488
15	600	379	380
15	601	518	519
15	602	379	380
15	603	551	552
15	604	505	506
15	605	263	264
15	606	305	306
15	607	447	448
15	608	472	473
15	609	312	313
15	610	543	544
15	611	0	0
15	612	793	794
15	613	0	0
15	614	0	0
15	615	420	421
15	616	878	879
15	617	675	676
15	618	543	544
15	619	405	550
15	620	401	402
15	621	494	495
15	622	0	0
15	623	0	0
15	624	682	683
15	625	642	643
15	626	976	977
15	627	782	783
15	628	384	385
15	629	509	510
15	630	462	463
15	631	476	477
15	632	644	645
15	633	0	0
15	634	410	411
15	635	503	504
15	636	639	640
15	637	758	759
15	638	451	452
15	639	844	845
15	640	749	750
15	641	243	406
15	642	809	810
15	643	655	656
15	644	0	0
15	645	0	0
15	646	407	408
15	647	257	258
15	648	611	612
15	649	0	0
15	650	0	0
15	651	405	550
15	652	539	540
15	653	503	504
15	654	460	461
15	655	0	0
15	656	801	802
15	657	570	571
15	658	0	0
15	659	0	0
15	660	469	470
15	661	0	0
15	662	0	0
15	663	279	280
15	664	465	466
15	665	247	248
15	666	914	915
15	667	0	0
15	668	263	264
15	669	649	650
15	670	405	550
15	671	501	502
15	672	549	598
15	673	444	445
15	674	391	392
15	675	741	742
15	676	0	0
15	677	551	552
15	678	661	662
15	679	0	0
15	680	985	986
15	681	503	504
15	682	815	816
15	683	684	685
15	684	714	715
15	685	0	0
15	686	0	0
15	687	769	770
15	688	0	0
15	689	774	775
15	690	688	689
15	691	427	428
15	692	527	528
15	693	0	0
15	694	0	0
15	695	487	488
15	696	308	309
15	697	642	643
15	698	527	528
15	699	795	796
15	700	0	0
15	701	205	244
15	702	498	499
15	703	279	280
15	704	0	0
15	705	0	0
15	706	682	683
15	707	636	637
15	708	684	685
15	709	917	918
15	710	974	975
15	711	0	0
15	712	0	0
15	713	547	548
15	714	743	744
15	715	983	984
15	716	507	508
15	717	539	540
15	718	0	0
15	719	0	0
15	720	476	477
15	721	622	623
15	722	557	558
15	723	451	452
15	724	543	544
15	725	393	394
15	726	555	556
15	727	310	311
15	728	784	785
15	729	763	764
15	730	593	594
15	731	410	411
15	732	557	558
15	733	220	221
15	734	682	683
15	735	0	0
15	736	0	0
15	737	593	594
15	738	686	687
15	739	679	680
15	740	661	662
15	741	0	0
15	742	0	0
15	743	0	0
15	744	0	0
15	745	0	0
15	746	0	0
15	747	709	710
15	748	563	564
15	749	0	0
15	750	0	0
15	751	661	662
15	752	639	640
15	753	579	580
15	754	551	552
15	755	410	411
15	756	436	437
15	757	553	554
15	758	858	859
15	759	0	0
15	760	282	283
15	761	780	781
15	762	778	779
15	763	0	0
15	764	907	908
15	765	636	637
15	766	675	676
15	767	324	325
15	768	718	719
15	769	860	861
15	770	0	0
15	771	941	942
15	772	0	0
15	773	570	571
15	774	0	0
15	775	0	0
15	776	658	659
15	777	632	633
15	778	0	0
15	779	0	0
15	780	0	0
15	781	0	0
15	782	862	863
15	783	936	937
15	784	928	929
15	785	930	931
15	786	624	625
15	787	0	0
15	788	0	0
15	789	649	650
15	790	0	0
15	791	0	0
15	792	498	499
15	793	0	0
15	794	0	0
15	795	943	944
15	796	0	0
15	797	642	643
15	798	0	0
15	799	825	826
15	800	549	598
15	801	924	925
15	802	806	807
15	803	417	418
15	804	699	700
15	805	790	791
15	806	910	911
15	807	0	0
15	808	407	408
15	809	829	830
15	810	945	946
15	811	636	637
15	812	243	406
15	813	501	502
15	814	743	744
15	815	821	822
15	816	869	870
15	817	507	508
15	818	686	687
15	819	784	785
15	820	447	448
15	821	932	933
15	822	950	951
15	823	784	785
15	824	699	700
15	825	995	996
15	826	888	889
15	827	0	0
15	828	0	0
15	829	0	0
15	830	970	971
15	831	0	0
15	832	0	0
15	833	312	313
15	834	699	700
15	835	774	775
15	836	447	448
15	837	849	850
15	838	0	0
15	839	498	499
15	840	549	598
15	841	476	477
15	842	547	548
15	843	718	719
15	844	0	0
15	845	0	0
15	846	303	304
15	847	616	617
15	848	391	392
15	849	0	0
15	850	0	0
15	851	658	659
15	852	769	770
15	853	436	437
15	854	444	445
15	855	539	540
15	856	0	0
15	857	0	0
15	858	0	0
15	859	0	0
15	860	902	903
15	861	0	0
15	862	0	0
15	863	0	0
15	864	862	863
15	865	780	781
15	866	624	625
15	867	611	612
15	868	505	506
15	869	0	0
15	870	0	0
15	871	831	832
15	872	856	857
15	873	226	227
15	874	537	538
15	875	815	816
15	876	798	799
15	877	417	418
15	878	0	0
15	879	0	0
15	880	0	0
15	881	0	0
15	882	465	466
15	883	0	0
15	884	0	0
15	885	778	779
15	886	624	625
15	887	782	783
15	888	0	0
15	889	0	0
15	890	693	694
15	891	831	832
15	892	827	828
15	893	798	799
15	894	587	588
15	895	793	794
15	896	952	953
15	897	0	0
15	898	749	750
15	899	509	510
15	900	0	0
15	901	0	0
15	902	0	0
15	903	0	0
15	904	632	633
15	905	316	317
15	906	257	258
15	907	0	0
15	908	0	0
15	909	793	794
15	910	0	0
15	911	0	0
15	912	821	822
15	913	613	614
15	914	0	0
15	915	0	0
15	916	472	473
15	917	0	0
15	918	0	0
15	919	821	822
15	920	878	879
15	921	666	667
15	922	655	656
15	923	553	554
15	924	0	0
15	925	0	0
15	926	869	870
15	927	883	884
15	928	0	0
15	929	0	0
15	930	0	0
15	931	0	0
15	932	0	0
15	933	0	0
15	934	642	643
15	935	684	685
15	936	0	0
15	937	0	0
15	938	579	580
15	939	745	746
15	940	675	676
15	941	0	0
15	942	990	991
15	943	0	0
15	944	0	0
15	945	0	0
15	946	0	0
15	947	758	759
15	948	384	385
15	949	914	915
15	950	0	0
15	951	972	973
15	952	0	0
15	953	0	0
15	954	570	571
15	955	856	857
15	956	787	788
15	957	324	325
15	958	829	830
15	959	950	951
15	960	880	881
15	961	0	0
15	962	0	0
15	963	932	933
15	964	575	576
15	965	758	759
15	966	587	588
15	967	928	929
15	968	778	779
15	969	666	667
15	970	0	0
15	971	0	0
15	972	0	0
15	973	0	0
15	974	0	0
15	975	987	988
15	976	0	0
15	977	0	0
15	978	928	929
15	979	952	953
15	980	611	612
15	981	0	0
15	982	0	0
15	983	0	0
15	984	0	0
15	985	0	0
15	986	0	0
15	987	0	0
15	988	0	0
15	989	774	775
15	990	0	0
15	991	0	0
15	992	693	694
15	993	159	160
15	994	735	736
15	995	0	0
15	996	0	0
15	997	505	506
15	998	827	828
15	999	587	588
15	1000	758	759
