32	1	0	0
32	2	1	3
32	3	0	0
32	4	1	3
32	5	2	6
32	6	9	10
32	7	2	6
32	8	2	6
32	9	0	0
32	10	0	0
32	11	9	10
32	12	2	6
32	13	1	3
32	14	1	3
32	15	9	10
32	16	9	10
32	17	5	18
32	18	20	21
32	19	5	18
32	20	76	77
32	21	53	54
32	22	20	21
32	23	20	21
32	24	17	25
32	25	26	27
32	26	48	49
32	27	37	38
32	28	26	27
32	29	20	21
32	30	17	25
32	31	5	18
32	32	26	27
32	33	5	18
32	34	24	35
32	35	63	64
32	36	24	35
32	37	84	85
32	38	39	40
32	39	0	0
32	40	0	0
32	41	37	38
32	42	37	38
32	43	17	25
32	44	39	40
32	45	24	35
32	46	26	27
32	47	24	35
32	48	0	0
32	49	55	56
32	50	34	51
32	51	59	60
32	52	48	49
32	53	0	0
32	54	0	0
32	55	0	0
32	56	0	0
32	57	39	40
32	58	55	56
32	59	70	71
32	60	66	67
32	61	17	25
32	62	34	51
32	63	81	82
32	64	91	92
32	65	37	38
32	66	74	75
32	67	0	0
32	68	55	56
32	69	66	67
32	70	0	0
32	71	0	0
32	72	53	54
32	73	39	40
32	74	0	0
32	75	0	0
32	76	0	0
32	77	0	0
32	78	66	67
32	79	63	64
32	80	74	75
32	81	99	100
32	82	0	0
32	83	63	64
32	84	0	0
32	85	0	0
32	86	34	51
32	87	53	54
32	88	70	71
32	89	74	75
32	90	74	75
32	91	0	0
32	92	0	0
32	93	84	85
32	94	70	71
32	95	91	92
32	96	84	85
32	97	48	49
32	98	63	64
32	99	0	0
32	100	0	0
