7	1	0	0
7	2	1	3
7	3	0	0
7	4	1	3
7	5	1	3
7	6	2	7
7	7	10	11
7	8	1	3
7	9	2	7
7	10	0	0
7	11	0	0
7	12	6	13
7	13	18	19
7	14	6	13
7	15	6	13
7	16	12	17
7	17	32	33
7	18	58	59
7	19	20	21
7	20	0	0
7	21	0	0
7	22	20	21
7	23	2	7
7	24	18	19
7	25	20	21
7	26	12	17
7	27	16	28
7	28	41	42
7	29	10	11
7	30	12	17
7	31	20	21
7	32	36	37
7	33	61	62
7	34	10	11
7	35	32	33
7	36	45	46
7	37	72	73
7	38	32	33
7	39	16	28
7	40	2	7
7	41	68	69
7	42	65	66
7	43	10	11
7	44	32	33
7	45	0	0
7	46	0	0
7	47	18	19
7	48	12	17
7	49	16	28
7	50	6	13
7	51	41	42
7	52	16	28
7	53	45	46
7	54	41	42
7	55	36	37
7	56	45	46
7	57	18	19
7	58	0	0
7	59	0	0
7	60	58	59
7	61	172	173
7	62	92	93
7	63	36	37
7	64	36	37
7	65	85	86
7	66	130	131
7	67	45	46
7	68	250	251
7	69	83	84
7	70	27	71
7	71	78	79
7	72	0	0
7	73	0	0
7	74	61	62
7	75	70	76
7	76	81	82
7	77	72	73
7	78	88	89
7	79	137	138
7	80	27	71
7	81	306	307
7	82	116	117
7	83	162	163
7	84	132	133
7	85	103	104
7	86	108	109
7	87	41	42
7	88	144	145
7	89	124	125
7	90	70	76
7	91	81	82
7	92	0	0
7	93	0	0
7	94	85	86
7	95	88	89
7	96	72	73
7	97	78	79
7	98	61	62
7	99	72	73
7	100	27	71
7	101	83	84
7	102	27	71
7	103	0	0
7	104	0	0
7	105	88	89
7	106	88	89
7	107	83	84
7	108	0	0
7	109	0	0
7	110	68	69
7	111	108	109
7	112	85	86
7	113	81	82
7	114	92	93
7	115	58	59
7	116	170	171
7	117	166	167
7	118	68	69
7	119	103	104
7	120	81	82
7	121	103	104
7	122	75	123
7	123	429	430
7	124	194	195
7	125	394	395
7	126	124	125
7	127	116	117
7	128	124	125
7	129	65	66
7	130	142	143
7	131	147	148
7	132	0	0
7	133	0	0
7	134	75	123
7	135	70	76
7	136	116	117
7	137	225	226
7	138	0	0
7	139	137	138
7	140	132	133
7	141	70	76
7	142	0	0
7	143	0	0
7	144	320	321
7	145	149	150
7	146	130	131
7	147	0	0
7	148	0	0
7	149	176	177
7	150	291	292
7	151	92	93
7	152	58	59
7	153	83	84
7	154	137	138
7	155	149	150
7	156	85	86
7	157	92	93
7	158	75	123
7	159	65	66
7	160	68	69
7	161	124	125
7	162	0	0
7	163	0	0
7	164	75	123
7	165	162	163
7	166	181	182
7	167	216	217
7	168	149	150
7	169	108	109
7	170	228	229
7	171	270	271
7	172	0	0
7	173	0	0
7	174	103	104
7	175	142	143
7	176	0	0
7	177	0	0
7	178	78	79
7	179	130	131
7	180	170	171
7	181	316	317
7	182	364	365
7	183	132	133
7	184	166	167
7	185	176	177
7	186	162	163
7	187	162	163
7	188	144	145
7	189	122	190
7	190	340	341
7	191	176	177
7	192	181	182
7	193	108	109
7	194	426	427
7	195	207	208
7	196	170	171
7	197	181	182
7	198	166	167
7	199	172	173
7	200	130	131
7	201	181	182
7	202	166	167
7	203	172	173
7	204	176	177
7	205	170	171
7	206	132	133
7	207	0	0
7	208	0	0
7	209	147	148
7	210	189	211
7	211	355	356
7	212	122	190
7	213	194	195
7	214	122	190
7	215	116	117
7	216	230	231
7	217	234	235
7	218	137	138
7	219	172	173
7	220	142	143
7	221	189	211
7	222	216	217
7	223	216	217
7	224	78	79
7	225	253	254
7	226	299	300
7	227	207	208
7	228	294	295
7	229	301	302
7	230	303	304
7	231	237	238
7	232	228	229
7	233	194	195
7	234	248	249
7	235	239	240
7	236	149	150
7	237	0	0
7	238	0	0
7	239	0	0
7	240	0	0
7	241	234	235
7	242	225	226
7	243	147	148
7	244	65	66
7	245	61	62
7	246	210	247
7	247	276	277
7	248	0	0
7	249	0	0
7	250	362	363
7	251	272	273
7	252	210	247
7	253	296	297
7	254	259	260
7	255	248	249
7	256	210	247
7	257	210	247
7	258	122	190
7	259	0	0
7	260	0	0
7	261	216	217
7	262	253	254
7	263	248	249
7	264	142	143
7	265	259	260
7	266	228	229
7	267	234	235
7	268	194	195
7	269	239	240
7	270	286	287
7	271	401	402
7	272	0	0
7	273	0	0
7	274	272	273
7	275	225	226
7	276	314	315
7	277	366	367
7	278	250	251
7	279	230	231
7	280	250	251
7	281	189	211
7	282	250	251
7	283	225	226
7	284	248	249
7	285	234	235
7	286	495	496
7	287	337	338
7	288	246	289
7	289	418	419
7	290	189	211
7	291	0	0
7	292	0	0
7	293	239	240
7	294	0	0
7	295	0	0
7	296	0	0
7	297	0	0
7	298	246	289
7	299	447	448
7	300	376	377
7	301	399	400
7	302	0	0
7	303	0	0
7	304	0	0
7	305	239	240
7	306	408	409
7	307	331	332
7	308	291	292
7	309	276	277
7	310	299	300
7	311	276	277
7	312	259	260
7	313	259	260
7	314	0	0
7	315	404	405
7	316	0	0
7	317	324	325
7	318	299	300
7	319	306	307
7	320	342	343
7	321	0	0
7	322	301	302
7	323	320	321
7	324	0	0
7	325	0	0
7	326	316	317
7	327	272	273
7	328	324	325
7	329	303	304
7	330	228	229
7	331	441	442
7	332	360	361
7	333	207	208
7	334	320	321
7	335	320	321
7	336	270	271
7	337	0	0
7	338	0	0
7	339	144	145
7	340	0	0
7	341	347	348
7	342	0	0
7	343	0	0
7	344	272	273
7	345	303	304
7	346	147	148
7	347	350	351
7	348	0	0
7	349	270	271
7	350	374	375
7	351	421	422
7	352	337	338
7	353	314	315
7	354	253	254
7	355	0	0
7	356	384	385
7	357	253	254
7	358	296	297
7	359	230	231
7	360	472	473
7	361	431	432
7	362	0	0
7	363	0	0
7	364	0	0
7	365	461	462
7	366	380	381
7	367	396	397
7	368	366	367
7	369	276	277
7	370	237	238
7	371	294	295
7	372	230	231
7	373	347	348
7	374	411	412
7	375	0	0
7	376	0	0
7	377	0	0
7	378	299	300
7	379	324	325
7	380	457	458
7	381	391	392
7	382	246	289
7	383	324	325
7	384	386	387
7	385	0	0
7	386	439	440
7	387	0	0
7	388	386	387
7	389	384	385
7	390	291	292
7	391	0	0
7	392	0	0
7	393	342	343
7	394	0	0
7	395	0	0
7	396	491	492
7	397	459	460
7	398	350	351
7	399	0	0
7	400	0	0
7	401	443	444
7	402	451	452
7	403	270	271
7	404	0	0
7	405	0	0
7	406	360	361
7	407	286	287
7	408	0	0
7	409	0	0
7	410	207	208
7	411	0	0
7	412	0	0
7	413	347	348
7	414	355	356
7	415	350	351
7	416	291	292
7	417	360	361
7	418	487	488
7	419	0	0
7	420	391	392
7	421	0	0
7	422	0	0
7	423	411	412
7	424	394	395
7	425	360	361
7	426	0	0
7	427	0	0
7	428	237	238
7	429	480	481
7	430	0	0
7	431	453	454
7	432	0	0
7	433	364	365
7	434	286	287
7	435	342	343
7	436	374	375
7	437	399	400
7	438	337	338
7	439	0	0
7	440	0	0
7	441	0	0
7	442	475	476
7	443	0	0
7	444	0	0
7	445	411	412
7	446	286	287
7	447	0	0
7	448	0	0
7	449	314	315
7	450	391	392
7	451	0	0
7	452	0	0
7	453	0	0
7	454	0	0
7	455	294	295
7	456	350	351
7	457	0	0
7	458	0	0
7	459	0	0
7	460	497	498
7	461	0	0
7	462	0	0
7	463	386	387
7	464	451	452
7	465	426	427
7	466	396	397
7	467	461	462
7	468	303	304
7	469	144	145
7	470	459	460
7	471	429	430
7	472	0	0
7	473	0	0
7	474	418	419
7	475	0	0
7	476	0	0
7	477	316	317
7	478	294	295
7	479	426	427
7	480	0	0
7	481	0	0
7	482	394	395
7	483	376	377
7	484	457	458
7	485	461	462
7	486	461	462
7	487	0	0
7	488	0	0
7	489	246	289
7	490	314	315
7	491	499	500
7	492	0	0
7	493	487	488
7	494	347	348
7	495	0	0
7	496	0	0
7	497	0	0
7	498	0	0
7	499	0	0
7	500	0	0
