38	1	0	0
38	2	1	3
38	3	0	0
38	4	1	3
38	5	1	3
38	6	2	7
38	7	9	10
38	8	2	7
38	9	0	0
38	10	0	0
38	11	6	12
38	12	20	21
38	13	9	10
38	14	11	15
38	15	132	133
38	16	6	12
38	17	11	15
38	18	6	12
38	19	2	7
38	20	25	26
38	21	27	28
38	22	9	10
38	23	2	7
38	24	6	12
38	25	0	0
38	26	0	0
38	27	0	0
38	28	0	0
38	29	1	3
38	30	14	31
38	31	32	33
38	32	96	97
38	33	40	41
38	34	27	28
38	35	11	15
38	36	32	33
38	37	20	21
38	38	30	39
38	39	43	44
38	40	69	70
38	41	58	59
38	42	40	41
38	43	51	52
38	44	56	57
38	45	30	39
38	46	14	31
38	47	32	33
38	48	30	39
38	49	11	15
38	50	9	10
38	51	140	141
38	52	189	190
38	53	43	44
38	54	25	26
38	55	14	31
38	56	65	66
38	57	82	83
38	58	147	148
38	59	145	146
38	60	30	39
38	61	27	28
38	62	25	26
38	63	51	52
38	64	25	26
38	65	75	76
38	66	71	72
38	67	27	28
38	68	51	52
38	69	73	74
38	70	330	331
38	71	104	105
38	72	167	168
38	73	0	0
38	74	0	0
38	75	130	131
38	76	173	174
38	77	69	70
38	78	14	31
38	79	58	59
38	80	51	52
38	81	40	41
38	82	108	109
38	83	106	107
38	84	58	59
38	85	56	57
38	86	65	66
38	87	73	74
38	88	75	76
38	89	71	72
38	90	69	70
38	91	58	59
38	92	20	21
38	93	65	66
38	94	65	66
38	95	40	41
38	96	119	120
38	97	160	161
38	98	32	33
38	99	82	83
38	100	73	74
38	101	82	83
38	102	75	76
38	103	20	21
38	104	0	0
38	105	0	0
38	106	138	139
38	107	252	253
38	108	123	124
38	109	113	114
38	110	73	74
38	111	106	107
38	112	56	57
38	113	0	0
38	114	0	0
38	115	106	107
38	116	71	72
38	117	56	57
38	118	69	70
38	119	297	298
38	120	208	209
38	121	38	122
38	122	156	157
38	123	0	0
38	124	0	0
38	125	43	44
38	126	43	44
38	127	96	97
38	128	123	124
38	129	71	72
38	130	0	0
38	131	0	0
38	132	135	136
38	133	306	307
38	134	104	105
38	135	143	144
38	136	215	216
38	137	82	83
38	138	0	0
38	139	0	0
38	140	170	171
38	141	273	274
38	142	138	139
38	143	0	0
38	144	0	0
38	145	0	0
38	146	0	0
38	147	0	0
38	148	0	0
38	149	108	109
38	150	138	139
38	151	75	76
38	152	130	131
38	153	135	136
38	154	106	107
38	155	108	109
38	156	229	230
38	157	211	212
38	158	138	139
38	159	147	148
38	160	187	188
38	161	283	284
38	162	156	157
38	163	113	114
38	164	119	120
38	165	119	120
38	166	113	114
38	167	0	0
38	168	0	0
38	169	140	141
38	170	191	192
38	171	206	207
38	172	119	120
38	173	0	0
38	174	0	0
38	175	167	168
38	176	147	148
38	177	38	122
38	178	145	146
38	179	123	124
38	180	108	109
38	181	135	136
38	182	147	148
38	183	113	114
38	184	135	136
38	185	104	105
38	186	104	105
38	187	0	0
38	188	0	0
38	189	194	195
38	190	234	235
38	191	0	0
38	192	0	0
38	193	170	171
38	194	271	272
38	195	246	247
38	196	143	144
38	197	145	146
38	198	194	195
38	199	96	97
38	200	173	174
38	201	140	141
38	202	130	131
38	203	170	171
38	204	132	133
38	205	145	146
38	206	0	0
38	207	0	0
38	208	0	0
38	209	0	0
38	210	167	168
38	211	232	233
38	212	285	286
38	213	156	157
38	214	189	190
38	215	0	0
38	216	0	0
38	217	191	192
38	218	194	195
38	219	191	192
38	220	130	131
38	221	173	174
38	222	211	212
38	223	191	192
38	224	143	144
38	225	211	212
38	226	187	188
38	227	170	171
38	228	96	97
38	229	240	241
38	230	325	326
38	231	208	209
38	232	256	257
38	233	269	270
38	234	435	436
38	235	346	347
38	236	38	122
38	237	189	190
38	238	229	230
38	239	140	141
38	240	0	0
38	241	408	409
38	242	156	157
38	243	229	230
38	244	167	168
38	245	232	233
38	246	0	0
38	247	0	0
38	248	240	241
38	249	229	230
38	250	208	209
38	251	234	235
38	252	0	0
38	253	0	0
38	254	194	195
38	255	173	174
38	256	312	313
38	257	404	405
38	258	206	207
38	259	123	124
38	260	38	122
38	261	160	161
38	262	246	247
38	263	256	257
38	264	206	207
38	265	208	209
38	266	189	190
38	267	256	257
38	268	132	133
38	269	0	0
38	270	280	281
38	271	0	0
38	272	0	0
38	273	0	0
38	274	295	296
38	275	143	144
38	276	240	241
38	277	160	161
38	278	215	216
38	279	234	235
38	280	321	322
38	281	490	491
38	282	234	235
38	283	0	0
38	284	0	0
38	285	300	301
38	286	414	415
38	287	121	288
38	288	319	320
38	289	215	216
38	290	240	241
38	291	283	284
38	292	215	216
38	293	269	270
38	294	160	161
38	295	0	0
38	296	0	0
38	297	0	0
38	298	0	0
38	299	187	188
38	300	344	345
38	301	0	0
38	302	121	288
38	303	300	301
38	304	280	281
38	305	295	296
38	306	0	0
38	307	340	341
38	308	252	253
38	309	295	296
38	310	271	272
38	311	187	188
38	312	361	362
38	313	333	334
38	314	283	284
38	315	246	247
38	316	280	281
38	317	312	313
38	318	312	313
38	319	335	336
38	320	462	463
38	321	0	0
38	322	0	0
38	323	246	247
38	324	211	212
38	325	388	389
38	326	356	357
38	327	285	286
38	328	325	326
38	329	280	281
38	330	0	0
38	331	0	0
38	332	252	253
38	333	0	0
38	334	0	0
38	335	342	343
38	336	354	355
38	337	287	338
38	338	0	0
38	339	269	270
38	340	0	0
38	341	0	0
38	342	396	397
38	343	352	353
38	344	348	349
38	345	0	0
38	346	0	0
38	347	0	0
38	348	0	0
38	349	0	0
38	350	232	233
38	351	295	296
38	352	442	443
38	353	455	456
38	354	398	399
38	355	0	0
38	356	479	480
38	357	368	369
38	358	356	357
38	359	335	336
38	360	287	338
38	361	0	0
38	362	0	0
38	363	121	288
38	364	283	284
38	365	300	301
38	366	340	341
38	367	325	326
38	368	0	0
38	369	385	386
38	370	354	355
38	371	344	345
38	372	356	357
38	373	356	357
38	374	354	355
38	375	285	286
38	376	121	288
38	377	346	347
38	378	306	307
38	379	344	345
38	380	256	257
38	381	269	270
38	382	285	286
38	383	206	207
38	384	368	369
38	385	0	0
38	386	0	0
38	387	319	320
38	388	0	0
38	389	0	0
38	390	306	307
38	391	335	336
38	392	306	307
38	393	325	326
38	394	232	233
38	395	333	334
38	396	0	0
38	397	401	402
38	398	0	0
38	399	0	0
38	400	342	343
38	401	419	420
38	402	467	468
38	403	312	313
38	404	0	0
38	405	0	0
38	406	340	341
38	407	273	274
38	408	412	413
38	409	0	0
38	410	273	274
38	411	271	272
38	412	477	478
38	413	446	447
38	414	0	0
38	415	448	449
38	416	401	402
38	417	271	272
38	418	348	349
38	419	0	0
38	420	0	0
38	421	398	399
38	422	330	331
38	423	368	369
38	424	385	386
38	425	337	426
38	426	481	482
38	427	330	331
38	428	396	397
38	429	333	334
38	430	300	301
38	431	330	331
38	432	385	386
38	433	361	362
38	434	408	409
38	435	0	0
38	436	0	0
38	437	385	386
38	438	435	436
38	439	337	426
38	440	388	389
38	441	252	253
38	442	0	0
38	443	0	0
38	444	346	347
38	445	342	343
38	446	0	0
38	447	0	0
38	448	0	0
38	449	0	0
38	450	435	436
38	451	297	298
38	452	333	334
38	453	398	399
38	454	435	436
38	455	0	0
38	456	0	0
38	457	344	345
38	458	287	338
38	459	401	402
38	460	319	320
38	461	297	298
38	462	470	471
38	463	0	0
38	464	319	320
38	465	352	353
38	466	462	463
38	467	0	0
38	468	0	0
38	469	412	413
38	470	474	475
38	471	499	500
38	472	335	336
38	473	404	405
38	474	495	496
38	475	0	0
38	476	354	355
38	477	0	0
38	478	0	0
38	479	0	0
38	480	0	0
38	481	0	0
38	482	0	0
38	483	448	449
38	484	467	468
38	485	342	343
38	486	401	402
38	487	321	322
38	488	470	471
38	489	455	456
38	490	0	0
38	491	0	0
38	492	448	449
38	493	396	397
38	494	446	447
38	495	0	0
38	496	0	0
38	497	337	426
38	498	419	420
38	499	0	0
38	500	0	0
