20	1	0	0
20	2	1	3
20	3	0	0
20	4	1	3
20	5	1	3
20	6	2	7
20	7	9	10
20	8	1	3
20	9	0	0
20	10	0	0
20	11	2	7
20	12	2	7
20	13	2	7
20	14	9	10
20	15	9	10
20	16	6	17
20	17	24	25
20	18	6	17
20	19	9	10
20	20	6	17
20	21	6	17
20	22	16	23
20	23	37	38
20	24	31	32
20	25	26	27
20	26	0	0
20	27	0	0
20	28	16	23
20	29	16	23
20	30	16	23
20	31	0	0
20	32	0	0
20	33	24	25
20	34	31	32
20	35	24	25
20	36	31	32
20	37	149	150
20	38	48	49
20	39	22	40
20	40	45	46
20	41	37	38
20	42	37	38
20	43	31	32
20	44	22	40
20	45	54	55
20	46	59	60
20	47	45	46
20	48	73	74
20	49	61	62
20	50	26	27
20	51	37	38
20	52	39	53
20	53	79	80
20	54	121	122
20	55	95	96
20	56	48	49
20	57	48	49
20	58	22	40
20	59	166	167
20	60	70	71
20	61	0	0
20	62	0	0
20	63	39	53
20	64	39	53
20	65	39	53
20	66	24	25
20	67	22	40
20	68	59	60
20	69	26	27
20	70	81	82
20	71	142	143
20	72	26	27
20	73	0	0
20	74	0	0
20	75	45	46
20	76	48	49
20	77	52	78
20	78	87	88
20	79	98	99
20	80	140	141
20	81	0	0
20	82	0	0
20	83	79	80
20	84	61	62
20	85	79	80
20	86	59	60
20	87	103	104
20	88	91	92
20	89	45	46
20	90	70	71
20	91	160	161
20	92	101	102
20	93	77	94
20	94	218	219
20	95	145	146
20	96	182	183
20	97	77	94
20	98	271	272
20	99	209	210
20	100	81	82
20	101	311	312
20	102	242	243
20	103	116	117
20	104	113	114
20	105	79	80
20	106	87	88
20	107	101	102
20	108	101	102
20	109	54	55
20	110	81	82
20	111	87	88
20	112	81	82
20	113	156	157
20	114	313	314
20	115	59	60
20	116	185	186
20	117	527	528
20	118	116	117
20	119	91	92
20	120	101	102
20	121	125	126
20	122	127	128
20	123	70	71
20	124	95	96
20	125	0	0
20	126	0	0
20	127	0	0
20	128	0	0
20	129	95	96
20	130	77	94
20	131	116	117
20	132	54	55
20	133	113	114
20	134	73	74
20	135	61	62
20	136	77	94
20	137	113	114
20	138	73	74
20	139	87	88
20	140	187	188
20	141	170	171
20	142	0	0
20	143	0	0
20	144	121	122
20	145	0	0
20	146	0	0
20	147	127	128
20	148	127	128
20	149	163	164
20	150	211	212
20	151	61	62
20	152	103	104
20	153	145	146
20	154	91	92
20	155	116	117
20	156	172	173
20	157	180	181
20	158	95	96
20	159	103	104
20	160	405	406
20	161	666	667
20	162	91	92
20	163	0	0
20	164	0	0
20	165	142	143
20	166	238	239
20	167	177	178
20	168	160	161
20	169	140	141
20	170	191	192
20	171	248	249
20	172	261	262
20	173	870	871
20	174	156	157
20	175	172	173
20	176	52	78
20	177	0	0
20	178	0	0
20	179	113	114
20	180	588	589
20	181	259	260
20	182	0	0
20	183	0	0
20	184	103	104
20	185	196	197
20	186	435	436
20	187	223	224
20	188	267	268
20	189	187	188
20	190	166	167
20	191	246	247
20	192	214	215
20	193	160	161
20	194	127	128
20	195	166	167
20	196	253	254
20	197	225	226
20	198	149	150
20	199	163	164
20	200	177	178
20	201	172	173
20	202	145	146
20	203	160	161
20	204	54	55
20	205	52	78
20	206	163	164
20	207	182	183
20	208	73	74
20	209	233	234
20	210	341	342
20	211	0	0
20	212	0	0
20	213	191	192
20	214	0	0
20	215	0	0
20	216	121	122
20	217	70	71
20	218	264	265
20	219	295	296
20	220	182	183
20	221	156	157
20	222	170	171
20	223	306	307
20	224	250	251
20	225	0	0
20	226	0	0
20	227	180	181
20	228	156	157
20	229	218	219
20	230	142	143
20	231	149	150
20	232	149	150
20	233	318	319
20	234	638	639
20	235	209	210
20	236	52	78
20	237	142	143
20	238	0	0
20	239	0	0
20	240	140	141
20	241	182	183
20	242	299	300
20	243	308	309
20	244	191	192
20	245	170	171
20	246	0	0
20	247	0	0
20	248	286	287
20	249	301	302
20	250	0	0
20	251	0	0
20	252	177	178
20	253	0	0
20	254	0	0
20	255	185	186
20	256	166	167
20	257	140	141
20	258	177	178
20	259	0	0
20	260	0	0
20	261	0	0
20	262	0	0
20	263	163	164
20	264	279	280
20	265	420	421
20	266	259	260
20	267	370	371
20	268	496	497
20	269	170	171
20	270	267	268
20	271	803	804
20	272	366	367
20	273	187	188
20	274	125	126
20	275	223	224
20	276	253	254
20	277	98	99
20	278	125	126
20	279	289	290
20	280	889	890
20	281	233	234
20	282	267	268
20	283	180	181
20	284	271	272
20	285	180	181
20	286	0	0
20	287	0	0
20	288	264	265
20	289	316	317
20	290	353	354
20	291	248	249
20	292	218	219
20	293	187	188
20	294	121	122
20	295	336	337
20	296	427	428
20	297	250	251
20	298	225	226
20	299	650	651
20	300	459	460
20	301	0	0
20	302	0	0
20	303	259	260
20	304	98	99
20	305	271	272
20	306	0	0
20	307	0	0
20	308	330	331
20	309	584	585
20	310	191	192
20	311	440	441
20	312	413	414
20	313	320	321
20	314	344	345
20	315	238	239
20	316	462	463
20	317	349	350
20	318	0	0
20	319	0	0
20	320	355	356
20	321	542	543
20	322	145	146
20	323	196	197
20	324	223	224
20	325	246	247
20	326	185	186
20	327	289	290
20	328	246	247
20	329	185	186
20	330	0	0
20	331	0	0
20	332	267	268
20	333	318	319
20	334	242	243
20	335	318	319
20	336	425	426
20	337	559	560
20	338	295	296
20	339	311	312
20	340	248	249
20	341	632	633
20	342	373	374
20	343	125	126
20	344	900	901
20	345	0	0
20	346	196	197
20	347	311	312
20	348	261	262
20	349	843	844
20	350	392	393
20	351	311	312
20	352	341	342
20	353	386	387
20	354	381	382
20	355	0	0
20	356	0	0
20	357	353	354
20	358	98	99
20	359	301	302
20	360	225	226
20	361	211	212
20	362	341	342
20	363	316	317
20	364	320	321
20	365	279	280
20	366	402	403
20	367	396	397
20	368	264	265
20	369	248	249
20	370	0	0
20	371	0	0
20	372	246	247
20	373	0	0
20	374	0	0
20	375	209	210
20	376	306	307
20	377	373	374
20	378	209	210
20	379	353	354
20	380	261	262
20	381	679	680
20	382	502	503
20	383	172	173
20	384	289	290
20	385	271	272
20	386	523	524
20	387	0	0
20	388	261	262
20	389	295	296
20	390	233	234
20	391	353	354
20	392	0	0
20	393	0	0
20	394	196	197
20	395	301	302
20	396	0	0
20	397	0	0
20	398	253	254
20	399	264	265
20	400	386	387
20	401	336	337
20	402	0	0
20	403	0	0
20	404	396	397
20	405	690	691
20	406	488	489
20	407	250	251
20	408	341	342
20	409	330	331
20	410	405	406
20	411	313	314
20	412	301	302
20	413	417	418
20	414	508	509
20	415	402	403
20	416	250	251
20	417	0	0
20	418	0	0
20	419	223	224
20	420	515	516
20	421	676	677
20	422	299	300
20	423	286	287
20	424	405	406
20	425	457	458
20	426	432	433
20	427	664	665
20	428	493	494
20	429	381	382
20	430	413	414
20	431	313	314
20	432	479	480
20	433	621	622
20	434	295	296
20	435	449	450
20	436	634	635
20	437	320	321
20	438	313	314
20	439	225	226
20	440	498	499
20	441	477	478
20	442	427	428
20	443	373	374
20	444	402	403
20	445	233	234
20	446	396	397
20	447	279	280
20	448	344	345
20	449	0	0
20	450	0	0
20	451	392	393
20	452	218	219
20	453	214	215
20	454	279	280
20	455	286	287
20	456	386	387
20	457	485	486
20	458	853	854
20	459	0	0
20	460	0	0
20	461	238	239
20	462	756	757
20	463	561	562
20	464	318	319
20	465	425	426
20	466	320	321
20	467	440	441
20	468	299	300
20	469	316	317
20	470	306	307
20	471	316	317
20	472	214	215
20	473	242	243
20	474	238	239
20	475	242	243
20	476	349	350
20	477	0	0
20	478	0	0
20	479	512	513
20	480	600	601
20	481	457	458
20	482	420	421
20	483	289	290
20	484	386	387
20	485	530	531
20	486	563	564
20	487	286	287
20	488	946	947
20	489	517	518
20	490	370	371
20	491	405	406
20	492	214	215
20	493	565	566
20	494	534	535
20	495	493	494
20	496	0	0
20	497	0	0
20	498	0	0
20	499	0	0
20	500	211	212
20	501	417	418
20	502	0	0
20	503	0	0
20	504	330	331
20	505	435	436
20	506	336	337
20	507	462	463
20	508	0	0
20	509	0	0
20	510	396	397
20	511	299	300
20	512	0	0
20	513	0	0
20	514	211	212
20	515	553	554
20	516	0	0
20	517	0	0
20	518	0	0
20	519	457	458
20	520	432	433
20	521	498	499
20	522	488	489
20	523	0	0
20	524	0	0
20	525	457	458
20	526	253	254
20	527	747	748
20	528	950	951
20	529	498	499
20	530	0	0
20	531	0	0
20	532	93	533
20	533	865	866
20	534	540	541
20	535	607	608
20	536	459	460
20	537	485	486
20	538	349	350
20	539	381	382
20	540	592	593
20	541	609	610
20	542	0	0
20	543	0	0
20	544	440	441
20	545	425	426
20	546	485	486
20	547	498	499
20	548	366	367
20	549	485	486
20	550	527	528
20	551	336	337
20	552	373	374
20	553	657	658
20	554	0	0
20	555	435	436
20	556	306	307
20	557	449	450
20	558	349	350
20	559	711	712
20	560	0	0
20	561	0	0
20	562	0	0
20	563	0	0
20	564	0	0
20	565	831	832
20	566	586	587
20	567	563	564
20	568	370	371
20	569	479	480
20	570	530	531
20	571	381	382
20	572	515	516
20	573	413	414
20	574	392	393
20	575	440	441
20	576	413	414
20	577	432	433
20	578	532	579
20	579	602	603
20	580	459	460
20	581	330	331
20	582	534	535
20	583	561	562
20	584	0	0
20	585	0	0
20	586	654	655
20	587	645	646
20	588	0	0
20	589	0	0
20	590	540	541
20	591	496	497
20	592	0	0
20	593	0	0
20	594	512	513
20	595	517	518
20	596	553	554
20	597	432	433
20	598	517	518
20	599	344	345
20	600	0	0
20	601	0	0
20	602	629	630
20	603	895	896
20	604	588	589
20	605	563	564
20	606	523	524
20	607	662	663
20	608	785	786
20	609	0	0
20	610	0	0
20	611	553	554
20	612	563	564
20	613	459	460
20	614	344	345
20	615	584	585
20	616	427	428
20	617	602	603
20	618	609	610
20	619	532	579
20	620	609	610
20	621	642	643
20	622	686	687
20	623	517	518
20	624	355	356
20	625	542	543
20	626	586	587
20	627	508	509
20	628	493	494
20	629	699	700
20	630	740	741
20	631	493	494
20	632	0	0
20	633	0	0
20	634	0	0
20	635	0	0
20	636	586	587
20	637	609	610
20	638	0	0
20	639	0	0
20	640	629	630
20	641	425	426
20	642	0	0
20	643	0	0
20	644	600	601
20	645	0	0
20	646	0	0
20	647	565	566
20	648	370	371
20	649	462	463
20	650	0	0
20	651	0	0
20	652	427	428
20	653	534	535
20	654	0	0
20	655	0	0
20	656	462	463
20	657	0	0
20	658	708	709
20	659	530	531
20	660	588	589
20	661	645	646
20	662	0	0
20	663	0	0
20	664	959	960
20	665	694	695
20	666	992	993
20	667	760	761
20	668	527	528
20	669	578	670
20	670	768	769
20	671	488	489
20	672	642	643
20	673	638	639
20	674	488	489
20	675	565	566
20	676	790	791
20	677	962	963
20	678	308	309
20	679	0	0
20	680	0	0
20	681	259	260
20	682	578	670
20	683	679	680
20	684	584	585
20	685	93	533
20	686	0	0
20	687	0	0
20	688	561	562
20	689	512	513
20	690	765	766
20	691	692	693
20	692	0	0
20	693	0	0
20	694	752	753
20	695	779	780
20	696	654	655
20	697	588	589
20	698	402	403
20	699	758	759
20	700	744	745
20	701	417	418
20	702	559	560
20	703	449	450
20	704	479	480
20	705	629	630
20	706	607	608
20	707	607	608
20	708	0	0
20	709	0	0
20	710	449	450
20	711	788	789
20	712	797	798
20	713	479	480
20	714	664	665
20	715	523	524
20	716	420	421
20	717	699	700
20	718	542	543
20	719	645	646
20	720	699	700
20	721	417	418
20	722	629	630
20	723	496	497
20	724	679	680
20	725	527	528
20	726	496	497
20	727	699	700
20	728	355	356
20	729	634	635
20	730	534	535
20	731	607	608
20	732	690	691
20	733	355	356
20	734	565	566
20	735	561	562
20	736	686	687
20	737	578	670
20	738	308	309
20	739	634	635
20	740	0	0
20	741	819	820
20	742	645	646
20	743	523	524
20	744	816	817
20	745	813	814
20	746	621	622
20	747	781	782
20	748	0	0
20	749	744	745
20	750	602	603
20	751	435	436
20	752	915	916
20	753	795	796
20	754	392	393
20	755	657	658
20	756	0	0
20	757	0	0
20	758	986	987
20	759	881	882
20	760	840	841
20	761	773	774
20	762	650	651
20	763	758	759
20	764	662	663
20	765	0	0
20	766	0	0
20	767	650	651
20	768	938	939
20	769	799	800
20	770	654	655
20	771	592	593
20	772	662	663
20	773	0	0
20	774	0	0
20	775	600	601
20	776	578	670
20	777	632	633
20	778	744	745
20	779	964	965
20	780	783	784
20	781	0	0
20	782	0	0
20	783	0	0
20	784	0	0
20	785	0	0
20	786	0	0
20	787	530	531
20	788	825	826
20	789	874	875
20	790	827	828
20	791	823	824
20	792	788	789
20	793	679	680
20	794	694	695
20	795	0	0
20	796	0	0
20	797	0	0
20	798	868	869
20	799	836	837
20	800	976	977
20	801	508	509
20	802	420	421
20	803	0	0
20	804	0	0
20	805	477	478
20	806	657	658
20	807	790	791
20	808	779	780
20	809	765	766
20	810	783	784
20	811	773	774
20	812	760	761
20	813	904	905
20	814	883	884
20	815	559	560
20	816	0	0
20	817	0	0
20	818	512	513
20	819	0	0
20	820	984	985
20	821	795	796
20	822	819	820
20	823	0	0
20	824	849	850
20	825	0	0
20	826	0	0
20	827	0	0
20	828	0	0
20	829	650	651
20	830	756	757
20	831	0	0
20	832	0	0
20	833	744	745
20	834	831	832
20	835	773	774
20	836	0	0
20	837	974	975
20	838	803	804
20	839	559	560
20	840	0	0
20	841	0	0
20	842	632	633
20	843	0	0
20	844	0	0
20	845	669	846
20	846	927	928
20	847	477	478
20	848	813	814
20	849	0	0
20	850	0	0
20	851	803	804
20	852	711	712
20	853	942	943
20	854	0	0
20	855	602	603
20	856	773	774
20	857	515	516
20	858	797	798
20	859	765	766
20	860	752	753
20	861	827	828
20	862	690	691
20	863	690	691
20	864	760	761
20	865	0	0
20	866	999	1000
20	867	765	766
20	868	0	0
20	869	0	0
20	870	0	0
20	871	0	0
20	872	870	871
20	873	532	579
20	874	0	0
20	875	0	0
20	876	532	579
20	877	366	367
20	878	515	516
20	879	853	854
20	880	836	837
20	881	0	0
20	882	0	0
20	883	994	995
20	884	0	0
20	885	799	800
20	886	708	709
20	887	816	817
20	888	93	533
20	889	968	969
20	890	0	0
20	891	708	709
20	892	540	541
20	893	664	665
20	894	747	748
20	895	0	0
20	896	0	0
20	897	843	844
20	898	825	826
20	899	740	741
20	900	0	0
20	901	0	0
20	902	768	769
20	903	666	667
20	904	922	923
20	905	0	0
20	906	831	832
20	907	632	633
20	908	308	309
20	909	895	896
20	910	836	837
20	911	758	759
20	912	477	478
20	913	692	693
20	914	711	712
20	915	0	0
20	916	0	0
20	917	654	655
20	918	740	741
20	919	799	800
20	920	823	824
20	921	642	643
20	922	0	0
20	923	956	957
20	924	845	925
20	925	0	0
20	926	542	543
20	927	988	989
20	928	952	953
20	929	795	796
20	930	823	824
20	931	881	882
20	932	819	820
20	933	803	804
20	934	868	869
20	935	666	667
20	936	881	882
20	937	900	901
20	938	0	0
20	939	0	0
20	940	797	798
20	941	816	817
20	942	0	0
20	943	0	0
20	944	768	769
20	945	676	677
20	946	0	0
20	947	0	0
20	948	927	928
20	949	586	587
20	950	0	0
20	951	0	0
20	952	0	0
20	953	0	0
20	954	666	667
20	955	797	798
20	956	0	0
20	957	0	0
20	958	676	677
20	959	0	0
20	960	997	998
20	961	823	824
20	962	0	0
20	963	0	0
20	964	0	0
20	965	0	0
20	966	959	960
20	967	779	780
20	968	0	0
20	969	0	0
20	970	870	871
20	971	870	871
20	972	849	850
20	973	843	844
20	974	981	982
20	975	0	0
20	976	0	0
20	977	0	0
20	978	692	693
20	979	904	905
20	980	853	854
20	981	0	0
20	982	0	0
20	983	638	639
20	984	0	0
20	985	0	0
20	986	0	0
20	987	0	0
20	988	0	0
20	989	0	0
20	990	853	854
20	991	540	541
20	992	0	0
20	993	0	0
20	994	0	0
20	995	0	0
20	996	760	761
20	997	0	0
20	998	0	0
20	999	0	0
20	1000	0	0
