21	1	0	0
21	2	1	3
21	3	0	0
21	4	1	3
21	5	1	3
21	6	1	3
21	7	2	8
21	8	13	14
21	9	2	8
21	10	7	11
21	11	18	19
21	12	7	11
21	13	0	0
21	14	0	0
21	15	7	11
21	16	13	14
21	17	13	14
21	18	27	28
21	19	24	25
21	20	18	19
21	21	7	11
21	22	2	8
21	23	13	14
21	24	0	0
21	25	0	0
21	26	18	19
21	27	0	0
21	28	0	0
21	29	18	19
21	30	2	8
21	31	27	28
21	32	10	33
21	33	37	38
21	34	24	25
21	35	24	25
21	36	27	28
21	37	46	47
21	38	39	40
21	39	42	43
21	40	98	99
21	41	10	33
21	42	0	0
21	43	0	0
21	44	39	40
21	45	10	33
21	46	58	59
21	47	49	50
21	48	24	25
21	49	0	0
21	50	0	0
21	51	46	47
21	52	39	40
21	53	32	54
21	54	73	74
21	55	27	28
21	56	42	43
21	57	49	50
21	58	0	0
21	59	0	0
21	60	58	59
21	61	10	33
21	62	39	40
21	63	37	38
21	64	37	38
21	65	58	59
21	66	42	43
21	67	58	59
21	68	37	38
21	69	49	50
21	70	46	47
21	71	53	72
21	72	83	84
21	73	0	0
21	74	0	0
21	75	53	72
21	76	42	43
21	77	53	72
21	78	53	72
21	79	73	74
21	80	32	54
21	81	46	47
21	82	32	54
21	83	89	90
21	84	92	93
21	85	49	50
21	86	73	74
21	87	73	74
21	88	83	84
21	89	0	0
21	90	0	0
21	91	89	90
21	92	0	0
21	93	0	0
21	94	89	90
21	95	83	84
21	96	71	97
21	97	0	0
21	98	0	0
21	99	0	0
21	100	0	0
