36	1	0	0
36	2	1	3
36	3	0	0
36	4	1	3
36	5	1	3
36	6	2	7
36	7	8	9
36	8	0	0
36	9	0	0
36	10	1	3
36	11	8	9
36	12	8	9
36	13	2	7
36	14	8	9
36	15	6	16
36	16	18	19
36	17	6	16
36	18	27	28
36	19	21	22
36	20	6	16
36	21	0	0
36	22	0	0
36	23	2	7
36	24	15	25
36	25	39	40
36	26	18	19
36	27	0	0
36	28	0	0
36	29	21	22
36	30	2	7
36	31	27	28
36	32	6	16
36	33	15	25
36	34	18	19
36	35	21	22
36	36	27	28
36	37	15	25
36	38	18	19
36	39	41	42
36	40	0	0
36	41	0	0
36	42	0	0
36	43	15	25
36	44	39	40
36	45	24	46
36	46	0	0
36	47	27	28
36	48	45	49
36	49	0	0
36	50	0	0
