12	1	0	0
12	2	1	3
12	3	0	0
12	4	1	3
12	5	2	6
12	6	26	27
12	7	5	8
12	8	15	16
12	9	2	6
12	10	1	3
12	11	7	12
12	12	31	32
12	13	7	12
12	14	2	6
12	15	34	35
12	16	21	22
12	17	7	12
12	18	2	6
12	19	1	3
12	20	5	8
12	21	0	0
12	22	0	0
12	23	15	16
12	24	15	16
12	25	21	22
12	26	0	0
12	27	0	0
12	28	5	8
12	29	5	8
12	30	21	22
12	31	59	60
12	32	40	41
12	33	15	16
12	34	0	0
12	35	0	0
12	36	21	22
12	37	26	27
12	38	11	39
12	39	42	43
12	40	57	58
12	41	55	56
12	42	82	83
12	43	84	85
12	44	26	27
12	45	42	43
12	46	26	27
12	47	34	35
12	48	11	39
12	49	7	12
12	50	40	41
12	51	40	41
12	52	11	39
12	53	42	43
12	54	11	39
12	55	0	0
12	56	0	0
12	57	0	0
12	58	0	0
12	59	89	90
12	60	92	93
12	61	57	58
12	62	38	63
12	63	111	112
12	64	40	41
12	65	62	66
12	66	69	70
12	67	38	63
12	68	55	56
12	69	105	106
12	70	97	98
12	71	38	63
12	72	55	56
12	73	69	70
12	74	62	66
12	75	59	60
12	76	69	70
12	77	62	66
12	78	55	56
12	79	65	80
12	80	119	120
12	81	69	70
12	82	102	103
12	83	117	118
12	84	135	136
12	85	121	122
12	86	62	66
12	87	31	32
12	88	31	32
12	89	0	0
12	90	0	0
12	91	84	85
12	92	0	0
12	93	0	0
12	94	92	93
12	95	31	32
12	96	84	85
12	97	223	224
12	98	115	116
12	99	84	85
12	100	38	63
12	101	42	43
12	102	180	181
12	103	168	169
12	104	97	98
12	105	126	127
12	106	137	138
12	107	102	103
12	108	65	80
12	109	89	90
12	110	92	93
12	111	191	192
12	112	227	228
12	113	105	106
12	114	92	93
12	115	144	145
12	116	132	133
12	117	250	251
12	118	146	147
12	119	269	270
12	120	164	165
12	121	0	0
12	122	232	233
12	123	119	120
12	124	59	60
12	125	65	80
12	126	0	0
12	127	258	259
12	128	105	106
12	129	117	118
12	130	111	112
12	131	65	80
12	132	434	435
12	133	193	194
12	134	132	133
12	135	457	458
12	136	166	167
12	137	360	361
12	138	140	141
12	139	89	90
12	140	151	152
12	141	176	177
12	142	119	120
12	143	111	112
12	144	297	298
12	145	278	279
12	146	0	0
12	147	0	0
12	148	102	103
12	149	135	136
12	150	121	122
12	151	153	154
12	152	0	0
12	153	0	0
12	154	0	0
12	155	132	133
12	156	34	35
12	157	79	158
12	158	182	183
12	159	153	154
12	160	151	152
12	161	105	106
12	162	153	154
12	163	59	60
12	164	0	0
12	165	445	446
12	166	0	0
12	167	0	0
12	168	0	0
12	169	0	0
12	170	89	90
12	171	117	118
12	172	153	154
12	173	115	116
12	174	157	175
12	175	198	199
12	176	207	208
12	177	185	186
12	178	144	145
12	179	82	83
12	180	0	0
12	181	0	0
12	182	236	237
12	183	229	230
12	184	34	35
12	185	0	0
12	186	0	0
12	187	57	58
12	188	164	165
12	189	135	136
12	190	97	98
12	191	245	246
12	192	205	206
12	193	225	226
12	194	201	202
12	195	135	136
12	196	82	83
12	197	144	145
12	198	0	0
12	199	0	0
12	200	57	58
12	201	0	0
12	202	0	0
12	203	168	169
12	204	102	103
12	205	0	0
12	206	407	408
12	207	0	0
12	208	0	0
12	209	198	199
12	210	140	141
12	211	207	208
12	212	191	192
12	213	180	181
12	214	205	206
12	215	180	181
12	216	182	183
12	217	151	152
12	218	119	120
12	219	144	145
12	220	115	116
12	221	198	199
12	222	151	152
12	223	0	0
12	224	304	305
12	225	0	0
12	226	0	0
12	227	0	0
12	228	286	287
12	229	377	378
12	230	0	0
12	231	146	147
12	232	0	0
12	233	0	0
12	234	232	233
12	235	164	165
12	236	238	239
12	237	255	256
12	238	284	285
12	239	0	0
12	240	185	186
12	241	168	169
12	242	117	118
12	243	229	230
12	244	180	181
12	245	299	300
12	246	323	324
12	247	146	147
12	248	132	133
12	249	157	175
12	250	0	0
12	251	0	0
12	252	166	167
12	253	227	228
12	254	140	141
12	255	325	326
12	256	294	295
12	257	255	256
12	258	0	0
12	259	265	266
12	260	245	246
12	261	227	228
12	262	146	147
12	263	207	208
12	264	126	127
12	265	351	352
12	266	330	331
12	267	258	259
12	268	227	228
12	269	271	272
12	270	291	292
12	271	384	385
12	272	349	350
12	273	185	186
12	274	238	239
12	275	265	266
12	276	223	224
12	277	269	270
12	278	0	0
12	279	0	0
12	280	269	270
12	281	137	138
12	282	140	141
12	283	207	208
12	284	441	442
12	285	288	289
12	286	311	312
12	287	463	464
12	288	355	356
12	289	370	371
12	290	269	270
12	291	413	414
12	292	0	0
12	293	198	199
12	294	345	346
12	295	0	0
12	296	288	289
12	297	0	0
12	298	357	358
12	299	342	343
12	300	0	0
12	301	223	224
12	302	225	226
12	303	223	224
12	304	316	317
12	305	0	0
12	306	291	292
12	307	286	287
12	308	236	237
12	309	166	167
12	310	97	98
12	311	0	0
12	312	367	368
12	313	137	138
12	314	255	256
12	315	176	177
12	316	0	0
12	317	0	0
12	318	111	112
12	319	115	116
12	320	121	122
12	321	278	279
12	322	294	295
12	323	339	340
12	324	334	335
12	325	393	394
12	326	379	380
12	327	166	167
12	328	137	138
12	329	176	177
12	330	0	0
12	331	0	0
12	332	201	202
12	333	176	177
12	334	0	0
12	335	0	0
12	336	236	237
12	337	323	324
12	338	168	169
12	339	0	0
12	340	0	0
12	341	304	305
12	342	0	0
12	343	0	0
12	344	232	233
12	345	0	0
12	346	0	0
12	347	79	158
12	348	193	194
12	349	0	0
12	350	0	0
12	351	0	0
12	352	0	0
12	353	182	183
12	354	311	312
12	355	387	388
12	356	0	0
12	357	0	0
12	358	0	0
12	359	157	175
12	360	389	390
12	361	476	477
12	362	284	285
12	363	316	317
12	364	349	350
12	365	271	272
12	366	82	83
12	367	0	0
12	368	0	0
12	369	205	206
12	370	489	490
12	371	473	474
12	372	316	317
12	373	297	298
12	374	367	368
12	375	79	158
12	376	349	350
12	377	396	397
12	378	0	0
12	379	485	486
12	380	0	0
12	381	229	230
12	382	79	158
12	383	225	226
12	384	439	440
12	385	0	0
12	386	271	272
12	387	0	0
12	388	0	0
12	389	466	467
12	390	471	472
12	391	294	295
12	392	121	122
12	393	0	0
12	394	468	469
12	395	245	246
12	396	0	0
12	397	0	0
12	398	297	298
12	399	291	292
12	400	379	380
12	401	377	378
12	402	205	206
12	403	232	233
12	404	174	405
12	405	0	0
12	406	245	246
12	407	424	425
12	408	0	0
12	409	182	183
12	410	384	385
12	411	271	272
12	412	339	340
12	413	422	423
12	414	0	0
12	415	126	127
12	416	258	259
12	417	284	285
12	418	185	186
12	419	367	368
12	420	323	324
12	421	349	350
12	422	428	429
12	423	0	0
12	424	0	0
12	425	0	0
12	426	323	324
12	427	384	385
12	428	0	0
12	429	478	479
12	430	238	239
12	431	428	429
12	432	236	237
12	433	191	192
12	434	0	0
12	435	454	455
12	436	413	414
12	437	387	388
12	438	351	352
12	439	459	460
12	440	0	0
12	441	0	0
12	442	0	0
12	443	325	326
12	444	265	266
12	445	0	0
12	446	0	0
12	447	316	317
12	448	351	352
12	449	191	192
12	450	445	446
12	451	278	279
12	452	225	226
12	453	422	423
12	454	0	0
12	455	0	0
12	456	407	408
12	457	0	0
12	458	0	0
12	459	0	0
12	460	0	0
12	461	351	352
12	462	445	446
12	463	0	0
12	464	0	0
12	465	126	127
12	466	0	0
12	467	0	0
12	468	0	0
12	469	0	0
12	470	255	256
12	471	0	0
12	472	0	0
12	473	0	0
12	474	0	0
12	475	342	343
12	476	0	0
12	477	0	0
12	478	0	0
12	479	0	0
12	480	473	474
12	481	413	414
12	482	439	440
12	483	384	385
12	484	286	287
12	485	495	496
12	486	0	0
12	487	476	477
12	488	286	287
12	489	0	0
12	490	0	0
12	491	459	460
12	492	345	346
12	493	413	414
12	494	485	486
12	495	0	0
12	496	0	0
12	497	355	356
12	498	284	285
12	499	291	292
12	500	485	486
