38	1	0	0
38	2	1	3
38	3	0	0
38	4	1	3
38	5	1	3
38	6	1	3
38	7	2	8
38	8	10	11
38	9	2	8
38	10	0	0
38	11	0	0
38	12	7	13
38	13	18	19
38	14	10	11
38	15	10	11
38	16	10	11
38	17	7	13
38	18	25	26
38	19	21	22
38	20	2	8
38	21	0	0
38	22	0	0
38	23	21	22
38	24	2	8
38	25	0	0
38	26	0	0
38	27	12	28
38	28	39	40
38	29	7	13
38	30	21	22
38	31	7	13
38	32	18	19
38	33	18	19
38	34	18	19
38	35	27	36
38	36	55	56
38	37	12	28
38	38	12	28
38	39	51	52
38	40	41	42
38	41	48	49
38	42	87	88
38	43	25	26
38	44	27	36
38	45	12	28
38	46	27	36
38	47	21	22
38	48	0	0
38	49	0	0
38	50	25	26
38	51	0	0
38	52	79	80
38	53	27	36
38	54	41	42
38	55	0	0
38	56	68	69
38	57	55	56
38	58	25	26
38	59	51	52
38	60	41	42
38	61	55	56
38	62	39	40
38	63	39	40
38	64	48	49
38	65	55	56
38	66	39	40
38	67	41	42
38	68	0	0
38	69	70	71
38	70	97	98
38	71	81	82
38	72	51	52
38	73	70	71
38	74	51	52
38	75	68	69
38	76	70	71
38	77	68	69
38	78	48	49
38	79	0	0
38	80	0	0
38	81	0	0
38	82	0	0
38	83	79	80
38	84	48	49
38	85	35	86
38	86	0	0
38	87	0	0
38	88	0	0
38	89	87	88
38	90	68	69
38	91	79	80
38	92	81	82
38	93	79	80
38	94	35	86
38	95	85	96
38	96	0	0
38	97	0	0
38	98	0	0
38	99	97	98
38	100	97	98
