43	1	0	0
43	2	1	3
43	3	0	0
43	4	2	5
43	5	7	8
43	6	1	3
43	7	0	0
43	8	0	0
43	9	1	3
43	10	2	5
43	11	1	3
43	12	7	8
43	13	7	8
43	14	7	8
43	15	2	5
43	16	2	5
43	17	4	18
43	18	22	23
43	19	4	18
43	20	17	21
43	21	27	28
43	22	58	59
43	23	95	96
43	24	17	21
43	25	17	21
43	26	17	21
43	27	46	47
43	28	42	43
43	29	20	30
43	30	32	33
43	31	27	28
43	32	74	75
43	33	54	55
43	34	22	23
43	35	29	36
43	36	122	123
43	37	20	30
43	38	4	18
43	39	22	23
43	40	22	23
43	41	29	36
43	42	204	205
43	43	64	65
43	44	4	18
43	45	42	43
43	46	62	63
43	47	142	143
43	48	20	30
43	49	42	43
43	50	46	47
43	51	32	33
43	52	42	43
43	53	32	33
43	54	83	84
43	55	159	160
43	56	27	28
43	57	54	55
43	58	0	0
43	59	0	0
43	60	35	61
43	61	68	69
43	62	0	0
43	63	0	0
43	64	0	0
43	65	0	0
43	66	54	55
43	67	32	33
43	68	71	72
43	69	107	108
43	70	20	30
43	71	132	133
43	72	172	173
43	73	62	63
43	74	134	135
43	75	77	78
43	76	64	65
43	77	85	86
43	78	79	80
43	79	0	0
43	80	0	0
43	81	58	59
43	82	62	63
43	83	130	131
43	84	90	91
43	85	0	0
43	86	0	0
43	87	83	84
43	88	46	47
43	89	27	28
43	90	0	0
43	91	0	0
43	92	71	72
43	93	46	47
43	94	58	59
43	95	0	0
43	96	0	0
43	97	60	98
43	98	150	151
43	99	85	86
43	100	54	55
43	101	62	63
43	102	95	96
43	103	74	75
43	104	58	59
43	105	90	91
43	106	35	61
43	107	109	110
43	108	118	119
43	109	336	337
43	110	207	208
43	111	95	96
43	112	95	96
43	113	35	61
43	114	109	110
43	115	74	75
43	116	29	36
43	117	109	110
43	118	128	129
43	119	339	340
43	120	83	84
43	121	35	61
43	122	194	195
43	123	378	379
43	124	64	65
43	125	107	108
43	126	109	110
43	127	85	86
43	128	155	156
43	129	395	396
43	130	0	0
43	131	0	0
43	132	148	149
43	133	145	146
43	134	166	167
43	135	0	0
43	136	71	72
43	137	134	135
43	138	77	78
43	139	79	80
43	140	128	129
43	141	134	135
43	142	0	0
43	143	0	0
43	144	71	72
43	145	168	169
43	146	354	355
43	147	145	146
43	148	406	407
43	149	190	191
43	150	276	277
43	151	256	257
43	152	85	86
43	153	79	80
43	154	128	129
43	155	0	0
43	156	209	210
43	157	83	84
43	158	122	123
43	159	226	227
43	160	228	229
43	161	60	98
43	162	60	98
43	163	118	119
43	164	130	131
43	165	145	146
43	166	0	0
43	167	0	0
43	168	0	0
43	169	321	322
43	170	74	75
43	171	134	135
43	172	177	178
43	173	179	180
43	174	64	65
43	175	128	129
43	176	130	131
43	177	283	284
43	178	347	348
43	179	201	202
43	180	242	243
43	181	179	180
43	182	132	133
43	183	79	80
43	184	155	156
43	185	177	178
43	186	159	160
43	187	159	160
43	188	107	108
43	189	150	151
43	190	461	462
43	191	493	494
43	192	60	98
43	193	90	91
43	194	220	221
43	195	222	223
43	196	190	191
43	197	107	108
43	198	159	160
43	199	145	146
43	200	148	149
43	201	432	433
43	202	280	281
43	203	90	91
43	204	0	0
43	205	0	0
43	206	29	36
43	207	234	235
43	208	224	225
43	209	0	0
43	210	0	0
43	211	77	78
43	212	209	210
43	213	201	202
43	214	142	143
43	215	201	202
43	216	155	156
43	217	148	149
43	218	142	143
43	219	168	169
43	220	251	252
43	221	265	266
43	222	268	269
43	223	249	250
43	224	376	377
43	225	261	262
43	226	0	0
43	227	0	0
43	228	0	0
43	229	0	0
43	230	155	156
43	231	77	78
43	232	194	195
43	233	122	123
43	234	441	442
43	235	289	290
43	236	224	225
43	237	150	151
43	238	228	229
43	239	168	169
43	240	222	223
43	241	209	210
43	242	331	332
43	243	324	325
43	244	234	235
43	245	207	208
43	246	204	205
43	247	97	248
43	248	0	0
43	249	0	0
43	250	475	476
43	251	404	405
43	252	253	254
43	253	0	0
43	254	0	0
43	255	118	119
43	256	293	294
43	257	295	296
43	258	132	133
43	259	234	235
43	260	207	208
43	261	0	0
43	262	0	0
43	263	251	252
43	264	201	202
43	265	374	375
43	266	0	0
43	267	209	210
43	268	343	344
43	269	328	329
43	270	166	167
43	271	142	143
43	272	268	269
43	273	166	167
43	274	224	225
43	275	226	227
43	276	358	359
43	277	390	391
43	278	234	235
43	279	148	149
43	280	0	0
43	281	0	0
43	282	242	243
43	283	307	308
43	284	291	292
43	285	280	281
43	286	190	191
43	287	166	167
43	288	224	225
43	289	0	0
43	290	0	0
43	291	0	0
43	292	0	0
43	293	0	0
43	294	0	0
43	295	382	383
43	296	0	0
43	297	251	252
43	298	204	205
43	299	280	281
43	300	190	191
43	301	268	269
43	302	220	221
43	303	247	304
43	304	0	0
43	305	303	306
43	306	363	364
43	307	0	0
43	308	0	0
43	309	168	169
43	310	222	223
43	311	228	229
43	312	194	195
43	313	130	131
43	314	177	178
43	315	242	243
43	316	177	178
43	317	268	269
43	318	276	277
43	319	204	205
43	320	289	290
43	321	0	0
43	322	0	0
43	323	226	227
43	324	0	0
43	325	0	0
43	326	150	151
43	327	222	223
43	328	0	0
43	329	0	0
43	330	242	243
43	331	0	0
43	332	0	0
43	333	118	119
43	334	179	180
43	335	276	277
43	336	365	366
43	337	424	425
43	338	307	308
43	339	0	0
43	340	0	0
43	341	247	304
43	342	307	308
43	343	0	0
43	344	0	0
43	345	336	337
43	346	289	290
43	347	0	0
43	348	349	350
43	349	0	0
43	350	0	0
43	351	336	337
43	352	249	250
43	353	307	308
43	354	459	460
43	355	453	454
43	356	331	332
43	357	291	292
43	358	0	0
43	359	0	0
43	360	321	322
43	361	265	266
43	362	276	277
43	363	0	0
43	364	393	394
43	365	481	482
43	366	422	423
43	367	253	254
43	368	68	69
43	369	295	296
43	370	122	123
43	371	336	337
43	372	97	248
43	373	328	329
43	374	0	0
43	375	0	0
43	376	0	0
43	377	0	0
43	378	0	0
43	379	398	399
43	380	354	355
43	381	295	296
43	382	416	417
43	383	471	472
43	384	291	292
43	385	331	332
43	386	305	387
43	387	0	0
43	388	349	350
43	389	374	375
43	390	0	0
43	391	0	0
43	392	376	377
43	393	437	438
43	394	444	445
43	395	427	428
43	396	439	440
43	397	179	180
43	398	0	0
43	399	0	0
43	400	251	252
43	401	365	366
43	402	331	332
43	403	303	306
43	404	0	0
43	405	0	0
43	406	0	0
43	407	418	419
43	408	404	405
43	409	293	294
43	410	398	399
43	411	404	405
43	412	374	375
43	413	382	383
43	414	194	195
43	415	328	329
43	416	0	0
43	417	0	0
43	418	0	0
43	419	0	0
43	420	265	266
43	421	220	221
43	422	0	0
43	423	0	0
43	424	457	458
43	425	0	0
43	426	228	229
43	427	0	0
43	428	0	0
43	429	303	306
43	430	358	359
43	431	427	428
43	432	0	0
43	433	0	0
43	434	220	221
43	435	305	387
43	436	406	407
43	437	0	0
43	438	0	0
43	439	0	0
43	440	0	0
43	441	0	0
43	442	0	0
43	443	393	394
43	444	446	447
43	445	0	0
43	446	0	0
43	447	0	0
43	448	390	391
43	449	390	391
43	450	68	69
43	451	253	254
43	452	354	355
43	453	0	0
43	454	0	0
43	455	295	296
43	456	253	254
43	457	0	0
43	458	0	0
43	459	0	0
43	460	0	0
43	461	0	0
43	462	0	0
43	463	461	462
43	464	461	462
43	465	339	340
43	466	444	445
43	467	328	329
43	468	283	284
43	469	382	383
43	470	395	396
43	471	0	0
43	472	0	0
43	473	461	462
43	474	363	364
43	475	0	0
43	476	0	0
43	477	249	250
43	478	457	458
43	479	378	379
43	480	475	476
43	481	0	0
43	482	0	0
43	483	365	366
43	484	132	133
43	485	416	417
43	486	471	472
43	487	441	442
43	488	172	173
43	489	441	442
43	490	256	257
43	491	404	405
43	492	441	442
43	493	0	0
43	494	0	0
43	495	305	387
43	496	280	281
43	497	395	396
43	498	424	425
43	499	354	355
43	500	349	350
