2	1	0	0
2	2	1	3
2	3	0	0
2	4	2	5
2	5	8	9
2	6	4	7
2	7	39	40
2	8	0	0
2	9	0	0
2	10	4	7
2	11	6	12
2	12	21	22
2	13	11	14
2	14	28	29
2	15	11	14
2	16	13	17
2	17	59	60
2	18	11	14
2	19	8	9
2	20	2	5
2	21	90	91
2	22	51	52
2	23	11	14
2	24	1	3
2	25	21	22
2	26	16	27
2	27	42	43
2	28	30	31
2	29	63	64
2	30	124	125
2	31	87	88
2	32	28	29
2	33	30	31
2	34	4	7
2	35	4	7
2	36	13	17
2	37	2	5
2	38	6	12
2	39	78	79
2	40	134	135
2	41	28	29
2	42	46	47
2	43	0	0
2	44	6	12
2	45	6	12
2	46	65	66
2	47	53	54
2	48	21	22
2	49	21	22
2	50	13	17
2	51	105	106
2	52	100	101
2	53	0	0
2	54	0	0
2	55	1	3
2	56	42	43
2	57	8	9
2	58	28	29
2	59	154	155
2	60	72	73
2	61	30	31
2	62	42	43
2	63	67	68
2	64	0	0
2	65	83	84
2	66	85	86
2	67	0	0
2	68	147	148
2	69	65	66
2	70	65	66
2	71	42	43
2	72	161	162
2	73	0	0
2	74	8	9
2	75	1	3
2	76	65	66
2	77	72	73
2	78	0	0
2	79	0	0
2	80	2	5
2	81	53	54
2	82	39	40
2	83	126	127
2	84	107	108
2	85	109	110
2	86	0	0
2	87	171	172
2	88	92	93
2	89	67	68
2	90	180	181
2	91	120	121
2	92	0	0
2	93	0	0
2	94	46	47
2	95	53	54
2	96	63	64
2	97	67	68
2	98	13	17
2	99	46	47
2	100	0	0
2	101	0	0
2	102	92	93
2	103	39	40
2	104	30	31
2	105	0	0
2	106	0	0
2	107	128	129
2	108	0	0
2	109	151	152
2	110	140	141
2	111	16	27
2	112	16	27
2	113	51	52
2	114	78	79
2	115	67	68
2	116	39	40
2	117	90	91
2	118	105	106
2	119	105	106
2	120	0	0
2	121	0	0
2	122	72	73
2	123	78	79
2	124	136	137
2	125	0	0
2	126	0	0
2	127	177	178
2	128	0	0
2	129	0	0
2	130	16	27
2	131	72	73
2	132	46	47
2	133	53	54
2	134	0	0
2	135	0	0
2	136	0	0
2	137	0	0
2	138	59	60
2	139	63	64
2	140	0	0
2	141	0	0
2	142	140	141
2	143	124	125
2	144	63	64
2	145	105	106
2	146	109	110
2	147	0	0
2	148	0	0
2	149	128	129
2	150	120	121
2	151	0	0
2	152	0	0
2	153	126	127
2	154	0	0
2	155	0	0
2	156	92	93
2	157	90	91
2	158	134	135
2	159	92	93
2	160	83	84
2	161	0	0
2	162	0	0
2	163	128	129
2	164	87	88
2	165	51	52
2	166	90	91
2	167	136	137
2	168	120	121
2	169	100	101
2	170	134	135
2	171	0	0
2	172	0	0
2	173	78	79
2	174	161	162
2	175	151	152
2	176	126	127
2	177	0	0
2	178	0	0
2	179	126	127
2	180	0	0
2	181	0	0
2	182	134	135
2	183	147	148
2	184	136	137
2	185	109	110
2	186	151	152
2	187	85	86
2	188	147	148
2	189	180	181
2	190	109	110
2	191	107	108
2	192	147	148
2	193	100	101
2	194	85	86
2	195	87	88
2	196	59	60
2	197	85	86
2	198	136	137
2	199	51	52
2	200	140	141
