1	1	0	0
1	2	1	3
1	3	0	0
1	4	1	3
1	5	2	6
1	6	12	13
1	7	1	3
1	8	1	3
1	9	2	6
1	10	2	6
1	11	2	6
1	12	0	0
1	13	0	0
1	14	5	15
1	15	16	17
1	16	45	46
1	17	21	22
1	18	12	13
1	19	5	15
1	20	12	13
1	21	0	0
1	22	0	0
1	23	5	15
1	24	21	22
1	25	5	15
1	26	14	27
1	27	35	36
1	28	14	27
1	29	21	22
1	30	16	17
1	31	14	27
1	32	14	27
1	33	21	22
1	34	12	13
1	35	48	49
1	36	39	40
1	37	16	17
1	38	16	17
1	39	71	72
1	40	91	92
1	41	35	36
1	42	39	40
1	43	26	44
1	44	52	53
1	45	0	0
1	46	0	0
1	47	45	46
1	48	113	114
1	49	74	75
1	50	26	44
1	51	35	36
1	52	55	56
1	53	66	67
1	54	45	46
1	55	58	59
1	56	78	79
1	57	52	53
1	58	61	62
1	59	95	96
1	60	52	53
1	61	0	0
1	62	0	0
1	63	48	49
1	64	61	62
1	65	58	59
1	66	111	112
1	67	135	136
1	68	39	40
1	69	39	40
1	70	35	36
1	71	0	0
1	72	0	0
1	73	61	62
1	74	0	0
1	75	0	0
1	76	61	62
1	77	58	59
1	78	105	106
1	79	98	99
1	80	45	46
1	81	55	56
1	82	71	72
1	83	26	44
1	84	71	72
1	85	26	44
1	86	55	56
1	87	48	49
1	88	74	75
1	89	74	75
1	90	52	53
1	91	0	0
1	92	0	0
1	93	71	72
1	94	48	49
1	95	0	0
1	96	0	0
1	97	74	75
1	98	0	0
1	99	0	0
1	100	95	96
1	101	95	96
1	102	43	103
1	103	266	267
1	104	58	59
1	105	0	0
1	106	0	0
1	107	78	79
1	108	95	96
1	109	43	103
1	110	78	79
1	111	192	193
1	112	130	131
1	113	0	0
1	114	0	0
1	115	43	103
1	116	66	67
1	117	98	99
1	118	66	67
1	119	91	92
1	120	111	112
1	121	78	79
1	122	102	123
1	123	231	232
1	124	102	123
1	125	66	67
1	126	122	127
1	127	154	155
1	128	105	106
1	129	55	56
1	130	0	0
1	131	0	0
1	132	130	131
1	133	126	134
1	134	160	161
1	135	140	141
1	136	195	196
1	137	43	103
1	138	105	106
1	139	113	114
1	140	0	0
1	141	0	0
1	142	122	127
1	143	102	123
1	144	113	114
1	145	140	141
1	146	126	134
1	147	135	136
1	148	91	92
1	149	111	112
1	150	98	99
1	151	113	114
1	152	98	99
1	153	140	141
1	154	175	176
1	155	177	178
1	156	91	92
1	157	154	155
1	158	122	127
1	159	130	131
1	160	165	166
1	161	168	169
1	162	122	127
1	163	135	136
1	164	135	136
1	165	216	217
1	166	170	171
1	167	160	161
1	168	202	203
1	169	255	256
1	170	184	185
1	171	0	0
1	172	170	171
1	173	126	134
1	174	111	112
1	175	207	208
1	176	181	182
1	177	0	0
1	178	189	190
1	179	102	123
1	180	140	141
1	181	198	199
1	182	234	235
1	183	181	182
1	184	214	215
1	185	277	278
1	186	175	176
1	187	105	106
1	188	126	134
1	189	0	0
1	190	248	249
1	191	170	171
1	192	0	0
1	193	0	0
1	194	165	166
1	195	0	0
1	196	0	0
1	197	189	190
1	198	0	0
1	199	270	271
1	200	195	196
1	201	154	155
1	202	275	276
1	203	239	240
1	204	184	185
1	205	184	185
1	206	184	185
1	207	258	259
1	208	0	0
1	209	154	155
1	210	170	171
1	211	168	169
1	212	195	196
1	213	130	131
1	214	218	219
1	215	264	265
1	216	0	0
1	217	0	0
1	218	0	0
1	219	251	252
1	220	214	215
1	221	189	190
1	222	207	208
1	223	207	208
1	224	198	199
1	225	168	169
1	226	165	166
1	227	198	199
1	228	195	196
1	229	165	166
1	230	192	193
1	231	237	238
1	232	299	300
1	233	216	217
1	234	293	294
1	235	0	0
1	236	214	215
1	237	0	0
1	238	268	269
1	239	0	0
1	240	281	282
1	241	175	176
1	242	218	219
1	243	214	215
1	244	189	190
1	245	207	208
1	246	237	238
1	247	239	240
1	248	0	0
1	249	0	0
1	250	248	249
1	251	279	280
1	252	0	0
1	253	216	217
1	254	181	182
1	255	283	284
1	256	0	0
1	257	255	256
1	258	0	0
1	259	285	286
1	260	234	235
1	261	192	193
1	262	258	259
1	263	175	176
1	264	273	274
1	265	0	0
1	266	290	291
1	267	0	0
1	268	0	0
1	269	0	0
1	270	0	0
1	271	0	0
1	272	216	217
1	273	0	0
1	274	0	0
1	275	0	0
1	276	0	0
1	277	0	0
1	278	0	0
1	279	0	0
1	280	0	0
1	281	0	0
1	282	0	0
1	283	0	0
1	284	0	0
1	285	0	0
1	286	0	0
1	287	279	280
1	288	237	238
1	289	198	199
1	290	0	0
1	291	0	0
1	292	168	169
1	293	0	0
1	294	0	0
1	295	266	267
1	296	251	252
1	297	275	276
1	298	266	267
1	299	0	0
1	300	0	0
