47	1	0	0
47	2	1	3
47	3	0	0
47	4	1	3
47	5	1	3
47	6	1	3
47	7	2	8
47	8	26	27
47	9	2	8
47	10	2	8
47	11	2	8
47	12	7	13
47	13	14	15
47	14	28	29
47	15	17	18
47	16	14	15
47	17	0	0
47	18	0	0
47	19	14	15
47	20	14	15
47	21	17	18
47	22	7	13
47	23	12	24
47	24	30	31
47	25	17	18
47	26	0	0
47	27	0	0
47	28	0	0
47	29	0	0
47	30	49	50
47	31	35	36
47	32	30	31
47	33	26	27
47	34	17	18
47	35	39	40
47	36	41	42
47	37	28	29
47	38	7	13
47	39	0	0
47	40	0	0
47	41	0	0
47	42	0	0
47	43	30	31
47	44	28	29
47	45	23	46
47	46	93	94
47	47	30	31
47	48	41	42
47	49	54	55
47	50	111	112
47	51	28	29
47	52	45	53
47	53	57	58
47	54	0	0
47	55	0	0
47	56	35	36
47	57	154	155
47	58	96	97
47	59	57	58
47	60	7	13
47	61	12	24
47	62	41	42
47	63	54	55
47	64	49	50
47	65	41	42
47	66	39	40
47	67	23	46
47	68	54	55
47	69	26	27
47	70	49	50
47	71	49	50
47	72	23	46
47	73	45	53
47	74	57	58
47	75	23	46
47	76	54	55
47	77	52	78
47	78	105	106
47	79	12	24
47	80	35	36
47	81	57	58
47	82	52	78
47	83	12	24
47	84	35	36
47	85	45	53
47	86	26	27
47	87	39	40
47	88	77	89
47	89	217	218
47	90	45	53
47	91	77	89
47	92	77	89
47	93	101	102
47	94	415	416
47	95	77	89
47	96	173	174
47	97	99	100
47	98	96	97
47	99	130	131
47	100	158	159
47	101	108	109
47	102	103	104
47	103	164	165
47	104	115	116
47	105	126	127
47	106	122	123
47	107	105	106
47	108	265	266
47	109	316	317
47	110	105	106
47	111	0	0
47	112	0	0
47	113	39	40
47	114	93	94
47	115	0	0
47	116	0	0
47	117	96	97
47	118	111	112
47	119	105	106
47	120	101	102
47	121	52	78
47	122	318	319
47	123	124	125
47	124	128	129
47	125	169	170
47	126	212	213
47	127	146	147
47	128	156	157
47	129	134	135
47	130	144	145
47	131	248	249
47	132	93	94
47	133	130	131
47	134	136	137
47	135	302	303
47	136	0	0
47	137	0	0
47	138	96	97
47	139	134	135
47	140	101	102
47	141	115	116
47	142	93	94
47	143	99	100
47	144	0	0
47	145	0	0
47	146	328	329
47	147	149	150
47	148	52	78
47	149	151	152
47	150	185	186
47	151	258	259
47	152	344	345
47	153	146	147
47	154	407	408
47	155	192	193
47	156	251	252
47	157	287	288
47	158	210	211
47	159	175	176
47	160	126	127
47	161	144	145
47	162	134	135
47	163	156	157
47	164	0	0
47	165	0	0
47	166	164	165
47	167	111	112
47	168	154	155
47	169	223	224
47	170	574	575
47	171	101	102
47	172	144	145
47	173	180	181
47	174	183	184
47	175	0	0
47	176	0	0
47	177	136	137
47	178	88	179
47	179	262	263
47	180	202	203
47	181	334	335
47	182	128	129
47	183	542	543
47	184	245	246
47	185	268	269
47	186	238	239
47	187	144	145
47	188	178	189
47	189	372	373
47	190	103	104
47	191	164	165
47	192	230	231
47	193	241	242
47	194	88	179
47	195	99	100
47	196	180	181
47	197	149	150
47	198	88	179
47	199	136	137
47	200	108	109
47	201	103	104
47	202	0	0
47	203	0	0
47	204	202	203
47	205	175	176
47	206	122	123
47	207	169	170
47	208	126	127
47	209	88	179
47	210	0	0
47	211	0	0
47	212	243	244
47	213	0	0
47	214	126	127
47	215	185	186
47	216	180	181
47	217	298	299
47	218	236	237
47	219	210	211
47	220	164	165
47	221	175	176
47	222	130	131
47	223	324	325
47	224	225	226
47	225	0	0
47	226	0	0
47	227	169	170
47	228	149	150
47	229	212	213
47	230	307	308
47	231	405	406
47	232	178	189
47	233	173	174
47	234	108	109
47	235	225	226
47	236	280	281
47	237	393	394
47	238	0	0
47	239	0	0
47	240	173	174
47	241	290	291
47	242	413	414
47	243	272	273
47	244	383	384
47	245	0	0
47	246	0	0
47	247	183	184
47	248	0	0
47	249	0	0
47	250	241	242
47	251	0	0
47	252	0	0
47	253	99	100
47	254	223	224
47	255	245	246
47	256	136	137
47	257	115	116
47	258	0	0
47	259	0	0
47	260	115	116
47	261	180	181
47	262	381	382
47	263	357	358
47	264	192	193
47	265	0	0
47	266	0	0
47	267	217	218
47	268	0	0
47	269	0	0
47	270	169	170
47	271	268	269
47	272	560	561
47	273	366	367
47	274	262	263
47	275	108	109
47	276	248	249
47	277	188	278
47	278	321	322
47	279	146	147
47	280	403	404
47	281	396	397
47	282	124	125
47	283	262	263
47	284	134	135
47	285	230	231
47	286	149	150
47	287	0	0
47	288	0	0
47	289	272	273
47	290	0	0
47	291	0	0
47	292	192	193
47	293	124	125
47	294	111	112
47	295	146	147
47	296	248	249
47	297	217	218
47	298	513	514
47	299	300	301
47	300	0	0
47	301	629	630
47	302	0	0
47	303	0	0
47	304	265	266
47	305	217	218
47	306	178	189
47	307	0	0
47	308	0	0
47	309	188	278
47	310	230	231
47	311	103	104
47	312	225	226
47	313	210	211
47	314	300	301
47	315	212	213
47	316	0	0
47	317	0	0
47	318	789	790
47	319	779	780
47	320	300	301
47	321	639	640
47	322	361	362
47	323	238	239
47	324	0	0
47	325	0	0
47	326	258	259
47	327	192	193
47	328	339	340
47	329	430	431
47	330	130	131
47	331	272	273
47	332	245	246
47	333	307	308
47	334	0	0
47	335	0	0
47	336	251	252
47	337	223	224
47	338	300	301
47	339	673	674
47	340	349	350
47	341	154	155
47	342	230	231
47	343	302	303
47	344	0	0
47	345	0	0
47	346	268	269
47	347	175	176
47	348	272	273
47	349	0	0
47	350	0	0
47	351	268	269
47	352	183	184
47	353	307	308
47	354	302	303
47	355	349	350
47	356	339	340
47	357	409	410
47	358	389	390
47	359	154	155
47	360	223	224
47	361	448	449
47	362	478	479
47	363	124	125
47	364	265	266
47	365	302	303
47	366	0	0
47	367	0	0
47	368	344	345
47	369	225	226
47	370	178	189
47	371	280	281
47	372	0	0
47	373	0	0
47	374	238	239
47	375	122	123
47	376	334	335
47	377	185	186
47	378	156	157
47	379	280	281
47	380	344	345
47	381	600	601
47	382	518	519
47	383	568	569
47	384	435	436
47	385	361	362
47	386	185	186
47	387	287	288
47	388	287	288
47	389	391	392
47	390	765	766
47	391	0	0
47	392	439	440
47	393	522	523
47	394	709	710
47	395	202	203
47	396	758	759
47	397	847	848
47	398	344	345
47	399	393	394
47	400	396	397
47	401	298	299
47	402	248	249
47	403	492	493
47	404	540	541
47	405	0	0
47	406	0	0
47	407	546	547
47	408	692	693
47	409	474	475
47	410	422	423
47	411	243	244
47	412	372	373
47	413	0	0
47	414	0	0
47	415	613	614
47	416	456	457
47	417	357	358
47	418	389	390
47	419	173	174
47	420	391	392
47	421	383	384
47	422	452	453
47	423	537	538
47	424	156	157
47	425	238	239
47	426	328	329
47	427	409	410
47	428	128	129
47	429	389	390
47	430	503	504
47	431	441	442
47	432	316	317
47	433	393	394
47	434	366	367
47	435	0	0
47	436	0	0
47	437	381	382
47	438	202	203
47	439	487	488
47	440	544	545
47	441	0	0
47	442	0	0
47	443	328	329
47	444	389	390
47	445	290	291
47	446	258	259
47	447	122	123
47	448	657	658
47	449	530	531
47	450	413	414
47	451	236	237
47	452	454	455
47	453	0	0
47	454	0	0
47	455	717	718
47	456	485	486
47	457	510	511
47	458	280	281
47	459	318	319
47	460	454	455
47	461	334	335
47	462	287	288
47	463	409	410
47	464	372	373
47	465	243	244
47	466	262	263
47	467	409	410
47	468	383	384
47	469	236	237
47	470	241	242
47	471	334	335
47	472	383	384
47	473	318	319
47	474	508	509
47	475	499	500
47	476	265	266
47	477	422	423
47	478	636	637
47	479	494	495
47	480	298	299
47	481	158	159
47	482	212	213
47	483	290	291
47	484	396	397
47	485	0	0
47	486	0	0
47	487	821	822
47	488	0	0
47	489	372	373
47	490	349	350
47	491	188	278
47	492	654	655
47	493	0	0
47	494	0	0
47	495	516	517
47	496	494	495
47	497	407	408
47	498	349	350
47	499	815	816
47	500	525	526
47	501	298	299
47	502	328	329
47	503	0	0
47	504	0	0
47	505	183	184
47	506	243	244
47	507	454	455
47	508	0	0
47	509	0	0
47	510	0	0
47	511	0	0
47	512	151	152
47	513	677	678
47	514	565	566
47	515	478	479
47	516	732	733
47	517	532	533
47	518	775	776
47	519	589	590
47	520	430	431
47	521	415	416
47	522	528	529
47	523	0	0
47	524	510	511
47	525	610	611
47	526	626	627
47	527	405	406
47	528	0	0
47	529	749	750
47	530	905	906
47	531	606	607
47	532	660	661
47	533	0	0
47	534	508	509
47	535	499	500
47	536	393	394
47	537	0	0
47	538	0	0
47	539	321	322
47	540	624	625
47	541	857	858
47	542	0	0
47	543	0	0
47	544	843	844
47	545	578	579
47	546	585	586
47	547	917	918
47	548	516	517
47	549	494	495
47	550	210	211
47	551	188	278
47	552	487	488
47	553	510	511
47	554	516	517
47	555	537	538
47	556	339	340
47	557	435	436
47	558	396	397
47	559	530	531
47	560	0	0
47	561	0	0
47	562	403	404
47	563	415	416
47	564	258	259
47	565	0	0
47	566	604	605
47	567	522	523
47	568	0	0
47	569	0	0
47	570	522	523
47	571	508	509
47	572	241	242
47	573	487	488
47	574	0	0
47	575	582	583
47	576	542	543
47	577	546	547
47	578	598	599
47	579	0	0
47	580	435	436
47	581	430	431
47	582	0	0
47	583	0	0
47	584	522	523
47	585	0	0
47	586	0	0
47	587	151	152
47	588	454	455
47	589	0	0
47	590	0	0
47	591	430	431
47	592	525	526
47	593	474	475
47	594	544	545
47	595	589	590
47	596	339	340
47	597	422	423
47	598	0	0
47	599	0	0
47	600	681	682
47	601	823	824
47	602	251	252
47	603	357	358
47	604	869	870
47	605	0	0
47	606	793	794
47	607	0	0
47	608	316	317
47	609	407	408
47	610	618	619
47	611	807	808
47	612	422	423
47	613	865	866
47	614	952	953
47	615	606	607
47	616	528	529
47	617	544	545
47	618	0	0
47	619	0	0
47	620	357	358
47	621	439	440
47	622	600	601
47	623	494	495
47	624	0	0
47	625	698	699
47	626	739	740
47	627	882	883
47	628	485	486
47	629	928	929
47	630	799	800
47	631	503	504
47	632	492	493
47	633	251	252
47	634	435	436
47	635	492	493
47	636	791	792
47	637	704	705
47	638	503	504
47	639	713	714
47	640	706	707
47	641	525	526
47	642	415	416
47	643	528	529
47	644	532	533
47	645	540	541
47	646	361	362
47	647	452	453
47	648	452	453
47	649	403	404
47	650	560	561
47	651	516	517
47	652	474	475
47	653	513	514
47	654	0	0
47	655	665	666
47	656	413	414
47	657	0	0
47	658	0	0
47	659	574	575
47	660	930	931
47	661	761	762
47	662	513	514
47	663	456	457
47	664	448	449
47	665	0	0
47	666	0	0
47	667	585	586
47	668	626	627
47	669	452	453
47	670	654	655
47	671	403	404
47	672	624	625
47	673	0	0
47	674	0	0
47	675	624	625
47	676	589	590
47	677	817	818
47	678	0	0
47	679	307	308
47	680	610	611
47	681	0	0
47	682	772	773
47	683	629	630
47	684	510	511
47	685	518	519
47	686	407	408
47	687	540	541
47	688	544	545
47	689	151	152
47	690	582	583
47	691	391	392
47	692	872	873
47	693	735	736
47	694	636	637
47	695	503	504
47	696	626	627
47	697	441	442
47	698	0	0
47	699	0	0
47	700	485	486
47	701	532	533
47	702	361	362
47	703	589	590
47	704	878	879
47	705	946	947
47	706	782	783
47	707	886	887
47	708	636	637
47	709	0	0
47	710	0	0
47	711	629	630
47	712	546	547
47	713	756	757
47	714	715	716
47	715	803	804
47	716	956	957
47	717	752	753
47	718	725	726
47	719	128	129
47	720	290	291
47	721	629	630
47	722	698	699
47	723	665	666
47	724	610	611
47	725	0	0
47	726	0	0
47	727	715	716
47	728	439	440
47	729	277	730
47	730	805	806
47	731	540	541
47	732	940	941
47	733	0	0
47	734	456	457
47	735	0	0
47	736	0	0
47	737	439	440
47	738	487	488
47	739	0	0
47	740	0	0
47	741	565	566
47	742	485	486
47	743	598	599
47	744	598	599
47	745	530	531
47	746	735	736
47	747	657	658
47	748	560	561
47	749	0	0
47	750	888	889
47	751	715	716
47	752	0	0
47	753	0	0
47	754	474	475
47	755	735	736
47	756	0	0
47	757	850	851
47	758	0	0
47	759	0	0
47	760	499	500
47	761	0	0
47	762	861	862
47	763	381	382
47	764	618	619
47	765	0	0
47	766	891	892
47	767	610	611
47	768	677	678
47	769	626	627
47	770	756	757
47	771	518	519
47	772	828	829
47	773	0	0
47	774	546	547
47	775	787	788
47	776	0	0
47	777	639	640
47	778	585	586
47	779	999	1000
47	780	915	916
47	781	756	757
47	782	0	0
47	783	0	0
47	784	725	726
47	785	673	674
47	786	604	605
47	787	0	0
47	788	876	877
47	789	0	0
47	790	0	0
47	791	994	995
47	792	0	0
47	793	826	827
47	794	845	846
47	795	598	599
47	796	568	569
47	797	236	237
47	798	613	614
47	799	0	0
47	800	909	910
47	801	525	526
47	802	654	655
47	803	0	0
47	804	0	0
47	805	811	812
47	806	0	0
47	807	0	0
47	808	0	0
47	809	528	529
47	810	765	766
47	811	0	0
47	812	944	945
47	813	542	543
47	814	405	406
47	815	0	0
47	816	971	972
47	817	0	0
47	818	0	0
47	819	713	714
47	820	811	812
47	821	0	0
47	822	949	950
47	823	913	914
47	824	852	853
47	825	618	619
47	826	0	0
47	827	832	833
47	828	0	0
47	829	0	0
47	830	803	804
47	831	613	614
47	832	898	899
47	833	0	0
47	834	585	586
47	835	793	794
47	836	779	780
47	837	478	479
47	838	441	442
47	839	704	705
47	840	713	714
47	841	391	392
47	842	665	666
47	843	0	0
47	844	863	864
47	845	0	0
47	846	0	0
47	847	0	0
47	848	0	0
47	849	574	575
47	850	0	0
47	851	923	924
47	852	0	0
47	853	0	0
47	854	787	788
47	855	574	575
47	856	624	625
47	857	0	0
47	858	0	0
47	859	366	367
47	860	657	658
47	861	936	937
47	862	0	0
47	863	0	0
47	864	0	0
47	865	0	0
47	866	0	0
47	867	799	800
47	868	828	829
47	869	884	885
47	870	0	0
47	871	793	794
47	872	0	0
47	873	0	0
47	874	793	794
47	875	158	159
47	876	0	0
47	877	0	0
47	878	893	894
47	879	0	0
47	880	639	640
47	881	803	804
47	882	0	0
47	883	0	0
47	884	0	0
47	885	0	0
47	886	0	0
47	887	0	0
47	888	0	0
47	889	0	0
47	890	772	773
47	891	0	0
47	892	938	939
47	893	0	0
47	894	0	0
47	895	861	862
47	896	677	678
47	897	681	682
47	898	0	0
47	899	0	0
47	900	405	406
47	901	752	753
47	902	542	543
47	903	692	693
47	904	749	750
47	905	0	0
47	906	954	955
47	907	713	714
47	908	660	661
47	909	984	985
47	910	0	0
47	911	568	569
47	912	677	678
47	913	0	0
47	914	0	0
47	915	0	0
47	916	0	0
47	917	0	0
47	918	0	0
47	919	499	500
47	920	636	637
47	921	456	457
47	922	888	889
47	923	0	0
47	924	0	0
47	925	884	885
47	926	318	319
47	927	828	829
47	928	0	0
47	929	0	0
47	930	958	959
47	931	0	0
47	932	815	816
47	933	884	885
47	934	448	449
47	935	618	619
47	936	0	0
47	937	0	0
47	938	0	0
47	939	0	0
47	940	0	0
47	941	0	0
47	942	940	941
47	943	657	658
47	944	0	0
47	945	0	0
47	946	0	0
47	947	0	0
47	948	872	873
47	949	0	0
47	950	0	0
47	951	600	601
47	952	0	0
47	953	0	0
47	954	0	0
47	955	0	0
47	956	0	0
47	957	0	0
47	958	0	0
47	959	0	0
47	960	826	827
47	961	613	614
47	962	448	449
47	963	321	322
47	964	639	640
47	965	940	941
47	966	805	806
47	967	946	947
47	968	565	566
47	969	888	889
47	970	715	716
47	971	978	979
47	972	0	0
47	973	817	818
47	974	366	367
47	975	761	762
47	976	752	753
47	977	725	726
47	978	0	0
47	979	0	0
47	980	530	531
47	981	600	601
47	982	717	718
47	983	958	959
47	984	0	0
47	985	0	0
47	986	537	538
47	987	861	862
47	988	956	957
47	989	654	655
47	990	692	693
47	991	692	693
47	992	756	757
47	993	739	740
47	994	0	0
47	995	0	0
47	996	560	561
47	997	984	985
47	998	717	718
47	999	0	0
47	1000	0	0
