40	1	0	0
40	2	1	3
40	3	0	0
40	4	2	5
40	5	15	16
40	6	1	3
40	7	1	3
40	8	2	5
40	9	1	3
40	10	2	5
40	11	4	12
40	12	17	18
40	13	4	12
40	14	2	5
40	15	0	0
40	16	0	0
40	17	0	0
40	18	20	21
40	19	17	18
40	20	0	0
40	21	0	0
40	22	4	12
40	23	4	12
40	24	20	21
40	25	20	21
40	26	20	21
40	27	17	18
40	28	11	29
40	29	32	33
40	30	11	29
40	31	17	18
40	32	41	42
40	33	0	0
40	34	28	35
40	35	0	0
40	36	11	29
40	37	32	33
40	38	34	39
40	39	47	48
40	40	32	33
40	41	0	0
40	42	0	0
40	43	15	16
40	44	38	45
40	45	0	0
40	46	38	45
40	47	0	0
40	48	0	0
40	49	32	33
40	50	41	42
