4	1	0	0
4	2	1	3
4	3	0	0
4	4	1	3
4	5	1	3
4	6	1	3
4	7	2	8
4	8	9	10
4	9	0	0
4	10	0	0
4	11	2	8
4	12	2	8
4	13	7	14
4	14	74	75
4	15	7	14
4	16	2	8
4	17	7	14
4	18	13	19
4	19	39	40
4	20	9	10
4	21	7	14
4	22	13	19
4	23	18	24
4	24	31	32
4	25	23	26
4	26	161	162
4	27	18	24
4	28	23	26
4	29	18	24
4	30	23	26
4	31	33	34
4	32	68	69
4	33	35	36
4	34	41	42
4	35	50	51
4	36	93	94
4	37	18	24
4	38	13	19
4	39	47	48
4	40	61	62
4	41	191	192
4	42	0	0
4	43	13	19
4	44	23	26
4	45	41	42
4	46	33	34
4	47	52	53
4	48	56	57
4	49	39	40
4	50	0	0
4	51	0	0
4	52	0	0
4	53	0	0
4	54	31	32
4	55	47	48
4	56	0	0
4	57	0	0
4	58	31	32
4	59	35	36
4	60	35	36
4	61	193	194
4	62	86	87
4	63	39	40
4	64	33	34
4	65	25	66
4	66	70	71
4	67	41	42
4	68	84	85
4	69	136	137
4	70	103	104
4	71	80	81
4	72	50	51
4	73	47	48
4	74	186	187
4	75	77	78
4	76	39	40
4	77	0	0
4	78	0	0
4	79	61	62
4	80	181	182
4	81	101	102
4	82	35	36
4	83	68	69
4	84	129	130
4	85	169	170
4	86	0	0
4	87	0	0
4	88	80	81
4	89	41	42
4	90	80	81
4	91	70	71
4	92	50	51
4	93	0	0
4	94	0	0
4	95	80	81
4	96	52	53
4	97	33	34
4	98	68	69
4	99	52	53
4	100	86	87
4	101	141	142
4	102	115	116
4	103	145	146
4	104	0	0
4	105	31	32
4	106	25	66
4	107	65	108
4	108	199	200
4	109	50	51
4	110	77	78
4	111	74	75
4	112	74	75
4	113	61	62
4	114	52	53
4	115	164	165
4	116	0	0
4	117	84	85
4	118	68	69
4	119	77	78
4	120	101	102
4	121	103	104
4	122	74	75
4	123	56	57
4	124	84	85
4	125	115	116
4	126	77	78
4	127	103	104
4	128	86	87
4	129	0	0
4	130	0	0
4	131	84	85
4	132	61	62
4	133	25	66
4	134	129	130
4	135	70	71
4	136	166	167
4	137	152	153
4	138	9	10
4	139	70	71
4	140	9	10
4	141	154	155
4	142	174	175
4	143	136	137
4	144	136	137
4	145	0	0
4	146	0	0
4	147	93	94
4	148	107	149
4	149	188	189
4	150	101	102
4	151	25	66
4	152	0	0
4	153	0	0
4	154	0	0
4	155	0	0
4	156	56	57
4	157	154	155
4	158	47	48
4	159	56	57
4	160	141	142
4	161	0	0
4	162	0	0
4	163	101	102
4	164	0	0
4	165	0	0
4	166	0	0
4	167	0	0
4	168	166	167
4	169	0	0
4	170	0	0
4	171	103	104
4	172	129	130
4	173	169	170
4	174	0	0
4	175	0	0
4	176	93	94
4	177	93	94
4	178	164	165
4	179	152	153
4	180	154	155
4	181	0	0
4	182	0	0
4	183	145	146
4	184	152	153
4	185	181	182
4	186	0	0
4	187	0	0
4	188	0	0
4	189	0	0
4	190	186	187
4	191	0	0
4	192	0	0
4	193	0	0
4	194	0	0
4	195	188	189
4	196	193	194
4	197	129	130
4	198	186	187
4	199	0	0
4	200	0	0
