14	1	0	0
14	2	1	3
14	3	0	0
14	4	2	5
14	5	16	17
14	6	1	3
14	7	2	5
14	8	4	9
14	9	0	0
14	10	2	5
14	11	8	12
14	12	13	14
14	13	25	26
14	14	39	40
14	15	8	12
14	16	0	0
14	17	0	0
14	18	2	5
14	19	4	9
14	20	13	14
14	21	8	12
14	22	11	23
14	23	37	38
14	24	13	14
14	25	31	32
14	26	33	34
14	27	4	9
14	28	13	14
14	29	8	12
14	30	25	26
14	31	0	0
14	32	0	0
14	33	0	0
14	34	0	0
14	35	16	17
14	36	1	3
14	37	0	0
14	38	0	0
14	39	45	46
14	40	0	0
14	41	25	26
14	42	33	34
14	43	39	40
14	44	25	26
14	45	0	0
14	46	0	0
14	47	1	3
14	48	45	46
14	49	4	9
14	50	0	0
