23	1	0	0
23	2	1	3
23	3	0	0
23	4	1	3
23	5	2	6
23	6	9	10
23	7	2	6
23	8	1	3
23	9	0	0
23	10	0	0
23	11	9	10
23	12	9	10
23	13	2	6
23	14	5	15
23	15	21	22
23	16	5	15
23	17	14	18
23	18	26	27
23	19	2	6
23	20	1	3
23	21	24	25
23	22	37	38
23	23	5	15
23	24	0	0
23	25	0	0
23	26	49	50
23	27	44	45
23	28	26	27
23	29	9	10
23	30	14	18
23	31	21	22
23	32	21	22
23	33	24	25
23	34	21	22
23	35	24	25
23	36	24	25
23	37	0	0
23	38	0	0
23	39	14	18
23	40	17	41
23	41	46	47
23	42	5	15
23	43	17	41
23	44	0	0
23	45	0	0
23	46	0	0
23	47	0	0
23	48	17	41
23	49	0	0
23	50	0	0
