12	1	0	0
12	2	1	3
12	3	0	0
12	4	1	3
12	5	1	3
12	6	2	7
12	7	12	13
12	8	6	9
12	9	10	11
12	10	18	19
12	11	27	28
12	12	0	0
12	13	0	0
12	14	6	9
12	15	2	7
12	16	12	13
12	17	10	11
12	18	0	0
12	19	0	0
12	20	12	13
12	21	18	19
12	22	12	13
12	23	6	9
12	24	6	9
12	25	2	7
12	26	18	19
12	27	0	0
12	28	0	0
12	29	1	3
12	30	10	11
12	31	2	7
12	32	18	19
12	33	10	11
12	34	27	28
12	35	8	36
12	36	37	38
12	37	50	51
12	38	48	49
12	39	27	28
12	40	27	28
12	41	8	36
12	42	8	36
12	43	35	44
12	44	84	85
12	45	37	38
12	46	35	44
12	47	8	36
12	48	0	0
12	49	65	66
12	50	53	54
12	51	0	0
12	52	37	38
12	53	0	0
12	54	0	0
12	55	35	44
12	56	43	57
12	57	58	59
12	58	60	61
12	59	0	0
12	60	73	74
12	61	62	63
12	62	71	72
12	63	76	77
12	64	43	57
12	65	0	0
12	66	0	0
12	67	48	49
12	68	35	44
12	69	58	59
12	70	65	66
12	71	0	0
12	72	98	99
12	73	0	0
12	74	0	0
12	75	50	51
12	76	0	0
12	77	86	87
12	78	73	74
12	79	48	49
12	80	48	49
12	81	56	82
12	82	92	93
12	83	71	72
12	84	0	0
12	85	0	0
12	86	0	0
12	87	0	0
12	88	60	61
12	89	84	85
12	90	37	38
12	91	84	85
12	92	96	97
12	93	0	0
12	94	76	77
12	95	73	74
12	96	0	0
12	97	0	0
12	98	0	0
12	99	0	0
12	100	53	54
