39	1	0	0
39	2	1	3
39	3	0	0
39	4	1	3
39	5	1	3
39	6	1	3
39	7	2	8
39	8	12	13
39	9	2	8
39	10	2	8
39	11	2	8
39	12	0	0
39	13	0	0
39	14	7	15
39	15	17	18
39	16	12	13
39	17	40	41
39	18	31	32
39	19	14	20
39	20	27	28
39	21	12	13
39	22	14	20
39	23	7	15
39	24	14	20
39	25	19	26
39	26	0	0
39	27	33	34
39	28	49	50
39	29	12	13
39	30	27	28
39	31	0	0
39	32	0	0
39	33	38	39
39	34	57	58
39	35	31	32
39	36	14	20
39	37	17	18
39	38	0	0
39	39	0	0
39	40	0	0
39	41	0	0
39	42	17	18
39	43	40	41
39	44	27	28
39	45	7	15
39	46	38	39
39	47	19	26
39	48	17	18
39	49	51	52
39	50	61	62
39	51	0	0
39	52	0	0
39	53	40	41
39	54	31	32
39	55	19	26
39	56	49	50
39	57	0	0
39	58	0	0
39	59	25	60
39	60	67	68
39	61	0	0
39	62	0	0
39	63	49	50
39	64	7	15
39	65	27	28
39	66	49	50
39	67	92	93
39	68	0	0
39	69	33	34
39	70	33	34
39	71	57	58
39	72	31	32
39	73	25	60
39	74	67	68
39	75	59	76
39	76	77	78
39	77	83	84
39	78	0	0
39	79	38	39
39	80	67	68
39	81	25	60
39	82	57	58
39	83	0	0
39	84	89	90
39	85	77	78
39	86	57	58
39	87	61	62
39	88	40	41
39	89	0	0
39	90	97	98
39	91	25	60
39	92	0	0
39	93	0	0
39	94	89	90
39	95	92	93
39	96	77	78
39	97	0	0
39	98	0	0
39	99	97	98
39	100	92	93
