4	1	0	0
4	2	1	3
4	3	0	0
4	4	1	3
4	5	1	3
4	6	1	3
4	7	2	8
4	8	81	82
4	9	7	10
4	10	17	18
4	11	7	10
4	12	9	13
4	13	14	15
4	14	28	29
4	15	19	20
4	16	7	10
4	17	44	45
4	18	53	54
4	19	21	22
4	20	108	109
4	21	0	0
4	22	0	0
4	23	21	22
4	24	2	8
4	25	19	20
4	26	19	20
4	27	17	18
4	28	42	43
4	29	34	35
4	30	21	22
4	31	21	22
4	32	7	10
4	33	9	13
4	34	0	0
4	35	0	0
4	36	34	35
4	37	17	18
4	38	19	20
4	39	34	35
4	40	12	41
4	41	46	47
4	42	0	0
4	43	0	0
4	44	0	0
4	45	0	0
4	46	163	164
4	47	68	69
4	48	12	41
4	49	44	45
4	50	2	8
4	51	44	45
4	52	34	35
4	53	0	0
4	54	0	0
4	55	42	43
4	56	28	29
4	57	12	41
4	58	14	15
4	59	28	29
4	60	14	15
4	61	14	15
4	62	12	41
4	63	44	45
4	64	46	47
4	65	40	66
4	66	160	161
4	67	42	43
4	68	0	0
4	69	79	80
4	70	42	43
4	71	28	29
4	72	65	73
4	73	141	142
4	74	53	54
4	75	2	8
4	76	65	73
4	77	9	13
4	78	9	13
4	79	87	88
4	80	202	203
4	81	0	0
4	82	0	0
4	83	68	69
4	84	79	80
4	85	53	54
4	86	81	82
4	87	0	0
4	88	0	0
4	89	72	90
4	90	94	95
4	91	53	54
4	92	68	69
4	93	72	90
4	94	117	118
4	95	0	0
4	96	68	69
4	97	94	95
4	98	89	99
4	99	101	102
4	100	79	80
4	101	104	105
4	102	387	388
4	103	101	102
4	104	171	172
4	105	113	114
4	106	79	80
4	107	81	82
4	108	0	0
4	109	0	0
4	110	17	18
4	111	108	109
4	112	101	102
4	113	147	148
4	114	0	0
4	115	40	66
4	116	65	73
4	117	210	211
4	118	126	127
4	119	89	99
4	120	94	95
4	121	87	88
4	122	94	95
4	123	113	114
4	124	98	125
4	125	135	136
4	126	129	130
4	127	132	133
4	128	117	118
4	129	144	145
4	130	173	174
4	131	113	114
4	132	149	150
4	133	436	437
4	134	65	73
4	135	0	0
4	136	446	447
4	137	101	102
4	138	129	130
4	139	81	82
4	140	72	90
4	141	179	180
4	142	183	184
4	143	129	130
4	144	190	191
4	145	219	220
4	146	87	88
4	147	0	0
4	148	0	0
4	149	197	198
4	150	151	152
4	151	155	156
4	152	199	200
4	153	89	99
4	154	108	109
4	155	0	0
4	156	0	0
4	157	87	88
4	158	108	109
4	159	149	150
4	160	165	166
4	161	169	170
4	162	104	105
4	163	0	0
4	164	188	189
4	165	0	0
4	166	0	0
4	167	151	152
4	168	151	152
4	169	357	358
4	170	409	410
4	171	192	193
4	172	185	186
4	173	250	251
4	174	293	294
4	175	155	156
4	176	147	148
4	177	155	156
4	178	171	172
4	179	281	282
4	180	213	214
4	181	155	156
4	182	151	152
4	183	0	0
4	184	376	377
4	185	273	274
4	186	284	285
4	187	104	105
4	188	195	196
4	189	217	218
4	190	0	0
4	191	206	207
4	192	298	299
4	193	223	224
4	194	98	125
4	195	0	0
4	196	0	0
4	197	0	0
4	198	291	292
4	199	0	0
4	200	0	0
4	201	46	47
4	202	0	0
4	203	0	0
4	204	135	136
4	205	188	189
4	206	0	0
4	207	0	0
4	208	179	180
4	209	126	127
4	210	328	329
4	211	262	263
4	212	192	193
4	213	496	497
4	214	230	231
4	215	147	148
4	216	169	170
4	217	0	0
4	218	0	0
4	219	260	261
4	220	240	241
4	221	185	186
4	222	132	133
4	223	0	0
4	224	366	367
4	225	169	170
4	226	206	207
4	227	199	200
4	228	126	127
4	229	202	203
4	230	269	270
4	231	0	0
4	232	230	231
4	233	160	161
4	234	165	166
4	235	149	150
4	236	129	130
4	237	202	203
4	238	210	211
4	239	217	218
4	240	0	0
4	241	0	0
4	242	135	136
4	243	190	191
4	244	165	166
4	245	117	118
4	246	89	99
4	247	206	207
4	248	197	198
4	249	40	66
4	250	354	355
4	251	279	280
4	252	179	180
4	253	165	166
4	254	199	200
4	255	213	214
4	256	190	191
4	257	132	133
4	258	135	136
4	259	117	118
4	260	0	0
4	261	0	0
4	262	491	492
4	263	303	304
4	264	230	231
4	265	40	66
4	266	46	47
4	267	169	170
4	268	188	189
4	269	405	406
4	270	277	278
4	271	223	224
4	272	202	203
4	273	275	276
4	274	334	335
4	275	305	306
4	276	426	427
4	277	0	0
4	278	0	0
4	279	0	0
4	280	0	0
4	281	342	343
4	282	0	0
4	283	173	174
4	284	0	0
4	285	349	350
4	286	195	196
4	287	149	150
4	288	197	198
4	289	281	282
4	290	213	214
4	291	0	0
4	292	0	0
4	293	384	385
4	294	467	468
4	295	124	296
4	296	382	383
4	297	141	142
4	298	0	0
4	299	476	477
4	300	98	125
4	301	295	302
4	302	0	0
4	303	324	325
4	304	337	338
4	305	352	353
4	306	395	396
4	307	188	189
4	308	163	164
4	309	281	282
4	310	179	180
4	311	275	276
4	312	132	133
4	313	113	114
4	314	260	261
4	315	303	304
4	316	199	200
4	317	284	285
4	318	213	214
4	319	298	299
4	320	144	145
4	321	195	196
4	322	277	278
4	323	303	304
4	324	0	0
4	325	340	341
4	326	219	220
4	327	126	127
4	328	0	0
4	329	0	0
4	330	284	285
4	331	250	251
4	332	98	125
4	333	192	193
4	334	371	372
4	335	0	0
4	336	219	220
4	337	487	488
4	338	465	466
4	339	210	211
4	340	0	0
4	341	0	0
4	342	489	490
4	343	0	0
4	344	185	186
4	345	281	282
4	346	124	296
4	347	342	343
4	348	334	335
4	349	417	418
4	350	0	0
4	351	298	299
4	352	0	0
4	353	0	0
4	354	0	0
4	355	0	0
4	356	206	207
4	357	0	0
4	358	413	414
4	359	195	196
4	360	357	358
4	361	337	338
4	362	349	350
4	363	173	174
4	364	293	294
4	365	262	263
4	366	0	0
4	367	392	393
4	368	230	231
4	369	324	325
4	370	334	335
4	371	419	420
4	372	402	403
4	373	240	241
4	374	163	164
4	375	275	276
4	376	448	449
4	377	428	429
4	378	210	211
4	379	223	224
4	380	275	276
4	381	197	198
4	382	0	0
4	383	0	0
4	384	0	0
4	385	0	0
4	386	183	184
4	387	422	423
4	388	0	0
4	389	284	285
4	390	124	296
4	391	382	383
4	392	0	0
4	393	458	459
4	394	104	105
4	395	0	0
4	396	0	0
4	397	277	278
4	398	291	292
4	399	250	251
4	400	250	251
4	401	185	186
4	402	0	0
4	403	0	0
4	404	223	224
4	405	0	0
4	406	0	0
4	407	295	302
4	408	171	172
4	409	462	463
4	410	442	443
4	411	305	306
4	412	291	292
4	413	415	416
4	414	0	0
4	415	0	0
4	416	0	0
4	417	431	432
4	418	494	495
4	419	0	0
4	420	0	0
4	421	293	294
4	422	0	0
4	423	0	0
4	424	124	296
4	425	173	174
4	426	474	475
4	427	0	0
4	428	0	0
4	429	0	0
4	430	163	164
4	431	0	0
4	432	0	0
4	433	183	184
4	434	419	420
4	435	147	148
4	436	0	0
4	437	0	0
4	438	295	302
4	439	436	437
4	440	303	304
4	441	305	306
4	442	0	0
4	443	0	0
4	444	328	329
4	445	382	383
4	446	0	0
4	447	0	0
4	448	0	0
4	449	0	0
4	450	298	299
4	451	366	367
4	452	387	388
4	453	260	261
4	454	217	218
4	455	277	278
4	456	342	343
4	457	273	274
4	458	0	0
4	459	0	0
4	460	262	263
4	461	240	241
4	462	499	500
4	463	0	0
4	464	422	423
4	465	0	0
4	466	0	0
4	467	0	0
4	468	0	0
4	469	357	358
4	470	144	145
4	471	446	447
4	472	183	184
4	473	413	414
4	474	0	0
4	475	0	0
4	476	0	0
4	477	0	0
4	478	409	410
4	479	467	468
4	480	301	481
4	481	0	0
4	482	144	145
4	483	428	429
4	484	419	420
4	485	337	338
4	486	72	90
4	487	0	0
4	488	0	0
4	489	0	0
4	490	0	0
4	491	0	0
4	492	0	0
4	493	448	449
4	494	0	0
4	495	0	0
4	496	0	0
4	497	0	0
4	498	349	350
4	499	0	0
4	500	0	0
