30	1	0	0
30	2	1	3
30	3	0	0
30	4	1	3
30	5	1	3
30	6	2	7
30	7	52	53
30	8	2	7
30	9	1	3
30	10	2	7
30	11	2	7
30	12	6	13
30	13	19	20
30	14	12	15
30	15	17	18
30	16	6	13
30	17	31	32
30	18	35	36
30	19	27	28
30	20	22	23
30	21	19	20
30	22	0	0
30	23	0	0
30	24	22	23
30	25	6	13
30	26	12	15
30	27	0	0
30	28	0	0
30	29	17	18
30	30	17	18
30	31	44	45
30	32	49	50
30	33	19	20
30	34	31	32
30	35	57	58
30	36	55	56
30	37	22	23
30	38	31	32
30	39	22	23
30	40	12	15
30	41	17	18
30	42	19	20
30	43	6	13
30	44	0	0
30	45	0	0
30	46	31	32
30	47	44	45
30	48	27	28
30	49	0	0
30	50	0	0
30	51	49	50
30	52	0	0
30	53	0	0
30	54	35	36
30	55	0	0
30	56	0	0
30	57	0	0
30	58	0	0
30	59	57	58
30	60	55	56
30	61	12	15
30	62	27	28
30	63	57	58
30	64	35	36
30	65	27	28
30	66	35	36
30	67	49	50
30	68	49	50
30	69	14	70
30	70	97	98
30	71	14	70
30	72	52	53
30	73	69	74
30	74	75	76
30	75	79	80
30	76	93	94
30	77	52	53
30	78	44	45
30	79	95	96
30	80	84	85
30	81	75	76
30	82	69	74
30	83	69	74
30	84	125	126
30	85	87	88
30	86	44	45
30	87	353	354
30	88	109	110
30	89	84	85
30	90	79	80
30	91	87	88
30	92	52	53
30	93	111	112
30	94	187	188
30	95	128	129
30	96	102	103
30	97	133	134
30	98	143	144
30	99	93	94
30	100	95	96
30	101	14	70
30	102	145	146
30	103	122	123
30	104	79	80
30	105	95	96
30	106	14	70
30	107	95	96
30	108	69	74
30	109	0	0
30	110	0	0
30	111	209	210
30	112	149	150
30	113	102	103
30	114	97	98
30	115	55	56
30	116	55	56
30	117	57	58
30	118	84	85
30	119	84	85
30	120	75	76
30	121	87	88
30	122	0	0
30	123	0	0
30	124	75	76
30	125	193	194
30	126	179	180
30	127	93	94
30	128	130	131
30	129	152	153
30	130	0	0
30	131	0	0
30	132	125	126
30	133	279	280
30	134	137	138
30	135	133	134
30	136	102	103
30	137	172	173
30	138	183	184
30	139	137	138
30	140	130	131
30	141	130	131
30	142	111	112
30	143	167	168
30	144	230	231
30	145	0	0
30	146	0	0
30	147	102	103
30	148	111	112
30	149	389	390
30	150	703	704
30	151	130	131
30	152	0	0
30	153	0	0
30	154	125	126
30	155	111	112
30	156	109	110
30	157	128	129
30	158	125	126
30	159	97	98
30	160	128	129
30	161	137	138
30	162	133	134
30	163	143	144
30	164	137	138
30	165	79	80
30	166	87	88
30	167	169	170
30	168	234	235
30	169	0	0
30	170	0	0
30	171	143	144
30	172	0	0
30	173	0	0
30	174	152	153
30	175	169	170
30	176	128	129
30	177	149	150
30	178	145	146
30	179	0	0
30	180	0	0
30	181	167	168
30	182	169	170
30	183	0	0
30	184	0	0
30	185	152	153
30	186	169	170
30	187	205	206
30	188	207	208
30	189	183	184
30	190	187	188
30	191	97	98
30	192	93	94
30	193	0	0
30	194	0	0
30	195	133	134
30	196	73	197
30	197	256	257
30	198	187	188
30	199	122	123
30	200	152	153
30	201	149	150
30	202	183	184
30	203	179	180
30	204	187	188
30	205	238	239
30	206	299	300
30	207	0	0
30	208	220	221
30	209	214	215
30	210	258	259
30	211	109	110
30	212	172	173
30	213	167	168
30	214	0	0
30	215	0	0
30	216	196	217
30	217	226	227
30	218	207	208
30	219	149	150
30	220	0	0
30	221	0	0
30	222	207	208
30	223	167	168
30	224	214	215
30	225	109	110
30	226	825	826
30	227	0	0
30	228	207	208
30	229	122	123
30	230	288	289
30	231	283	284
30	232	226	227
30	233	179	180
30	234	0	0
30	235	0	0
30	236	220	221
30	237	122	123
30	238	0	0
30	239	0	0
30	240	205	206
30	241	220	221
30	242	238	239
30	243	145	146
30	244	234	235
30	245	230	231
30	246	230	231
30	247	209	210
30	248	143	144
30	249	193	194
30	250	183	184
30	251	226	227
30	252	179	180
30	253	216	254
30	254	262	263
30	255	73	197
30	256	303	304
30	257	269	270
30	258	0	0
30	259	0	0
30	260	193	194
30	261	234	235
30	262	274	275
30	263	309	310
30	264	205	206
30	265	238	239
30	266	234	235
30	267	216	254
30	268	214	215
30	269	292	293
30	270	615	616
30	271	196	217
30	272	230	231
30	273	258	259
30	274	277	278
30	275	358	359
30	276	274	275
30	277	290	291
30	278	331	332
30	279	343	344
30	280	0	0
30	281	279	280
30	282	209	210
30	283	0	0
30	284	0	0
30	285	277	278
30	286	258	259
30	287	73	197
30	288	0	0
30	289	0	0
30	290	403	404
30	291	375	376
30	292	502	503
30	293	336	337
30	294	172	173
30	295	277	278
30	296	73	197
30	297	269	270
30	298	258	259
30	299	0	0
30	300	0	0
30	301	193	194
30	302	269	270
30	303	318	319
30	304	367	368
30	305	220	221
30	306	269	270
30	307	196	217
30	308	145	146
30	309	312	313
30	310	437	438
30	311	196	217
30	312	409	410
30	313	315	316
30	314	290	291
30	315	401	402
30	316	322	323
30	317	238	239
30	318	526	527
30	319	470	471
30	320	318	319
30	321	172	173
30	322	712	713
30	323	419	420
30	324	309	310
30	325	318	319
30	326	205	206
30	327	262	263
30	328	216	254
30	329	226	227
30	330	290	291
30	331	339	340
30	332	428	429
30	333	318	319
30	334	322	323
30	335	290	291
30	336	378	379
30	337	351	352
30	338	288	289
30	339	486	487
30	340	405	406
30	341	256	257
30	342	312	313
30	343	0	0
30	344	0	0
30	345	277	278
30	346	283	284
30	347	339	340
30	348	292	293
30	349	331	332
30	350	309	310
30	351	386	387
30	352	476	477
30	353	0	0
30	354	0	0
30	355	312	313
30	356	309	310
30	357	303	304
30	358	398	399
30	359	364	365
30	360	336	337
30	361	214	215
30	362	274	275
30	363	358	359
30	364	431	432
30	365	396	397
30	366	358	359
30	367	411	412
30	368	542	543
30	369	262	263
30	370	283	284
30	371	256	257
30	372	303	304
30	373	274	275
30	374	367	368
30	375	433	434
30	376	498	499
30	377	343	344
30	378	517	518
30	379	449	450
30	380	367	368
30	381	262	263
30	382	343	344
30	383	351	352
30	384	378	379
30	385	339	340
30	386	0	0
30	387	0	0
30	388	209	210
30	389	0	0
30	390	0	0
30	391	386	387
30	392	315	316
30	393	312	313
30	394	216	254
30	395	292	293
30	396	426	427
30	397	993	994
30	398	530	531
30	399	678	679
30	400	299	300
30	401	424	425
30	402	592	593
30	403	666	667
30	404	641	642
30	405	869	870
30	406	422	423
30	407	351	352
30	408	364	365
30	409	439	440
30	410	466	467
30	411	652	653
30	412	699	700
30	413	378	379
30	414	343	344
30	415	396	397
30	416	299	300
30	417	367	368
30	418	331	332
30	419	725	726
30	420	925	926
30	421	256	257
30	422	603	604
30	423	649	650
30	424	656	657
30	425	484	485
30	426	534	535
30	427	637	638
30	428	807	808
30	429	646	647
30	430	364	365
30	431	595	596
30	432	464	465
30	433	441	442
30	434	550	551
30	435	283	284
30	436	378	379
30	437	453	454
30	438	479	480
30	439	701	702
30	440	880	881
30	441	462	463
30	442	0	0
30	443	403	404
30	444	431	432
30	445	411	412
30	446	401	402
30	447	389	390
30	448	419	420
30	449	0	0
30	450	0	0
30	451	426	427
30	452	439	440
30	453	0	0
30	454	520	521
30	455	331	332
30	456	405	406
30	457	437	438
30	458	322	323
30	459	428	429
30	460	419	420
30	461	389	390
30	462	0	0
30	463	0	0
30	464	481	482
30	465	973	974
30	466	681	682
30	467	505	506
30	468	424	425
30	469	433	434
30	470	771	772
30	471	523	524
30	472	470	471
30	473	351	352
30	474	253	475
30	475	629	630
30	476	0	0
30	477	0	0
30	478	431	432
30	479	577	578
30	480	785	786
30	481	674	675
30	482	0	0
30	483	431	432
30	484	588	589
30	485	507	508
30	486	494	495
30	487	538	539
30	488	389	390
30	489	439	440
30	490	353	354
30	491	339	340
30	492	462	463
30	493	476	477
30	494	804	805
30	495	695	696
30	496	474	497
30	497	0	0
30	498	0	0
30	499	597	598
30	500	336	337
30	501	411	412
30	502	0	0
30	503	553	554
30	504	486	487
30	505	902	903
30	506	0	0
30	507	0	0
30	508	0	0
30	509	353	354
30	510	375	376
30	511	405	406
30	512	322	323
30	513	253	475
30	514	386	387
30	515	405	406
30	516	505	506
30	517	0	0
30	518	0	0
30	519	419	420
30	520	575	576
30	521	684	685
30	522	464	465
30	523	0	0
30	524	718	719
30	525	481	482
30	526	545	546
30	527	900	901
30	528	441	442
30	529	505	506
30	530	0	0
30	531	639	640
30	532	422	423
30	533	315	316
30	534	582	583
30	535	0	0
30	536	530	531
30	537	523	524
30	538	0	0
30	539	0	0
30	540	428	429
30	541	453	454
30	542	0	0
30	543	0	0
30	544	288	289
30	545	643	644
30	546	619	620
30	547	433	434
30	548	375	376
30	549	479	480
30	550	913	914
30	551	839	840
30	552	479	480
30	553	814	815
30	554	0	0
30	555	299	300
30	556	505	506
30	557	292	293
30	558	523	524
30	559	437	438
30	560	479	480
30	561	494	495
30	562	453	454
30	563	288	289
30	564	464	465
30	565	507	508
30	566	553	554
30	567	476	477
30	568	398	399
30	569	441	442
30	570	424	425
30	571	358	359
30	572	545	546
30	573	279	280
30	574	336	337
30	575	0	0
30	576	787	788
30	577	722	723
30	578	624	625
30	579	498	499
30	580	498	499
30	581	474	497
30	582	0	0
30	583	0	0
30	584	534	535
30	585	502	503
30	586	279	280
30	587	534	535
30	588	0	0
30	589	0	0
30	590	449	450
30	591	526	527
30	592	0	0
30	593	0	0
30	594	364	365
30	595	800	801
30	596	613	614
30	597	796	797
30	598	621	622
30	599	538	539
30	600	437	438
30	601	386	387
30	602	592	593
30	603	0	0
30	604	0	0
30	605	439	440
30	606	553	554
30	607	595	596
30	608	575	576
30	609	253	475
30	610	315	316
30	611	517	518
30	612	476	477
30	613	668	669
30	614	0	0
30	615	931	932
30	616	763	764
30	617	441	442
30	618	466	467
30	619	0	0
30	620	0	0
30	621	0	0
30	622	0	0
30	623	545	546
30	624	949	950
30	625	876	877
30	626	517	518
30	627	603	604
30	628	526	527
30	629	635	636
30	630	676	677
30	631	403	404
30	632	621	622
30	633	449	450
30	634	577	578
30	635	0	0
30	636	0	0
30	637	820	821
30	638	686	687
30	639	654	655
30	640	858	859
30	641	0	0
30	642	0	0
30	643	0	0
30	644	0	0
30	645	464	465
30	646	0	0
30	647	670	671
30	648	603	604
30	649	0	0
30	650	0	0
30	651	486	487
30	652	732	733
30	653	863	864
30	654	659	660
30	655	781	782
30	656	741	742
30	657	818	819
30	658	502	503
30	659	0	0
30	660	0	0
30	661	545	546
30	662	582	583
30	663	582	583
30	664	449	450
30	665	502	503
30	666	0	0
30	667	893	894
30	668	0	0
30	669	0	0
30	670	885	886
30	671	0	0
30	672	641	642
30	673	498	499
30	674	0	0
30	675	0	0
30	676	0	0
30	677	874	875
30	678	938	939
30	679	714	715
30	680	375	376
30	681	692	693
30	682	845	846
30	683	484	485
30	684	768	769
30	685	710	711
30	686	0	0
30	687	0	0
30	688	659	660
30	689	538	539
30	690	520	521
30	691	422	423
30	692	738	739
30	693	0	0
30	694	517	518
30	695	0	0
30	696	0	0
30	697	353	354
30	698	486	487
30	699	835	836
30	700	951	952
30	701	0	0
30	702	929	930
30	703	0	0
30	704	0	0
30	705	470	471
30	706	678	679
30	707	695	696
30	708	603	604
30	709	621	622
30	710	0	0
30	711	823	824
30	712	0	0
30	713	766	767
30	714	744	745
30	715	816	817
30	716	426	427
30	717	652	653
30	718	0	0
30	719	0	0
30	720	453	454
30	721	641	642
30	722	0	0
30	723	927	928
30	724	654	655
30	725	730	731
30	726	0	0
30	727	718	719
30	728	674	675
30	729	699	700
30	730	0	0
30	731	0	0
30	732	0	0
30	733	0	0
30	734	520	521
30	735	470	471
30	736	474	497
30	737	523	524
30	738	0	0
30	739	0	0
30	740	428	429
30	741	0	0
30	742	0	0
30	743	646	647
30	744	760	761
30	745	756	757
30	746	718	719
30	747	668	669
30	748	401	402
30	749	582	583
30	750	741	742
30	751	424	425
30	752	597	598
30	753	303	304
30	754	484	485
30	755	422	423
30	756	0	0
30	757	0	0
30	758	629	630
30	759	534	535
30	760	0	0
30	761	0	0
30	762	641	642
30	763	0	0
30	764	833	834
30	765	396	397
30	766	829	830
30	767	0	0
30	768	0	0
30	769	0	0
30	770	725	726
30	771	0	0
30	772	882	883
30	773	595	596
30	774	398	399
30	775	592	593
30	776	426	427
30	777	703	704
30	778	744	745
30	779	619	620
30	780	652	653
30	781	0	0
30	782	0	0
30	783	686	687
30	784	526	527
30	785	789	790
30	786	0	0
30	787	0	0
30	788	904	905
30	789	0	0
30	790	918	919
30	791	588	589
30	792	732	733
30	793	701	702
30	794	494	495
30	795	732	733
30	796	0	0
30	797	0	0
30	798	507	508
30	799	703	704
30	800	0	0
30	801	0	0
30	802	637	638
30	803	760	761
30	804	0	0
30	805	0	0
30	806	619	620
30	807	0	0
30	808	0	0
30	809	744	745
30	810	484	485
30	811	678	679
30	812	771	772
30	813	787	788
30	814	0	0
30	815	0	0
30	816	0	0
30	817	954	955
30	818	0	0
30	819	0	0
30	820	0	0
30	821	0	0
30	822	624	625
30	823	0	0
30	824	0	0
30	825	878	879
30	826	0	0
30	827	635	636
30	828	398	399
30	829	0	0
30	830	0	0
30	831	619	620
30	832	621	622
30	833	0	0
30	834	866	867
30	835	0	0
30	836	0	0
30	837	825	826
30	838	530	531
30	839	0	0
30	840	0	0
30	841	654	655
30	842	807	808
30	843	833	834
30	844	807	808
30	845	0	0
30	846	0	0
30	847	825	826
30	848	725	726
30	849	396	397
30	850	703	704
30	851	820	821
30	852	652	653
30	853	823	824
30	854	597	598
30	855	494	495
30	856	403	404
30	857	710	711
30	858	920	921
30	859	0	0
30	860	823	824
30	861	686	687
30	862	507	508
30	863	0	0
30	864	0	0
30	865	839	840
30	866	0	0
30	867	0	0
30	868	666	667
30	869	0	0
30	870	0	0
30	871	686	687
30	872	796	797
30	873	520	521
30	874	0	0
30	875	896	897
30	876	0	0
30	877	983	984
30	878	0	0
30	879	916	917
30	880	0	0
30	881	956	957
30	882	0	0
30	883	0	0
30	884	818	819
30	885	0	0
30	886	0	0
30	887	401	402
30	888	699	700
30	889	744	745
30	890	481	482
30	891	637	638
30	892	684	685
30	893	0	0
30	894	0	0
30	895	538	539
30	896	0	0
30	897	958	959
30	898	668	669
30	899	804	805
30	900	0	0
30	901	944	945
30	902	0	0
30	903	0	0
30	904	0	0
30	905	0	0
30	906	725	726
30	907	730	731
30	908	760	761
30	909	823	824
30	910	466	467
30	911	624	625
30	912	787	788
30	913	0	0
30	914	0	0
30	915	816	817
30	916	990	991
30	917	0	0
30	918	0	0
30	919	963	964
30	920	0	0
30	921	0	0
30	922	613	614
30	923	595	596
30	924	613	614
30	925	0	0
30	926	947	948
30	927	0	0
30	928	975	976
30	929	0	0
30	930	0	0
30	931	0	0
30	932	0	0
30	933	904	905
30	934	712	713
30	935	818	819
30	936	253	475
30	937	629	630
30	938	0	0
30	939	0	0
30	940	756	757
30	941	714	715
30	942	925	926
30	943	785	786
30	944	0	0
30	945	0	0
30	946	643	644
30	947	0	0
30	948	0	0
30	949	0	0
30	950	0	0
30	951	0	0
30	952	0	0
30	953	712	713
30	954	0	0
30	955	0	0
30	956	0	0
30	957	0	0
30	958	0	0
30	959	0	0
30	960	804	805
30	961	646	647
30	962	951	952
30	963	0	0
30	964	0	0
30	965	869	870
30	966	902	903
30	967	656	657
30	968	666	667
30	969	530	531
30	970	542	543
30	971	670	671
30	972	433	434
30	973	0	0
30	974	0	0
30	975	0	0
30	976	0	0
30	977	768	769
30	978	874	875
30	979	949	950
30	980	869	870
30	981	920	921
30	982	674	675
30	983	0	0
30	984	0	0
30	985	829	830
30	986	646	647
30	987	944	945
30	988	768	769
30	989	701	702
30	990	0	0
30	991	0	0
30	992	938	939
30	993	995	996
30	994	0	0
30	995	0	0
30	996	0	0
30	997	781	782
30	998	949	950
30	999	804	805
30	1000	863	864
