47	1	0	0
47	2	1	3
47	3	0	0
47	4	1	3
47	5	1	3
47	6	1	3
47	7	2	8
47	8	9	10
47	9	0	0
47	10	0	0
47	11	2	8
47	12	9	10
47	13	9	10
47	14	2	8
47	15	9	10
47	16	7	17
47	17	18	19
47	18	22	23
47	19	48	49
47	20	18	19
47	21	7	17
47	22	0	0
47	23	0	0
47	24	22	23
47	25	2	8
47	26	18	19
47	27	16	28
47	28	51	52
47	29	18	19
47	30	7	17
47	31	27	32
47	32	43	44
47	33	27	32
47	34	7	17
47	35	16	28
47	36	22	23
47	37	27	32
47	38	16	28
47	39	27	32
47	40	16	28
47	41	31	42
47	42	61	62
47	43	46	47
47	44	54	55
47	45	22	23
47	46	95	96
47	47	90	91
47	48	0	0
47	49	0	0
47	50	48	49
47	51	57	58
47	52	63	64
47	53	51	52
47	54	143	144
47	55	100	101
47	56	43	44
47	57	82	83
47	58	72	73
47	59	43	44
47	60	51	52
47	61	121	122
47	62	66	67
47	63	103	104
47	64	76	77
47	65	54	55
47	66	68	69
47	67	88	89
47	68	80	81
47	69	123	124
47	70	46	47
47	71	57	58
47	72	0	0
47	73	0	0
47	74	54	55
47	75	57	58
47	76	0	0
47	77	0	0
47	78	57	58
47	79	76	77
47	80	115	116
47	81	108	109
47	82	0	0
47	83	0	0
47	84	41	85
47	85	239	240
47	86	51	52
47	87	72	73
47	88	132	133
47	89	119	120
47	90	205	206
47	91	117	118
47	92	54	55
47	93	66	67
47	94	46	47
47	95	127	128
47	96	243	244
47	97	72	73
47	98	84	99
47	99	203	204
47	100	190	191
47	101	178	179
47	102	90	91
47	103	0	0
47	104	0	0
47	105	46	47
47	106	82	83
47	107	90	91
47	108	0	0
47	109	0	0
47	110	63	64
47	111	84	99
47	112	31	42
47	113	76	77
47	114	103	104
47	115	0	0
47	116	0	0
47	117	0	0
47	118	0	0
47	119	176	177
47	120	201	202
47	121	129	130
47	122	158	159
47	123	209	210
47	124	232	233
47	125	76	77
47	126	48	49
47	127	0	0
47	128	0	0
47	129	184	185
47	130	0	0
47	131	115	116
47	132	155	156
47	133	148	149
47	134	108	109
47	135	121	122
47	136	68	69
47	137	82	83
47	138	115	116
47	139	103	104
47	140	90	91
47	141	108	109
47	142	121	122
47	143	0	0
47	144	265	266
47	145	88	89
47	146	72	73
47	147	82	83
47	148	0	0
47	149	0	0
47	150	121	122
47	151	98	152
47	152	0	0
47	153	88	89
47	154	100	101
47	155	0	0
47	156	0	0
47	157	129	130
47	158	211	212
47	159	173	174
47	160	100	101
47	161	100	101
47	162	43	44
47	163	108	109
47	164	68	69
47	165	127	128
47	166	117	118
47	167	117	118
47	168	61	62
47	169	95	96
47	170	123	124
47	171	119	120
47	172	103	104
47	173	225	226
47	174	285	286
47	175	143	144
47	176	0	0
47	177	0	0
47	178	0	0
47	179	0	0
47	180	84	99
47	181	48	49
47	182	143	144
47	183	178	179
47	184	241	242
47	185	198	199
47	186	41	85
47	187	63	64
47	188	143	144
47	189	80	81
47	190	0	0
47	191	0	0
47	192	95	96
47	193	158	159
47	194	123	124
47	195	84	99
47	196	184	185
47	197	98	152
47	198	0	0
47	199	0	0
47	200	127	128
47	201	0	0
47	202	0	0
47	203	215	216
47	204	228	229
47	205	0	0
47	206	0	0
47	207	176	177
47	208	88	89
47	209	0	0
47	210	0	0
47	211	0	0
47	212	281	282
47	213	178	179
47	214	98	152
47	215	272	273
47	216	0	0
47	217	148	149
47	218	198	199
47	219	129	130
47	220	41	85
47	221	95	96
47	222	155	156
47	223	151	224
47	224	0	0
47	225	0	0
47	226	0	0
47	227	117	118
47	228	288	289
47	229	0	0
47	230	68	69
47	231	205	206
47	232	0	0
47	233	0	0
47	234	129	130
47	235	158	159
47	236	201	202
47	237	31	42
47	238	178	179
47	239	255	256
47	240	0	0
47	241	0	0
47	242	0	0
47	243	0	0
47	244	0	0
47	245	215	216
47	246	201	202
47	247	80	81
47	248	223	249
47	249	297	298
47	250	61	62
47	251	158	159
47	252	132	133
47	253	132	133
47	254	176	177
47	255	259	260
47	256	279	280
47	257	173	174
47	258	148	149
47	259	263	264
47	260	0	0
47	261	151	224
47	262	66	67
47	263	0	0
47	264	0	0
47	265	0	0
47	266	0	0
47	267	148	149
47	268	115	116
47	269	255	256
47	270	63	64
47	271	155	156
47	272	0	0
47	273	0	0
47	274	203	204
47	275	98	152
47	276	201	202
47	277	265	266
47	278	41	85
47	279	0	0
47	280	0	0
47	281	0	0
47	282	0	0
47	283	205	206
47	284	255	256
47	285	0	0
47	286	0	0
47	287	176	177
47	288	299	300
47	289	0	0
47	290	173	174
47	291	203	204
47	292	184	185
47	293	255	256
47	294	259	260
47	295	132	133
47	296	215	216
47	297	0	0
47	298	0	0
47	299	0	0
47	300	0	0
