24	1	0	0
24	2	1	3
24	3	0	0
24	4	1	3
24	5	2	6
24	6	16	17
24	7	2	6
24	8	5	9
24	9	18	19
24	10	5	9
24	11	5	9
24	12	1	3
24	13	1	3
24	14	5	9
24	15	2	6
24	16	0	0
24	17	0	0
24	18	22	23
24	19	32	33
24	20	18	19
24	21	16	17
24	22	0	0
24	23	0	0
24	24	2	6
24	25	18	19
24	26	22	23
24	27	22	23
24	28	18	19
24	29	22	23
24	30	16	17
24	31	16	17
24	32	0	0
24	33	0	0
24	34	8	35
24	35	43	44
24	36	34	37
24	37	52	53
24	38	8	35
24	39	8	35
24	40	32	33
24	41	8	35
24	42	32	33
24	43	49	50
24	44	67	68
24	45	43	44
24	46	36	47
24	47	59	60
24	48	34	37
24	49	54	55
24	50	168	169
24	51	32	33
24	52	74	75
24	53	64	65
24	54	0	0
24	55	0	0
24	56	34	37
24	57	52	53
24	58	34	37
24	59	69	70
24	60	83	84
24	61	46	62
24	62	102	103
24	63	36	47
24	64	94	95
24	65	99	100
24	66	46	62
24	67	106	107
24	68	91	92
24	69	116	117
24	70	123	124
24	71	36	47
24	72	69	70
24	73	59	60
24	74	112	113
24	75	86	87
24	76	74	75
24	77	61	78
24	78	120	121
24	79	74	75
24	80	69	70
24	81	67	68
24	82	49	50
24	83	164	165
24	84	255	256
24	85	64	65
24	86	108	109
24	87	125	126
24	88	49	50
24	89	43	44
24	90	61	78
24	91	0	0
24	92	0	0
24	93	74	75
24	94	173	174
24	95	222	223
24	96	83	84
24	97	43	44
24	98	64	65
24	99	188	189
24	100	114	115
24	101	83	84
24	102	243	244
24	103	154	155
24	104	67	68
24	105	99	100
24	106	0	0
24	107	0	0
24	108	0	0
24	109	0	0
24	110	77	111
24	111	245	246
24	112	158	159
24	113	130	131
24	114	0	0
24	115	0	0
24	116	629	630
24	117	534	535
24	118	61	78
24	119	86	87
24	120	493	494
24	121	225	226
24	122	116	117
24	123	135	136
24	124	228	229
24	125	0	0
24	126	0	0
24	127	83	84
24	128	64	65
24	129	123	124
24	130	0	0
24	131	0	0
24	132	112	113
24	133	94	95
24	134	106	107
24	135	160	161
24	136	220	221
24	137	123	124
24	138	120	121
24	139	49	50
24	140	106	107
24	141	36	47
24	142	112	113
24	143	112	113
24	144	116	117
24	145	52	53
24	146	116	117
24	147	61	78
24	148	108	109
24	149	77	111
24	150	94	95
24	151	67	68
24	152	86	87
24	153	123	124
24	154	416	417
24	155	177	178
24	156	125	126
24	157	99	100
24	158	0	0
24	159	0	0
24	160	0	0
24	161	0	0
24	162	77	111
24	163	114	115
24	164	309	310
24	165	192	193
24	166	160	161
24	167	158	159
24	168	0	0
24	169	0	0
24	170	69	70
24	171	99	100
24	172	120	121
24	173	0	0
24	174	0	0
24	175	160	161
24	176	130	131
24	177	186	187
24	178	190	191
24	179	173	174
24	180	114	115
24	181	158	159
24	182	173	174
24	183	94	95
24	184	120	121
24	185	160	161
24	186	289	290
24	187	287	288
24	188	0	0
24	189	0	0
24	190	231	232
24	191	198	199
24	192	214	215
24	193	708	709
24	194	190	191
24	195	108	109
24	196	188	189
24	197	190	191
24	198	202	203
24	199	323	324
24	200	186	187
24	201	168	169
24	202	0	0
24	203	0	0
24	204	186	187
24	205	186	187
24	206	168	169
24	207	168	169
24	208	54	55
24	209	173	174
24	210	108	109
24	211	106	107
24	212	188	189
24	213	177	178
24	214	0	0
24	215	0	0
24	216	102	103
24	217	130	131
24	218	154	155
24	219	46	62
24	220	0	0
24	221	0	0
24	222	0	0
24	223	0	0
24	224	214	215
24	225	405	406
24	226	261	262
24	227	154	155
24	228	602	603
24	229	364	365
24	230	102	103
24	231	259	260
24	232	378	379
24	233	77	111
24	234	214	215
24	235	225	226
24	236	54	55
24	237	214	215
24	238	228	229
24	239	177	178
24	240	154	155
24	241	52	53
24	242	54	55
24	243	303	304
24	244	250	251
24	245	523	524
24	246	293	294
24	247	158	159
24	248	192	193
24	249	202	203
24	250	284	285
24	251	257	258
24	252	225	226
24	253	250	251
24	254	188	189
24	255	281	282
24	256	546	547
24	257	340	341
24	258	327	328
24	259	0	0
24	260	0	0
24	261	319	320
24	262	269	270
24	263	245	246
24	264	130	131
24	265	261	262
24	266	250	251
24	267	255	256
24	268	257	258
24	269	570	571
24	270	724	725
24	271	59	60
24	272	110	273
24	273	593	594
24	274	198	199
24	275	190	191
24	276	86	87
24	277	250	251
24	278	114	115
24	279	59	60
24	280	125	126
24	281	315	316
24	282	337	338
24	283	198	199
24	284	291	292
24	285	299	300
24	286	202	203
24	287	398	399
24	288	0	0
24	289	369	370
24	290	394	395
24	291	741	742
24	292	331	332
24	293	384	385
24	294	305	306
24	295	192	193
24	296	91	92
24	297	243	244
24	298	91	92
24	299	0	0
24	300	334	335
24	301	110	273
24	302	287	288
24	303	580	581
24	304	346	347
24	305	408	409
24	306	557	558
24	307	202	203
24	308	46	62
24	309	438	439
24	310	482	483
24	311	110	273
24	312	177	178
24	313	222	223
24	314	293	294
24	315	0	0
24	316	0	0
24	317	305	306
24	318	293	294
24	319	357	358
24	320	350	351
24	321	319	320
24	322	125	126
24	323	0	0
24	324	0	0
24	325	243	244
24	326	289	290
24	327	360	361
24	328	389	390
24	329	305	306
24	330	225	226
24	331	0	0
24	332	0	0
24	333	291	292
24	334	0	0
24	335	0	0
24	336	245	246
24	337	0	0
24	338	0	0
24	339	299	300
24	340	354	355
24	341	374	375
24	342	272	343
24	343	491	492
24	344	334	335
24	345	220	221
24	346	348	349
24	347	0	0
24	348	0	0
24	349	362	363
24	350	488	489
24	351	542	543
24	352	261	262
24	353	340	341
24	354	0	0
24	355	0	0
24	356	135	136
24	357	465	466
24	358	956	957
24	359	91	92
24	360	0	0
24	361	0	0
24	362	0	0
24	363	0	0
24	364	0	0
24	365	0	0
24	366	289	290
24	367	192	193
24	368	255	256
24	369	0	0
24	370	0	0
24	371	362	363
24	372	281	282
24	373	102	103
24	374	0	0
24	375	0	0
24	376	315	316
24	377	305	306
24	378	0	0
24	379	0	0
24	380	378	379
24	381	291	292
24	382	245	246
24	383	364	365
24	384	391	392
24	385	436	437
24	386	346	347
24	387	269	270
24	388	348	349
24	389	0	0
24	390	0	0
24	391	431	432
24	392	0	0
24	393	135	136
24	394	0	0
24	395	0	0
24	396	284	285
24	397	281	282
24	398	0	0
24	399	0	0
24	400	303	304
24	401	389	390
24	402	354	355
24	403	327	328
24	404	331	332
24	405	476	477
24	406	0	0
24	407	360	361
24	408	917	918
24	409	428	429
24	410	299	300
24	411	378	379
24	412	255	256
24	413	261	262
24	414	337	338
24	415	269	270
24	416	422	423
24	417	565	566
24	418	398	399
24	419	319	320
24	420	357	358
24	421	369	370
24	422	510	511
24	423	473	474
24	424	369	370
24	425	281	282
24	426	272	343
24	427	220	221
24	428	597	598
24	429	0	0
24	430	391	392
24	431	440	441
24	432	632	633
24	433	384	385
24	434	289	290
24	435	348	349
24	436	0	0
24	437	622	623
24	438	0	0
24	439	0	0
24	440	743	744
24	441	444	445
24	442	364	365
24	443	436	437
24	444	463	464
24	445	451	452
24	446	364	365
24	447	228	229
24	448	222	223
24	449	220	221
24	450	243	244
24	451	0	0
24	452	0	0
24	453	319	320
24	454	422	423
24	455	451	452
24	456	384	385
24	457	354	355
24	458	428	429
24	459	346	347
24	460	222	223
24	461	408	409
24	462	231	232
24	463	0	0
24	464	0	0
24	465	467	468
24	466	775	776
24	467	0	0
24	468	0	0
24	469	350	351
24	470	391	392
24	471	422	423
24	472	340	341
24	473	539	540
24	474	478	479
24	475	357	358
24	476	907	908
24	477	553	554
24	478	0	0
24	479	0	0
24	480	438	439
24	481	398	399
24	482	0	0
24	483	0	0
24	484	444	445
24	485	284	285
24	486	473	474
24	487	231	232
24	488	782	783
24	489	636	637
24	490	269	270
24	491	706	707
24	492	0	0
24	493	521	522
24	494	561	562
24	495	491	492
24	496	315	316
24	497	291	292
24	498	231	232
24	499	259	260
24	500	369	370
24	501	340	341
24	502	299	300
24	503	405	406
24	504	259	260
24	505	378	379
24	506	259	260
24	507	287	288
24	508	488	489
24	509	422	423
24	510	767	768
24	511	684	685
24	512	362	363
24	513	348	349
24	514	354	355
24	515	488	489
24	516	362	363
24	517	331	332
24	518	346	347
24	519	482	483
24	520	374	375
24	521	647	648
24	522	0	0
24	523	879	880
24	524	844	845
24	525	327	328
24	526	465	466
24	527	327	328
24	528	342	529
24	529	577	578
24	530	463	464
24	531	342	529
24	532	331	332
24	533	391	392
24	534	595	596
24	535	802	803
24	536	164	165
24	537	416	417
24	538	374	375
24	539	0	0
24	540	0	0
24	541	491	492
24	542	567	568
24	543	864	865
24	544	360	361
24	545	323	324
24	546	559	560
24	547	947	948
24	548	467	468
24	549	309	310
24	550	528	551
24	551	0	0
24	552	394	395
24	553	573	574
24	554	0	0
24	555	110	273
24	556	284	285
24	557	586	587
24	558	588	589
24	559	0	0
24	560	0	0
24	561	687	688
24	562	897	898
24	563	323	324
24	564	542	543
24	565	634	635
24	566	777	778
24	567	0	0
24	568	0	0
24	569	521	522
24	570	657	658
24	571	682	683
24	572	444	445
24	573	600	601
24	574	679	680
24	575	408	409
24	576	164	165
24	577	804	805
24	578	786	787
24	579	323	324
24	580	613	614
24	581	604	605
24	582	463	464
24	583	303	304
24	584	228	229
24	585	463	464
24	586	673	674
24	587	800	801
24	588	819	820
24	589	0	0
24	590	542	543
24	591	534	535
24	592	257	258
24	593	698	699
24	594	615	616
24	595	0	0
24	596	0	0
24	597	963	964
24	598	0	0
24	599	436	437
24	600	0	0
24	601	0	0
24	602	0	0
24	603	0	0
24	604	882	883
24	605	689	690
24	606	374	375
24	607	588	589
24	608	573	574
24	609	493	494
24	610	465	466
24	611	408	409
24	612	570	571
24	613	662	663
24	614	0	0
24	615	618	619
24	616	793	794
24	617	164	165
24	618	0	0
24	619	789	790
24	620	618	619
24	621	303	304
24	622	748	749
24	623	0	0
24	624	360	361
24	625	135	136
24	626	550	627
24	627	666	667
24	628	577	578
24	629	652	653
24	630	807	808
24	631	488	489
24	632	710	711
24	633	884	885
24	634	0	0
24	635	854	855
24	636	0	0
24	637	0	0
24	638	309	310
24	639	622	623
24	640	465	466
24	641	334	335
24	642	287	288
24	643	546	547
24	644	510	511
24	645	334	335
24	646	315	316
24	647	784	785
24	648	0	0
24	649	570	571
24	650	647	648
24	651	593	594
24	652	0	0
24	653	0	0
24	654	567	568
24	655	559	560
24	656	559	560
24	657	0	0
24	658	861	862
24	659	553	554
24	660	561	562
24	661	629	630
24	662	0	0
24	663	0	0
24	664	357	358
24	665	272	343
24	666	0	0
24	667	959	960
24	668	416	417
24	669	652	653
24	670	528	551
24	671	613	614
24	672	588	589
24	673	0	0
24	674	981	982
24	675	580	581
24	676	523	524
24	677	593	594
24	678	546	547
24	679	0	0
24	680	0	0
24	681	384	385
24	682	691	692
24	683	0	0
24	684	0	0
24	685	0	0
24	686	618	619
24	687	872	873
24	688	728	729
24	689	0	0
24	690	0	0
24	691	0	0
24	692	0	0
24	693	684	685
24	694	476	477
24	695	510	511
24	696	613	614
24	697	634	635
24	698	702	703
24	699	0	0
24	700	570	571
24	701	604	605
24	702	0	0
24	703	858	859
24	704	528	551
24	705	510	511
24	706	733	734
24	707	754	755
24	708	0	0
24	709	0	0
24	710	987	988
24	711	842	843
24	712	626	713
24	713	760	761
24	714	272	343
24	715	702	703
24	716	389	390
24	717	602	603
24	718	542	543
24	719	257	258
24	720	604	605
24	721	632	633
24	722	597	598
24	723	702	703
24	724	942	943
24	725	0	0
24	726	350	351
24	727	293	294
24	728	0	0
24	729	0	0
24	730	550	627
24	731	710	711
24	732	467	468
24	733	852	853
24	734	0	0
24	735	691	692
24	736	586	587
24	737	521	522
24	738	438	439
24	739	573	574
24	740	652	653
24	741	0	0
24	742	0	0
24	743	0	0
24	744	773	774
24	745	602	603
24	746	706	707
24	747	350	351
24	748	0	0
24	749	769	770
24	750	567	568
24	751	618	619
24	752	491	492
24	753	559	560
24	754	0	0
24	755	895	896
24	756	398	399
24	757	679	680
24	758	706	707
24	759	309	310
24	760	816	817
24	761	0	0
24	762	748	749
24	763	593	594
24	764	521	522
24	765	613	614
24	766	698	699
24	767	0	0
24	768	0	0
24	769	996	997
24	770	940	941
24	771	698	699
24	772	586	587
24	773	0	0
24	774	0	0
24	775	0	0
24	776	0	0
24	777	0	0
24	778	969	970
24	779	597	598
24	780	682	683
24	781	702	703
24	782	0	0
24	783	0	0
24	784	0	0
24	785	0	0
24	786	867	868
24	787	929	930
24	788	440	441
24	789	823	824
24	790	0	0
24	791	652	653
24	792	647	648
24	793	0	0
24	794	0	0
24	795	444	445
24	796	577	578
24	797	600	601
24	798	626	713
24	799	689	690
24	800	965	966
24	801	890	891
24	802	0	0
24	803	0	0
24	804	0	0
24	805	0	0
24	806	748	749
24	807	0	0
24	808	0	0
24	809	741	742
24	810	600	601
24	811	534	535
24	812	728	729
24	813	710	711
24	814	741	742
24	815	733	734
24	816	0	0
24	817	944	945
24	818	604	605
24	819	0	0
24	820	926	927
24	821	816	817
24	822	342	529
24	823	0	0
24	824	827	828
24	825	622	623
24	826	706	707
24	827	0	0
24	828	936	937
24	829	595	596
24	830	416	417
24	831	827	828
24	832	684	685
24	833	782	783
24	834	816	817
24	835	438	439
24	836	800	801
24	837	565	566
24	838	760	761
24	839	789	790
24	840	710	711
24	841	698	699
24	842	0	0
24	843	0	0
24	844	848	849
24	845	0	0
24	846	595	596
24	847	473	474
24	848	0	0
24	849	912	913
24	850	741	742
24	851	848	849
24	852	0	0
24	853	0	0
24	854	0	0
24	855	0	0
24	856	854	855
24	857	482	483
24	858	0	0
24	859	875	876
24	860	804	805
24	861	0	0
24	862	0	0
24	863	473	474
24	864	0	0
24	865	0	0
24	866	622	623
24	867	0	0
24	868	931	932
24	869	852	853
24	870	440	441
24	871	861	862
24	872	938	939
24	873	0	0
24	874	728	729
24	875	0	0
24	876	0	0
24	877	858	859
24	878	602	603
24	879	977	978
24	880	993	994
24	881	597	598
24	882	0	0
24	883	0	0
24	884	0	0
24	885	0	0
24	886	662	663
24	887	775	776
24	888	451	452
24	889	743	744
24	890	0	0
24	891	0	0
24	892	546	547
24	893	573	574
24	894	884	885
24	895	0	0
24	896	0	0
24	897	0	0
24	898	0	0
24	899	679	680
24	900	657	658
24	901	634	635
24	902	577	578
24	903	724	725
24	904	884	885
24	905	895	896
24	906	861	862
24	907	0	0
24	908	0	0
24	909	478	479
24	910	879	880
24	911	754	755
24	912	0	0
24	913	0	0
24	914	786	787
24	915	394	395
24	916	523	524
24	917	0	0
24	918	0	0
24	919	864	865
24	920	687	688
24	921	789	790
24	922	580	581
24	923	342	529
24	924	890	891
24	925	561	562
24	926	0	0
24	927	0	0
24	928	854	855
24	929	0	0
24	930	0	0
24	931	0	0
24	932	0	0
24	933	689	690
24	934	615	616
24	935	708	709
24	936	0	0
24	937	0	0
24	938	0	0
24	939	0	0
24	940	0	0
24	941	0	0
24	942	0	0
24	943	983	984
24	944	971	972
24	945	0	0
24	946	897	898
24	947	0	0
24	948	0	0
24	949	879	880
24	950	666	667
24	951	528	551
24	952	929	930
24	953	882	883
24	954	879	880
24	955	864	865
24	956	0	0
24	957	0	0
24	958	451	452
24	959	0	0
24	960	0	0
24	961	938	939
24	962	940	941
24	963	0	0
24	964	0	0
24	965	0	0
24	966	0	0
24	967	861	862
24	968	687	688
24	969	0	0
24	970	0	0
24	971	0	0
24	972	0	0
24	973	786	787
24	974	666	667
24	975	733	734
24	976	963	964
24	977	0	0
24	978	0	0
24	979	626	713
24	980	816	817
24	981	0	0
24	982	0	0
24	983	0	0
24	984	0	0
24	985	539	540
24	986	632	633
24	987	0	0
24	988	0	0
24	989	691	692
24	990	657	658
24	991	405	406
24	992	786	787
24	993	0	0
24	994	0	0
24	995	852	853
24	996	0	0
24	997	0	0
24	998	895	896
24	999	959	960
24	1000	482	483
