4	1	0	0
4	2	1	3
4	3	0	0
4	4	2	5
4	5	23	24
4	6	2	5
4	7	1	3
4	8	1	3
4	9	1	3
4	10	4	11
4	11	86	87
4	12	2	5
4	13	10	14
4	14	56	57
4	15	2	5
4	16	13	17
4	17	47	48
4	18	10	14
4	19	10	14
4	20	4	11
4	21	13	17
4	22	10	14
4	23	0	0
4	24	0	0
4	25	4	11
4	26	16	27
4	27	28	29
4	28	33	34
4	29	44	45
4	30	16	27
4	31	28	29
4	32	16	27
4	33	35	36
4	34	40	41
4	35	42	43
4	36	73	74
4	37	23	24
4	38	23	24
4	39	16	27
4	40	70	71
4	41	52	53
4	42	66	67
4	43	90	91
4	44	168	169
4	45	83	84
4	46	33	34
4	47	60	61
4	48	111	112
4	49	4	11
4	50	35	36
4	51	23	24
4	52	54	55
4	53	58	59
4	54	0	0
4	55	0	0
4	56	0	0
4	57	116	117
4	58	0	0
4	59	0	0
4	60	64	65
4	61	138	139
4	62	44	45
4	63	35	36
4	64	118	119
4	65	81	82
4	66	0	0
4	67	0	0
4	68	35	36
4	69	28	29
4	70	0	0
4	71	108	109
4	72	42	43
4	73	88	89
4	74	121	122
4	75	13	17
4	76	54	55
4	77	60	61
4	78	40	41
4	79	42	43
4	80	54	55
4	81	0	0
4	82	0	0
4	83	98	99
4	84	104	105
4	85	44	45
4	86	95	96
4	87	0	0
4	88	0	0
4	89	0	0
4	90	0	0
4	91	0	0
4	92	54	55
4	93	70	71
4	94	56	57
4	95	0	0
4	96	0	0
4	97	95	96
4	98	197	198
4	99	180	181
4	100	40	41
4	101	83	84
4	102	98	99
4	103	73	74
4	104	192	193
4	105	144	145
4	106	42	43
4	107	70	71
4	108	0	0
4	109	0	0
4	110	44	45
4	111	178	179
4	112	220	221
4	113	70	71
4	114	111	112
4	115	83	84
4	116	166	167
4	117	200	201
4	118	0	0
4	119	0	0
4	120	116	117
4	121	0	0
4	122	0	0
4	123	64	65
4	124	81	82
4	125	58	59
4	126	60	61
4	127	111	112
4	128	88	89
4	129	116	117
4	130	98	99
4	131	118	119
4	132	95	96
4	133	73	74
4	134	81	82
4	135	28	29
4	136	66	67
4	137	52	53
4	138	164	165
4	139	262	263
4	140	60	61
4	141	64	65
4	142	58	59
4	143	95	96
4	144	0	0
4	145	0	0
4	146	81	82
4	147	104	105
4	148	47	48
4	149	118	119
4	150	108	109
4	151	118	119
4	152	86	87
4	153	52	53
4	154	64	65
4	155	104	105
4	156	66	67
4	157	33	34
4	158	40	41
4	159	88	89
4	160	104	105
4	161	73	74
4	162	56	57
4	163	144	145
4	164	0	0
4	165	0	0
4	166	0	0
4	167	0	0
4	168	202	203
4	169	283	284
4	170	33	34
4	171	26	172
4	172	189	190
4	173	164	165
4	174	166	167
4	175	47	48
4	176	58	59
4	177	90	91
4	178	213	214
4	179	273	274
4	180	0	0
4	181	0	0
4	182	171	183
4	183	237	238
4	184	66	67
4	185	83	84
4	186	138	139
4	187	52	53
4	188	86	87
4	189	245	246
4	190	240	241
4	191	166	167
4	192	0	0
4	193	0	0
4	194	98	99
4	195	111	112
4	196	180	181
4	197	0	0
4	198	0	0
4	199	192	193
4	200	0	0
4	201	0	0
4	202	264	265
4	203	233	234
4	204	192	193
4	205	168	169
4	206	144	145
4	207	164	165
4	208	116	117
4	209	200	201
4	210	166	167
4	211	26	172
4	212	47	48
4	213	0	0
4	214	0	0
4	215	200	201
4	216	168	169
4	217	88	89
4	218	171	183
4	219	202	203
4	220	0	0
4	221	228	229
4	222	26	172
4	223	200	201
4	224	13	17
4	225	189	190
4	226	192	193
4	227	171	183
4	228	0	0
4	229	0	0
4	230	90	91
4	231	220	221
4	232	213	214
4	233	0	0
4	234	0	0
4	235	189	190
4	236	164	165
4	237	0	0
4	238	255	256
4	239	144	145
4	240	280	281
4	241	0	0
4	242	228	229
4	243	26	172
4	244	138	139
4	245	248	249
4	246	0	0
4	247	56	57
4	248	0	0
4	249	278	279
4	250	248	249
4	251	213	214
4	252	168	169
4	253	213	214
4	254	90	91
4	255	0	0
4	256	258	259
4	257	245	246
4	258	0	0
4	259	0	0
4	260	121	122
4	261	180	181
4	262	0	0
4	263	0	0
4	264	0	0
4	265	0	0
4	266	237	238
4	267	245	246
4	268	121	122
4	269	245	246
4	270	258	259
4	271	233	234
4	272	237	238
4	273	0	0
4	274	0	0
4	275	262	263
4	276	248	249
4	277	108	109
4	278	297	298
4	279	0	0
4	280	0	0
4	281	0	0
4	282	258	259
4	283	0	0
4	284	0	0
4	285	237	238
4	286	262	263
4	287	197	198
4	288	280	281
4	289	86	87
4	290	233	234
4	291	189	190
4	292	278	279
4	293	228	229
4	294	280	281
4	295	180	181
4	296	273	274
4	297	0	0
4	298	0	0
4	299	255	256
4	300	228	229
