33	1	0	0
33	2	1	3
33	3	0	0
33	4	1	3
33	5	1	3
33	6	2	7
33	7	10	11
33	8	6	9
33	9	22	23
33	10	0	0
33	11	0	0
33	12	2	7
33	13	1	3
33	14	6	9
33	15	2	7
33	16	6	9
33	17	10	11
33	18	6	9
33	19	10	11
33	20	8	21
33	21	37	38
33	22	27	28
33	23	56	57
33	24	2	7
33	25	22	23
33	26	10	11
33	27	0	0
33	28	0	0
33	29	27	28
33	30	8	21
33	31	22	23
33	32	27	28
33	33	27	28
33	34	8	21
33	35	8	21
33	36	22	23
33	37	41	42
33	38	39	40
33	39	122	123
33	40	70	71
33	41	79	80
33	42	51	52
33	43	39	40
33	44	20	45
33	45	48	49
33	46	41	42
33	47	20	45
33	48	77	78
33	49	53	54
33	50	41	42
33	51	0	0
33	52	0	0
33	53	146	147
33	54	68	69
33	55	20	45
33	56	0	0
33	57	0	0
33	58	41	42
33	59	56	57
33	60	56	57
33	61	51	52
33	62	56	57
33	63	51	52
33	64	39	40
33	65	48	49
33	66	53	54
33	67	20	45
33	68	126	127
33	69	128	129
33	70	0	0
33	71	0	0
33	72	39	40
33	73	68	69
33	74	51	52
33	75	70	71
33	76	68	69
33	77	91	92
33	78	86	87
33	79	0	0
33	80	0	0
33	81	68	69
33	82	53	54
33	83	77	78
33	84	48	49
33	85	48	49
33	86	97	98
33	87	88	89
33	88	0	0
33	89	0	0
33	90	53	54
33	91	196	197
33	92	116	117
33	93	91	92
33	94	37	38
33	95	79	80
33	96	86	87
33	97	0	0
33	98	0	0
33	99	91	92
33	100	77	78
33	101	97	98
33	102	88	89
33	103	37	38
33	104	70	71
33	105	97	98
33	106	91	92
33	107	97	98
33	108	44	109
33	109	111	112
33	110	70	71
33	111	120	121
33	112	113	114
33	113	148	149
33	114	131	132
33	115	79	80
33	116	0	0
33	117	0	0
33	118	44	109
33	119	86	87
33	120	323	324
33	121	163	164
33	122	0	0
33	123	0	0
33	124	88	89
33	125	37	38
33	126	0	0
33	127	0	0
33	128	0	0
33	129	0	0
33	130	126	127
33	131	174	175
33	132	136	137
33	133	126	127
33	134	113	114
33	135	88	89
33	136	143	144
33	137	194	195
33	138	131	132
33	139	116	117
33	140	111	112
33	141	116	117
33	142	122	123
33	143	0	0
33	144	0	0
33	145	79	80
33	146	177	178
33	147	181	182
33	148	152	153
33	149	179	180
33	150	77	78
33	151	128	129
33	152	248	249
33	153	157	158
33	154	44	109
33	155	152	153
33	156	111	112
33	157	0	0
33	158	0	0
33	159	86	87
33	160	120	121
33	161	128	129
33	162	44	109
33	163	166	167
33	164	263	264
33	165	126	127
33	166	232	233
33	167	172	173
33	168	143	144
33	169	111	112
33	170	136	137
33	171	131	132
33	172	0	0
33	173	0	0
33	174	215	216
33	175	415	416
33	176	143	144
33	177	0	0
33	178	0	0
33	179	237	238
33	180	189	190
33	181	0	0
33	182	0	0
33	183	172	173
33	184	143	144
33	185	146	147
33	186	166	167
33	187	122	123
33	188	131	132
33	189	0	0
33	190	0	0
33	191	163	164
33	192	157	158
33	193	179	180
33	194	0	0
33	195	0	0
33	196	0	0
33	197	0	0
33	198	148	149
33	199	177	178
33	200	148	149
33	201	136	137
33	202	189	190
33	203	163	164
33	204	152	153
33	205	122	123
33	206	172	173
33	207	172	173
33	208	194	195
33	209	148	149
33	210	113	114
33	211	113	114
33	212	128	129
33	213	174	175
33	214	166	167
33	215	0	0
33	216	0	0
33	217	196	197
33	218	157	158
33	219	177	178
33	220	181	182
33	221	136	137
33	222	215	216
33	223	152	153
33	224	163	164
33	225	174	175
33	226	189	190
33	227	194	195
33	228	179	180
33	229	146	147
33	230	181	182
33	231	215	216
33	232	0	0
33	233	0	0
33	234	196	197
33	235	232	233
33	236	232	233
33	237	0	0
33	238	0	0
33	239	157	158
33	240	166	167
33	241	194	195
33	242	120	121
33	243	177	178
33	244	189	190
33	245	146	147
33	246	179	180
33	247	232	233
33	248	0	0
33	249	0	0
33	250	120	121
33	251	248	249
33	252	116	117
33	253	248	249
33	254	237	238
33	255	215	216
33	256	174	175
33	257	181	182
33	258	196	197
33	259	108	260
33	260	273	274
33	261	108	260
33	262	248	249
33	263	268	269
33	264	279	280
33	265	108	260
33	266	259	267
33	267	270	271
33	268	0	0
33	269	0	0
33	270	313	314
33	271	287	288
33	272	268	269
33	273	285	286
33	274	292	293
33	275	259	267
33	276	108	260
33	277	237	238
33	278	268	269
33	279	0	0
33	280	0	0
33	281	268	269
33	282	237	238
33	283	263	264
33	284	270	271
33	285	289	290
33	286	309	310
33	287	389	390
33	288	412	413
33	289	307	308
33	290	295	296
33	291	263	264
33	292	434	435
33	293	477	478
33	294	273	274
33	295	0	0
33	296	455	456
33	297	285	286
33	298	285	286
33	299	292	293
33	300	285	286
33	301	263	264
33	302	287	288
33	303	295	296
33	304	279	280
33	305	259	267
33	306	292	293
33	307	317	318
33	308	338	339
33	309	327	328
33	310	407	408
33	311	289	290
33	312	309	310
33	313	361	362
33	314	383	384
33	315	273	274
33	316	307	308
33	317	336	337
33	318	319	320
33	319	0	0
33	320	0	0
33	321	319	320
33	322	309	310
33	323	352	353
33	324	0	0
33	325	266	326
33	326	376	377
33	327	331	332
33	328	405	406
33	329	327	328
33	330	323	324
33	331	379	380
33	332	365	366
33	333	331	332
33	334	273	274
33	335	323	324
33	336	0	0
33	337	0	0
33	338	367	368
33	339	344	345
33	340	266	326
33	341	289	290
33	342	295	296
33	343	307	308
33	344	0	0
33	345	0	0
33	346	336	337
33	347	266	326
33	348	287	288
33	349	344	345
33	350	317	318
33	351	313	314
33	352	0	0
33	353	354	355
33	354	0	0
33	355	0	0
33	356	319	320
33	357	336	337
33	358	279	280
33	359	336	337
33	360	354	355
33	361	457	458
33	362	393	394
33	363	319	320
33	364	344	345
33	365	0	0
33	366	0	0
33	367	0	0
33	368	0	0
33	369	292	293
33	370	317	318
33	371	279	280
33	372	317	318
33	373	313	314
33	374	289	290
33	375	309	310
33	376	0	0
33	377	0	0
33	378	331	332
33	379	0	0
33	380	0	0
33	381	323	324
33	382	331	332
33	383	490	491
33	384	0	0
33	385	259	267
33	386	287	288
33	387	376	377
33	388	338	339
33	389	0	0
33	390	441	442
33	391	376	377
33	392	352	353
33	393	401	402
33	394	467	468
33	395	376	377
33	396	393	394
33	397	295	296
33	398	383	384
33	399	270	271
33	400	367	368
33	401	432	433
33	402	472	473
33	403	393	394
33	404	389	390
33	405	0	0
33	406	410	411
33	407	430	431
33	408	465	466
33	409	379	380
33	410	0	0
33	411	0	0
33	412	425	426
33	413	418	419
33	414	344	345
33	415	0	0
33	416	0	0
33	417	379	380
33	418	0	0
33	419	0	0
33	420	338	339
33	421	418	419
33	422	361	362
33	423	389	390
33	424	410	411
33	425	0	0
33	426	0	0
33	427	415	416
33	428	407	408
33	429	338	339
33	430	0	0
33	431	0	0
33	432	0	0
33	433	0	0
33	434	0	0
33	435	444	445
33	436	434	435
33	437	412	413
33	438	434	435
33	439	430	431
33	440	367	368
33	441	0	0
33	442	494	495
33	443	354	355
33	444	0	0
33	445	0	0
33	446	434	435
33	447	430	431
33	448	379	380
33	449	393	394
33	450	313	314
33	451	307	308
33	452	425	426
33	453	415	416
33	454	354	355
33	455	0	0
33	456	462	463
33	457	0	0
33	458	460	461
33	459	389	390
33	460	0	0
33	461	0	0
33	462	0	0
33	463	0	0
33	464	460	461
33	465	474	475
33	466	497	498
33	467	0	0
33	468	0	0
33	469	412	413
33	470	266	326
33	471	412	413
33	472	0	0
33	473	0	0
33	474	0	0
33	475	0	0
33	476	410	411
33	477	0	0
33	478	0	0
33	479	467	468
33	480	410	411
33	481	467	468
33	482	472	473
33	483	441	442
33	484	460	461
33	485	365	366
33	486	430	431
33	487	405	406
33	488	405	406
33	489	444	445
33	490	0	0
33	491	0	0
33	492	462	463
33	493	462	463
33	494	0	0
33	495	0	0
33	496	361	362
33	497	0	0
33	498	0	0
33	499	352	353
33	500	490	491
