3	1	0	0
3	2	1	3
3	3	0	0
3	4	1	3
3	5	1	3
3	6	1	3
3	7	2	8
3	8	9	10
3	9	0	0
3	10	0	0
3	11	9	10
3	12	2	8
3	13	7	14
3	14	24	25
3	15	9	10
3	16	13	17
3	17	42	43
3	18	7	14
3	19	7	14
3	20	2	8
3	21	2	8
3	22	7	14
3	23	9	10
3	24	31	32
3	25	27	28
3	26	24	25
3	27	0	0
3	28	0	0
3	29	24	25
3	30	24	25
3	31	0	0
3	32	0	0
3	33	13	17
3	34	31	32
3	35	27	28
3	36	27	28
3	37	27	28
3	38	31	32
3	39	31	32
3	40	13	17
3	41	13	17
3	42	63	64
3	43	45	46
3	44	42	43
3	45	60	61
3	46	0	0
3	47	16	48
3	48	49	50
3	49	70	71
3	50	76	77
3	51	49	50
3	52	47	53
3	53	55	56
3	54	45	46
3	55	73	74
3	56	57	58
3	57	95	96
3	58	0	0
3	59	55	56
3	60	0	0
3	61	0	0
3	62	42	43
3	63	93	94
3	64	68	69
3	65	47	53
3	66	16	48
3	67	60	61
3	68	0	0
3	69	0	0
3	70	88	89
3	71	0	0
3	72	63	64
3	73	0	0
3	74	0	0
3	75	55	56
3	76	78	79
3	77	0	0
3	78	0	0
3	79	0	0
3	80	16	48
3	81	42	43
3	82	60	61
3	83	55	56
3	84	63	64
3	85	49	50
3	86	73	74
3	87	16	48
3	88	0	0
3	89	0	0
3	90	68	69
3	91	45	46
3	92	70	71
3	93	0	0
3	94	0	0
3	95	0	0
3	96	0	0
3	97	60	61
3	98	78	79
3	99	47	53
3	100	63	64
