25	1	0	0
25	2	1	3
25	3	0	0
25	4	2	5
25	5	9	10
25	6	2	5
25	7	2	5
25	8	2	5
25	9	0	0
25	10	0	0
25	11	4	12
25	12	36	37
25	13	9	10
25	14	1	3
25	15	9	10
25	16	9	10
25	17	4	12
25	18	1	3
25	19	4	12
25	20	1	3
25	21	4	12
25	22	11	23
25	23	24	25
25	24	88	89
25	25	29	30
25	26	24	25
25	27	24	25
25	28	11	23
25	29	43	44
25	30	46	47
25	31	11	23
25	32	24	25
25	33	11	23
25	34	22	35
25	35	49	50
25	36	40	41
25	37	61	62
25	38	34	39
25	39	84	85
25	40	0	0
25	41	0	0
25	42	34	39
25	43	0	0
25	44	0	0
25	45	40	41
25	46	0	0
25	47	0	0
25	48	36	37
25	49	90	91
25	50	64	65
25	51	49	50
25	52	29	30
25	53	38	54
25	54	57	58
25	55	29	30
25	56	49	50
25	57	143	144
25	58	72	73
25	59	22	35
25	60	46	47
25	61	0	0
25	62	0	0
25	63	36	37
25	64	77	78
25	65	79	80
25	66	61	62
25	67	57	58
25	68	34	39
25	69	29	30
25	70	49	50
25	71	40	41
25	72	97	98
25	73	224	225
25	74	57	58
25	75	61	62
25	76	34	39
25	77	349	350
25	78	86	87
25	79	211	212
25	80	92	93
25	81	22	35
25	82	40	41
25	83	46	47
25	84	178	179
25	85	128	129
25	86	0	0
25	87	0	0
25	88	108	109
25	89	130	131
25	90	103	104
25	91	187	188
25	92	0	0
25	93	0	0
25	94	86	87
25	95	92	93
25	96	88	89
25	97	196	197
25	98	100	101
25	99	43	44
25	100	160	161
25	101	125	126
25	102	77	78
25	103	111	112
25	104	114	115
25	105	100	101
25	106	92	93
25	107	88	89
25	108	0	0
25	109	0	0
25	110	86	87
25	111	0	0
25	112	0	0
25	113	38	54
25	114	0	0
25	115	0	0
25	116	22	35
25	117	38	54
25	118	61	62
25	119	43	44
25	120	86	87
25	121	114	115
25	122	108	109
25	123	92	93
25	124	90	91
25	125	162	163
25	126	141	142
25	127	88	89
25	128	135	136
25	129	194	195
25	130	0	0
25	131	0	0
25	132	46	47
25	133	38	54
25	134	84	85
25	135	152	153
25	136	301	302
25	137	97	98
25	138	125	126
25	139	36	37
25	140	90	91
25	141	0	0
25	142	0	0
25	143	365	366
25	144	219	220
25	145	111	112
25	146	130	131
25	147	108	109
25	148	125	126
25	149	97	98
25	150	128	129
25	151	57	58
25	152	175	176
25	153	170	171
25	154	111	112
25	155	43	44
25	156	90	91
25	157	108	109
25	158	84	85
25	159	111	112
25	160	164	165
25	161	202	203
25	162	0	0
25	163	0	0
25	164	0	0
25	165	0	0
25	166	100	101
25	167	143	144
25	168	152	153
25	169	114	115
25	170	0	0
25	171	0	0
25	172	64	65
25	173	162	163
25	174	130	131
25	175	0	0
25	176	0	0
25	177	97	98
25	178	0	0
25	179	213	214
25	180	170	171
25	181	141	142
25	182	64	65
25	183	64	65
25	184	164	165
25	185	152	153
25	186	100	101
25	187	217	218
25	188	191	192
25	189	152	153
25	190	125	126
25	191	0	0
25	192	0	0
25	193	130	131
25	194	299	300
25	195	265	266
25	196	230	231
25	197	253	254
25	198	135	136
25	199	103	104
25	200	164	165
25	201	162	163
25	202	0	0
25	203	0	0
25	204	175	176
25	205	196	197
25	206	114	115
25	207	77	78
25	208	77	78
25	209	178	179
25	210	194	195
25	211	0	0
25	212	0	0
25	213	228	229
25	214	411	412
25	215	84	85
25	216	103	104
25	217	0	0
25	218	0	0
25	219	270	271
25	220	237	238
25	221	213	214
25	222	178	179
25	223	187	188
25	224	248	249
25	225	404	405
25	226	178	179
25	227	191	192
25	228	385	386
25	229	319	320
25	230	284	285
25	231	360	361
25	232	160	161
25	233	128	129
25	234	175	176
25	235	230	231
25	236	211	212
25	237	305	306
25	238	497	498
25	239	217	218
25	240	219	220
25	241	194	195
25	242	164	165
25	243	162	163
25	244	211	212
25	245	53	246
25	246	255	256
25	247	103	104
25	248	290	291
25	249	258	259
25	250	72	73
25	251	141	142
25	252	211	212
25	253	282	283
25	254	363	364
25	255	0	0
25	256	303	304
25	257	230	231
25	258	473	474
25	259	379	380
25	260	135	136
25	261	258	259
25	262	217	218
25	263	53	246
25	264	79	80
25	265	267	268
25	266	0	0
25	267	0	0
25	268	0	0
25	269	194	195
25	270	297	298
25	271	347	348
25	272	143	144
25	273	53	246
25	274	53	246
25	275	228	229
25	276	196	197
25	277	143	144
25	278	245	279
25	279	396	397
25	280	141	142
25	281	160	161
25	282	0	0
25	283	0	0
25	284	0	0
25	285	0	0
25	286	248	249
25	287	135	136
25	288	202	203
25	289	224	225
25	290	484	485
25	291	324	325
25	292	284	285
25	293	265	266
25	294	160	161
25	295	270	271
25	296	267	268
25	297	358	359
25	298	461	462
25	299	458	459
25	300	463	464
25	301	308	309
25	302	334	335
25	303	0	0
25	304	312	313
25	305	0	0
25	306	0	0
25	307	175	176
25	308	0	0
25	309	0	0
25	310	290	291
25	311	219	220
25	312	343	344
25	313	0	0
25	314	72	73
25	315	308	309
25	316	267	268
25	317	270	271
25	318	128	129
25	319	0	0
25	320	0	0
25	321	258	259
25	322	237	238
25	323	297	298
25	324	0	0
25	325	0	0
25	326	230	231
25	327	299	300
25	328	217	218
25	329	290	291
25	330	290	291
25	331	324	325
25	332	219	220
25	333	228	229
25	334	0	0
25	335	0	0
25	336	265	266
25	337	303	304
25	338	312	313
25	339	237	238
25	340	253	254
25	341	72	73
25	342	297	298
25	343	413	414
25	344	426	427
25	345	170	171
25	346	79	80
25	347	373	374
25	348	416	417
25	349	0	0
25	350	0	0
25	351	253	254
25	352	319	320
25	353	301	302
25	354	270	271
25	355	349	350
25	356	267	268
25	357	308	309
25	358	0	0
25	359	0	0
25	360	0	0
25	361	0	0
25	362	213	214
25	363	0	0
25	364	0	0
25	365	0	0
25	366	0	0
25	367	253	254
25	368	301	302
25	369	365	366
25	370	301	302
25	371	278	372
25	372	383	384
25	373	0	0
25	374	0	0
25	375	303	304
25	376	343	344
25	377	213	214
25	378	202	203
25	379	0	0
25	380	0	0
25	381	373	374
25	382	358	359
25	383	465	466
25	384	406	407
25	385	0	0
25	386	0	0
25	387	187	188
25	388	360	361
25	389	312	313
25	390	299	300
25	391	282	283
25	392	237	238
25	393	319	320
25	394	305	306
25	395	365	366
25	396	441	442
25	397	488	489
25	398	396	397
25	399	284	285
25	400	303	304
25	401	202	203
25	402	396	397
25	403	79	80
25	404	0	0
25	405	0	0
25	406	447	448
25	407	0	0
25	408	379	380
25	409	187	188
25	410	191	192
25	411	477	478
25	412	0	0
25	413	429	430
25	414	495	496
25	415	324	325
25	416	0	0
25	417	0	0
25	418	373	374
25	419	396	397
25	420	308	309
25	421	282	283
25	422	379	380
25	423	196	197
25	424	299	300
25	425	258	259
25	426	0	0
25	427	433	434
25	428	319	320
25	429	0	0
25	430	0	0
25	431	224	225
25	432	404	405
25	433	0	0
25	434	0	0
25	435	426	427
25	436	411	412
25	437	324	325
25	438	191	192
25	439	284	285
25	440	411	412
25	441	0	0
25	442	0	0
25	443	406	407
25	444	343	344
25	445	426	427
25	446	416	417
25	447	0	0
25	448	0	0
25	449	170	171
25	450	349	350
25	451	224	225
25	452	447	448
25	453	416	417
25	454	411	412
25	455	265	266
25	456	334	335
25	457	282	283
25	458	0	0
25	459	0	0
25	460	383	384
25	461	0	0
25	462	0	0
25	463	0	0
25	464	0	0
25	465	0	0
25	466	0	0
25	467	305	306
25	468	245	279
25	469	447	448
25	470	433	434
25	471	343	344
25	472	373	374
25	473	0	0
25	474	0	0
25	475	312	313
25	476	404	405
25	477	0	0
25	478	0	0
25	479	465	466
25	480	297	298
25	481	416	417
25	482	458	459
25	483	463	464
25	484	0	0
25	485	0	0
25	486	349	350
25	487	461	462
25	488	0	0
25	489	0	0
25	490	426	427
25	491	404	405
25	492	365	366
25	493	383	384
25	494	473	474
25	495	0	0
25	496	0	0
25	497	0	0
25	498	0	0
25	499	406	407
25	500	0	0
