15	1	0	0
15	2	1	3
15	3	0	0
15	4	1	3
15	5	2	6
15	6	19	20
15	7	5	8
15	8	29	30
15	9	5	8
15	10	2	6
15	11	5	8
15	12	2	6
15	13	5	8
15	14	7	15
15	15	26	27
15	16	1	3
15	17	2	6
15	18	7	15
15	19	0	0
15	20	0	0
15	21	14	22
15	22	35	36
15	23	1	3
15	24	19	20
15	25	14	22
15	26	48	49
15	27	46	47
15	28	14	22
15	29	79	80
15	30	128	129
15	31	7	15
15	32	14	22
15	33	7	15
15	34	29	30
15	35	371	372
15	36	56	57
15	37	29	30
15	38	35	36
15	39	26	27
15	40	29	30
15	41	21	42
15	42	256	257
15	43	41	44
15	44	58	59
15	45	19	20
15	46	50	51
15	47	67	68
15	48	205	206
15	49	239	240
15	50	0	0
15	51	0	0
15	52	19	20
15	53	46	47
15	54	41	44
15	55	50	51
15	56	77	78
15	57	60	61
15	58	63	64
15	59	92	93
15	60	119	120
15	61	117	118
15	62	60	61
15	63	89	90
15	64	84	85
15	65	46	47
15	66	58	59
15	67	0	0
15	68	0	0
15	69	26	27
15	70	67	68
15	71	67	68
15	72	56	57
15	73	46	47
15	74	50	51
15	75	67	68
15	76	60	61
15	77	177	178
15	78	82	83
15	79	0	0
15	80	0	0
15	81	35	36
15	82	0	0
15	83	0	0
15	84	201	202
15	85	106	107
15	86	26	27
15	87	84	85
15	88	84	85
15	89	292	293
15	90	111	112
15	91	41	44
15	92	125	126
15	93	152	153
15	94	58	59
15	95	92	93
15	96	79	80
15	97	92	93
15	98	92	93
15	99	58	59
15	100	82	83
15	101	63	64
15	102	60	61
15	103	89	90
15	104	41	44
15	105	89	90
15	106	115	116
15	107	130	131
15	108	50	51
15	109	79	80
15	110	84	85
15	111	154	155
15	112	181	182
15	113	106	107
15	114	77	78
15	115	134	135
15	116	142	143
15	117	0	0
15	118	0	0
15	119	0	0
15	120	0	0
15	121	21	42
15	122	35	36
15	123	117	118
15	124	77	78
15	125	210	211
15	126	136	137
15	127	56	57
15	128	0	0
15	129	0	0
15	130	187	188
15	131	140	141
15	132	117	118
15	133	128	129
15	134	0	0
15	135	0	0
15	136	243	244
15	137	283	284
15	138	43	139
15	139	192	193
15	140	0	0
15	141	0	0
15	142	0	0
15	143	0	0
15	144	21	42
15	145	77	78
15	146	21	42
15	147	48	49
15	148	142	143
15	149	115	116
15	150	43	139
15	151	111	112
15	152	221	222
15	153	159	160
15	154	185	186
15	155	172	173
15	156	142	143
15	157	115	116
15	158	130	131
15	159	260	261
15	160	387	388
15	161	134	135
15	162	152	153
15	163	79	80
15	164	43	139
15	165	117	118
15	166	136	137
15	167	140	141
15	168	136	137
15	169	128	129
15	170	159	160
15	171	125	126
15	172	0	0
15	173	0	0
15	174	152	153
15	175	115	116
15	176	128	129
15	177	0	0
15	178	0	0
15	179	136	137
15	180	63	64
15	181	315	316
15	182	197	198
15	183	142	143
15	184	125	126
15	185	0	0
15	186	0	0
15	187	0	0
15	188	0	0
15	189	154	155
15	190	138	191
15	191	246	247
15	192	214	215
15	193	208	209
15	194	187	188
15	195	125	126
15	196	43	139
15	197	0	0
15	198	0	0
15	199	48	49
15	200	106	107
15	201	497	498
15	202	278	279
15	203	111	112
15	204	134	135
15	205	0	0
15	206	0	0
15	207	187	188
15	208	218	219
15	209	320	321
15	210	0	0
15	211	404	405
15	212	130	131
15	213	192	193
15	214	332	333
15	215	228	229
15	216	89	90
15	217	130	131
15	218	362	363
15	219	230	231
15	220	106	107
15	221	0	0
15	222	273	274
15	223	152	153
15	224	48	49
15	225	201	202
15	226	187	188
15	227	218	219
15	228	289	290
15	229	374	375
15	230	471	472
15	231	236	237
15	232	192	193
15	233	159	160
15	234	140	141
15	235	134	135
15	236	249	250
15	237	285	286
15	238	159	160
15	239	0	0
15	240	0	0
15	241	56	57
15	242	63	64
15	243	347	348
15	244	385	386
15	245	197	198
15	246	268	269
15	247	281	282
15	248	243	244
15	249	358	359
15	250	262	263
15	251	138	191
15	252	154	155
15	253	246	247
15	254	236	237
15	255	82	83
15	256	369	370
15	257	334	335
15	258	82	83
15	259	192	193
15	260	340	341
15	261	297	298
15	262	0	0
15	263	0	0
15	264	111	112
15	265	185	186
15	266	246	247
15	267	172	173
15	268	0	0
15	269	309	310
15	270	243	244
15	271	218	219
15	272	177	178
15	273	287	288
15	274	330	331
15	275	228	229
15	276	273	274
15	277	201	202
15	278	0	0
15	279	312	313
15	280	140	141
15	281	0	0
15	282	381	382
15	283	0	0
15	284	422	423
15	285	0	0
15	286	0	0
15	287	0	0
15	288	0	0
15	289	301	302
15	290	446	447
15	291	278	279
15	292	0	0
15	293	366	367
15	294	201	202
15	295	260	261
15	296	249	250
15	297	0	0
15	298	0	0
15	299	197	198
15	300	283	284
15	301	318	319
15	302	323	324
15	303	154	155
15	304	256	257
15	305	205	206
15	306	210	211
15	307	268	269
15	308	172	173
15	309	0	0
15	310	394	395
15	311	262	263
15	312	0	0
15	313	0	0
15	314	285	286
15	315	0	0
15	316	0	0
15	317	197	198
15	318	0	0
15	319	338	339
15	320	0	0
15	321	0	0
15	322	287	288
15	323	376	377
15	324	0	0
15	325	320	321
15	326	239	240
15	327	205	206
15	328	281	282
15	329	278	279
15	330	0	0
15	331	0	0
15	332	0	0
15	333	350	351
15	334	0	0
15	335	486	487
15	336	330	331
15	337	323	324
15	338	0	0
15	339	0	0
15	340	0	0
15	341	0	0
15	342	210	211
15	343	214	215
15	344	323	324
15	345	338	339
15	346	338	339
15	347	0	0
15	348	0	0
15	349	208	209
15	350	408	409
15	351	355	356
15	352	172	173
15	353	320	321
15	354	283	284
15	355	439	440
15	356	392	393
15	357	323	324
15	358	0	0
15	359	0	0
15	360	185	186
15	361	355	356
15	362	0	0
15	363	402	403
15	364	236	237
15	365	138	191
15	366	0	0
15	367	0	0
15	368	256	257
15	369	0	0
15	370	0	0
15	371	0	0
15	372	0	0
15	373	287	288
15	374	0	0
15	375	444	445
15	376	0	0
15	377	0	0
15	378	287	288
15	379	301	302
15	380	230	231
15	381	0	0
15	382	0	0
15	383	374	375
15	384	283	284
15	385	0	0
15	386	0	0
15	387	484	485
15	388	396	397
15	389	347	348
15	390	208	209
15	391	181	182
15	392	406	407
15	393	0	0
15	394	0	0
15	395	0	0
15	396	0	0
15	397	0	0
15	398	340	341
15	399	181	182
15	400	285	286
15	401	347	348
15	402	0	0
15	403	466	467
15	404	460	461
15	405	0	0
15	406	0	0
15	407	0	0
15	408	489	490
15	409	0	0
15	410	268	269
15	411	289	290
15	412	315	316
15	413	369	370
15	414	394	395
15	415	210	211
15	416	218	219
15	417	301	302
15	418	177	178
15	419	362	363
15	420	278	279
15	421	177	178
15	422	0	0
15	423	0	0
15	424	350	351
15	425	381	382
15	426	260	261
15	427	318	319
15	428	236	237
15	429	402	403
15	430	404	405
15	431	208	209
15	432	376	377
15	433	350	351
15	434	408	409
15	435	230	231
15	436	268	269
15	437	249	250
15	438	138	191
15	439	454	455
15	440	0	0
15	441	338	339
15	442	385	386
15	443	374	375
15	444	0	0
15	445	462	463
15	446	0	0
15	447	474	475
15	448	246	247
15	449	385	386
15	450	374	375
15	451	362	363
15	452	239	240
15	453	422	423
15	454	0	0
15	455	0	0
15	456	439	440
15	457	392	393
15	458	444	445
15	459	369	370
15	460	0	0
15	461	0	0
15	462	0	0
15	463	0	0
15	464	439	440
15	465	406	407
15	466	0	0
15	467	0	0
15	468	446	447
15	469	221	222
15	470	446	447
15	471	0	0
15	472	0	0
15	473	260	261
15	474	0	0
15	475	0	0
15	476	214	215
15	477	256	257
15	478	406	407
15	479	205	206
15	480	402	403
15	481	350	351
15	482	358	359
15	483	315	316
15	484	0	0
15	485	0	0
15	486	0	0
15	487	499	500
15	488	394	395
15	489	0	0
15	490	0	0
15	491	462	463
15	492	262	263
15	493	394	395
15	494	297	298
15	495	190	496
15	496	0	0
15	497	0	0
15	498	0	0
15	499	0	0
15	500	0	0
