16	1	0	0
16	2	1	3
16	3	0	0
16	4	1	3
16	5	1	3
16	6	1	3
16	7	2	8
16	8	33	34
16	9	2	8
16	10	2	8
16	11	2	8
16	12	7	13
16	13	17	18
16	14	7	13
16	15	7	13
16	16	7	13
16	17	29	30
16	18	19	20
16	19	0	0
16	20	0	0
16	21	19	20
16	22	19	20
16	23	17	18
16	24	12	25
16	25	38	39
16	26	19	20
16	27	12	25
16	28	12	25
16	29	0	0
16	30	0	0
16	31	17	18
16	32	17	18
16	33	0	0
16	34	0	0
16	35	33	34
16	36	29	30
16	37	12	25
16	38	40	41
16	39	59	60
16	40	49	50
16	41	67	68
16	42	40	41
16	43	33	34
16	44	38	39
16	45	38	39
16	46	24	47
16	47	83	84
16	48	33	34
16	49	0	0
16	50	0	0
16	51	24	47
16	52	49	50
16	53	49	50
16	54	29	30
16	55	24	47
16	56	49	50
16	57	24	47
16	58	29	30
16	59	64	65
16	60	70	71
16	61	40	41
16	62	38	39
16	63	40	41
16	64	0	0
16	65	0	0
16	66	59	60
16	67	0	0
16	68	0	0
16	69	64	65
16	70	0	0
16	71	0	0
16	72	59	60
16	73	59	60
16	74	70	71
16	75	46	76
16	76	0	0
16	77	70	71
16	78	67	68
16	79	46	76
16	80	75	81
16	81	88	89
16	82	70	71
16	83	0	0
16	84	0	0
16	85	46	76
16	86	64	65
16	87	75	81
16	88	0	0
16	89	90	91
16	90	0	0
16	91	0	0
16	92	75	81
16	93	90	91
16	94	83	84
16	95	90	91
16	96	80	97
16	97	0	0
16	98	88	89
16	99	64	65
16	100	0	0
