8	1	0	0
8	2	1	3
8	3	0	0
8	4	2	5
8	5	8	9
8	6	1	3
8	7	2	5
8	8	0	0
8	9	0	0
8	10	8	9
8	11	8	9
8	12	1	3
8	13	4	14
8	14	32	33
8	15	8	9
8	16	4	14
8	17	13	18
8	18	27	28
8	19	4	14
8	20	13	18
8	21	2	5
8	22	13	18
8	23	13	18
8	24	4	14
8	25	2	5
8	26	1	3
8	27	46	47
8	28	29	30
8	29	34	35
8	30	38	39
8	31	29	30
8	32	36	37
8	33	79	80
8	34	0	0
8	35	0	0
8	36	0	0
8	37	0	0
8	38	0	0
8	39	0	0
8	40	34	35
8	41	17	42
8	42	125	126
8	43	32	33
8	44	38	39
8	45	38	39
8	46	50	51
8	47	58	59
8	48	41	49
8	49	54	55
8	50	0	0
8	51	0	0
8	52	32	33
8	53	17	42
8	54	72	73
8	55	111	112
8	56	41	49
8	57	41	49
8	58	0	0
8	59	0	0
8	60	54	55
8	61	38	39
8	62	29	30
8	63	32	33
8	64	41	49
8	65	27	28
8	66	48	67
8	67	82	83
8	68	29	30
8	69	34	35
8	70	17	42
8	71	50	51
8	72	0	0
8	73	324	325
8	74	27	28
8	75	34	35
8	76	50	51
8	77	36	37
8	78	72	73
8	79	0	0
8	80	0	0
8	81	27	28
8	82	88	89
8	83	147	148
8	84	82	83
8	85	66	86
8	86	123	124
8	87	36	37
8	88	115	116
8	89	331	332
8	90	85	91
8	91	94	95
8	92	82	83
8	93	17	42
8	94	129	130
8	95	149	150
8	96	58	59
8	97	79	80
8	98	54	55
8	99	48	67
8	100	66	86
8	101	48	67
8	102	88	89
8	103	46	47
8	104	94	95
8	105	82	83
8	106	85	91
8	107	85	91
8	108	50	51
8	109	72	73
8	110	88	89
8	111	167	168
8	112	141	142
8	113	36	37
8	114	48	67
8	115	119	120
8	116	155	156
8	117	54	55
8	118	115	116
8	119	163	164
8	120	132	133
8	121	119	120
8	122	115	116
8	123	304	305
8	124	434	435
8	125	134	135
8	126	182	183
8	127	90	128
8	128	158	159
8	129	273	274
8	130	137	138
8	131	46	47
8	132	145	146
8	133	186	187
8	134	184	185
8	135	175	176
8	136	88	89
8	137	188	189
8	138	482	483
8	139	111	112
8	140	46	47
8	141	233	234
8	142	284	285
8	143	79	80
8	144	58	59
8	145	0	0
8	146	0	0
8	147	0	0
8	148	264	265
8	149	340	341
8	150	226	227
8	151	147	148
8	152	72	73
8	153	127	154
8	154	449	450
8	155	204	205
8	156	178	179
8	157	149	150
8	158	300	301
8	159	192	193
8	160	134	135
8	161	111	112
8	162	145	146
8	163	0	0
8	164	199	200
8	165	158	159
8	166	66	86
8	167	0	0
8	168	241	242
8	169	79	80
8	170	58	59
8	171	125	126
8	172	127	154
8	173	119	120
8	174	134	135
8	175	365	366
8	176	197	198
8	177	147	148
8	178	0	0
8	179	235	236
8	180	147	148
8	181	155	156
8	182	275	276
8	183	302	303
8	184	261	262
8	185	228	229
8	186	0	0
8	187	0	0
8	188	466	467
8	189	195	196
8	190	111	112
8	191	134	135
8	192	321	322
8	193	447	448
8	194	178	179
8	195	244	245
8	196	309	310
8	197	0	0
8	198	0	0
8	199	0	0
8	200	0	0
8	201	175	176
8	202	94	95
8	203	167	168
8	204	251	252
8	205	0	0
8	206	186	187
8	207	90	128
8	208	149	150
8	209	129	130
8	210	119	120
8	211	129	130
8	212	158	159
8	213	141	142
8	214	125	126
8	215	127	154
8	216	125	126
8	217	163	164
8	218	153	219
8	219	327	328
8	220	141	142
8	221	178	179
8	222	204	205
8	223	175	176
8	224	184	185
8	225	155	156
8	226	0	0
8	227	238	239
8	228	0	0
8	229	0	0
8	230	145	146
8	231	199	200
8	232	228	229
8	233	0	0
8	234	0	0
8	235	0	0
8	236	0	0
8	237	175	176
8	238	256	257
8	239	329	330
8	240	149	150
8	241	428	429
8	242	266	267
8	243	226	227
8	244	259	260
8	245	0	0
8	246	137	138
8	247	127	154
8	248	178	179
8	249	132	133
8	250	66	86
8	251	0	0
8	252	0	0
8	253	241	242
8	254	90	128
8	255	192	193
8	256	345	346
8	257	270	271
8	258	182	183
8	259	268	269
8	260	396	397
8	261	0	0
8	262	0	0
8	263	132	133
8	264	298	299
8	265	357	358
8	266	0	0
8	267	0	0
8	268	0	0
8	269	0	0
8	270	306	307
8	271	0	0
8	272	256	257
8	273	0	0
8	274	279	280
8	275	0	0
8	276	294	295
8	277	197	198
8	278	268	269
8	279	0	0
8	280	296	297
8	281	115	116
8	282	163	164
8	283	85	91
8	284	290	291
8	285	464	465
8	286	284	285
8	287	273	274
8	288	218	289
8	289	0	0
8	290	0	0
8	291	0	0
8	292	199	200
8	293	184	185
8	294	0	0
8	295	0	0
8	296	0	0
8	297	0	0
8	298	0	0
8	299	442	443
8	300	420	421
8	301	0	0
8	302	394	395
8	303	375	376
8	304	338	339
8	305	348	349
8	306	384	385
8	307	313	314
8	308	163	164
8	309	418	419
8	310	495	496
8	311	153	219
8	312	304	305
8	313	0	0
8	314	0	0
8	315	197	198
8	316	300	301
8	317	244	245
8	318	94	95
8	319	218	289
8	320	195	196
8	321	484	485
8	322	0	0
8	323	226	227
8	324	334	335
8	325	0	0
8	326	302	303
8	327	0	0
8	328	363	364
8	329	0	0
8	330	0	0
8	331	0	0
8	332	488	489
8	333	129	130
8	334	404	405
8	335	0	0
8	336	268	269
8	337	270	271
8	338	0	0
8	339	367	368
8	340	0	0
8	341	0	0
8	342	153	219
8	343	226	227
8	344	188	189
8	345	440	441
8	346	0	0
8	347	184	185
8	348	0	0
8	349	0	0
8	350	300	301
8	351	345	346
8	352	256	257
8	353	261	262
8	354	195	196
8	355	153	219
8	356	327	328
8	357	370	371
8	358	437	438
8	359	290	291
8	360	340	341
8	361	241	242
8	362	298	299
8	363	0	0
8	364	373	374
8	365	0	0
8	366	0	0
8	367	493	494
8	368	389	390
8	369	363	364
8	370	379	380
8	371	0	0
8	372	268	269
8	373	414	415
8	374	425	426
8	375	0	0
8	376	0	0
8	377	329	330
8	378	304	305
8	379	0	0
8	380	0	0
8	381	186	187
8	382	298	299
8	383	266	267
8	384	0	0
8	385	0	0
8	386	284	285
8	387	251	252
8	388	329	330
8	389	0	0
8	390	392	393
8	391	370	371
8	392	0	0
8	393	0	0
8	394	0	0
8	395	0	0
8	396	0	0
8	397	0	0
8	398	298	299
8	399	306	307
8	400	367	368
8	401	256	257
8	402	373	374
8	403	155	156
8	404	0	0
8	405	0	0
8	406	290	291
8	407	188	189
8	408	396	397
8	409	273	274
8	410	241	242
8	411	186	187
8	412	365	366
8	413	338	339
8	414	0	0
8	415	0	0
8	416	188	189
8	417	238	239
8	418	0	0
8	419	469	470
8	420	0	0
8	421	0	0
8	422	404	405
8	423	251	252
8	424	367	368
8	425	0	0
8	426	471	472
8	427	141	142
8	428	0	0
8	429	0	0
8	430	327	328
8	431	199	200
8	432	367	368
8	433	259	260
8	434	0	0
8	435	445	446
8	436	123	124
8	437	0	0
8	438	0	0
8	439	90	128
8	440	0	0
8	441	0	0
8	442	0	0
8	443	475	476
8	444	425	426
8	445	0	0
8	446	0	0
8	447	0	0
8	448	0	0
8	449	0	0
8	450	0	0
8	451	228	229
8	452	345	346
8	453	233	234
8	454	331	332
8	455	340	341
8	456	389	390
8	457	251	252
8	458	365	366
8	459	428	429
8	460	440	441
8	461	363	364
8	462	306	307
8	463	195	196
8	464	0	0
8	465	0	0
8	466	486	487
8	467	0	0
8	468	238	239
8	469	0	0
8	470	0	0
8	471	0	0
8	472	0	0
8	473	396	397
8	474	384	385
8	475	0	0
8	476	0	0
8	477	266	267
8	478	123	124
8	479	259	260
8	480	137	138
8	481	392	393
8	482	0	0
8	483	0	0
8	484	0	0
8	485	0	0
8	486	0	0
8	487	0	0
8	488	0	0
8	489	0	0
8	490	233	234
8	491	137	138
8	492	357	358
8	493	497	498
8	494	0	0
8	495	0	0
8	496	0	0
8	497	0	0
8	498	0	0
8	499	357	358
8	500	414	415
