47	1	0	0
47	2	1	3
47	3	0	0
47	4	1	3
47	5	2	6
47	6	9	10
47	7	1	3
47	8	1	3
47	9	0	0
47	10	0	0
47	11	9	10
47	12	2	6
47	13	2	6
47	14	9	10
47	15	5	16
47	16	21	22
47	17	9	10
47	18	5	16
47	19	5	16
47	20	5	16
47	21	23	24
47	22	0	0
47	23	0	0
47	24	0	0
47	25	21	22
47	26	15	27
47	27	30	31
47	28	26	29
47	29	0	0
47	30	0	0
47	31	37	38
47	32	21	22
47	33	15	27
47	34	26	29
47	35	23	24
47	36	26	29
47	37	0	0
47	38	40	41
47	39	30	31
47	40	0	0
47	41	0	0
47	42	37	38
47	43	23	24
47	44	23	24
47	45	15	27
47	46	2	6
47	47	30	31
47	48	30	31
47	49	26	29
47	50	40	41
