11	1	0	0
11	2	1	3
11	3	0	0
11	4	1	3
11	5	1	3
11	6	1	3
11	7	2	8
11	8	12	13
11	9	2	8
11	10	2	8
11	11	2	8
11	12	0	0
11	13	0	0
11	14	12	13
11	15	12	13
11	16	12	13
11	17	7	18
11	18	19	20
11	19	27	28
11	20	21	22
11	21	0	0
11	22	0	0
11	23	17	24
11	24	25	26
11	25	66	67
11	26	57	58
11	27	0	0
11	28	0	0
11	29	17	24
11	30	25	26
11	31	27	28
11	32	23	33
11	33	42	43
11	34	25	26
11	35	32	36
11	36	112	113
11	37	25	26
11	38	7	18
11	39	27	28
11	40	27	28
11	41	7	18
11	42	129	130
11	43	52	53
11	44	7	18
11	45	32	36
11	46	19	20
11	47	19	20
11	48	32	36
11	49	21	22
11	50	19	20
11	51	23	33
11	52	54	55
11	53	70	71
11	54	59	60
11	55	63	64
11	56	32	36
11	57	68	69
11	58	106	107
11	59	0	0
11	60	0	0
11	61	23	33
11	62	23	33
11	63	0	0
11	64	0	0
11	65	17	24
11	66	78	79
11	67	80	81
11	68	0	0
11	69	0	0
11	70	85	86
11	71	125	126
11	72	54	55
11	73	21	22
11	74	66	67
11	75	57	58
11	76	35	77
11	77	108	109
11	78	0	0
11	79	0	0
11	80	0	0
11	81	0	0
11	82	66	67
11	83	66	67
11	84	59	60
11	85	0	0
11	86	0	0
11	87	17	24
11	88	76	89
11	89	0	0
11	90	88	91
11	91	102	103
11	92	88	91
11	93	59	60
11	94	35	77
11	95	68	69
11	96	76	89
11	97	59	60
11	98	88	91
11	99	42	43
11	100	52	53
11	101	68	69
11	102	0	0
11	103	0	0
11	104	90	105
11	105	194	195
11	106	0	0
11	107	0	0
11	108	122	123
11	109	157	158
11	110	80	81
11	111	85	86
11	112	0	0
11	113	120	121
11	114	106	107
11	115	63	64
11	116	80	81
11	117	70	71
11	118	70	71
11	119	90	105
11	120	131	132
11	121	0	0
11	122	149	150
11	123	139	140
11	124	120	121
11	125	0	0
11	126	0	0
11	127	106	107
11	128	35	77
11	129	191	192
11	130	143	144
11	131	0	0
11	132	160	161
11	133	68	69
11	134	63	64
11	135	42	43
11	136	120	121
11	137	54	55
11	138	131	132
11	139	0	0
11	140	0	0
11	141	52	53
11	142	131	132
11	143	0	0
11	144	185	186
11	145	21	22
11	146	52	53
11	147	120	121
11	148	90	105
11	149	0	0
11	150	0	0
11	151	76	89
11	152	42	43
11	153	129	130
11	154	78	79
11	155	102	103
11	156	102	103
11	157	0	0
11	158	169	170
11	159	57	58
11	160	178	179
11	161	175	176
11	162	160	161
11	163	80	81
11	164	54	55
11	165	76	89
11	166	157	158
11	167	108	109
11	168	112	113
11	169	183	184
11	170	0	0
11	171	129	130
11	172	106	107
11	173	102	103
11	174	108	109
11	175	0	0
11	176	0	0
11	177	122	123
11	178	0	0
11	179	0	0
11	180	175	176
11	181	143	144
11	182	112	113
11	183	0	0
11	184	0	0
11	185	0	0
11	186	0	0
11	187	112	113
11	188	169	170
11	189	185	186
11	190	129	130
11	191	0	0
11	192	0	0
11	193	78	79
11	194	0	0
11	195	0	0
11	196	157	158
11	197	85	86
11	198	191	192
11	199	108	109
11	200	149	150
