9	1	0	0
9	2	1	3
9	3	0	0
9	4	2	5
9	5	8	9
9	6	2	5
9	7	1	3
9	8	0	0
9	9	0	0
9	10	4	11
9	11	21	22
9	12	2	5
9	13	1	3
9	14	4	11
9	15	2	5
9	16	4	11
9	17	8	9
9	18	4	11
9	19	1	3
9	20	8	9
9	21	26	27
9	22	23	24
9	23	0	0
9	24	0	0
9	25	23	24
9	26	0	0
9	27	0	0
9	28	26	27
9	29	10	30
9	30	71	72
9	31	26	27
9	32	8	9
9	33	26	27
9	34	10	30
9	35	29	36
9	36	45	46
9	37	10	30
9	38	35	39
9	39	54	55
9	40	23	24
9	41	21	22
9	42	10	30
9	43	21	22
9	44	23	24
9	45	133	134
9	46	47	48
9	47	302	303
9	48	215	216
9	49	21	22
9	50	29	36
9	51	38	52
9	52	75	76
9	53	29	36
9	54	59	60
9	55	137	138
9	56	54	55
9	57	51	58
9	58	123	124
9	59	98	99
9	60	62	63
9	61	38	52
9	62	135	136
9	63	65	66
9	64	29	36
9	65	394	395
9	66	191	192
9	67	57	68
9	68	85	86
9	69	54	55
9	70	65	66
9	71	82	83
9	72	77	78
9	73	59	60
9	74	54	55
9	75	130	131
9	76	119	120
9	77	90	91
9	78	101	102
9	79	51	58
9	80	47	48
9	81	45	46
9	82	187	188
9	83	177	178
9	84	75	76
9	85	168	169
9	86	126	127
9	87	47	48
9	88	75	76
9	89	71	72
9	90	0	0
9	91	0	0
9	92	35	39
9	93	71	72
9	94	90	91
9	95	85	86
9	96	90	91
9	97	45	46
9	98	388	389
9	99	103	104
9	100	98	99
9	101	0	0
9	102	0	0
9	103	241	242
9	104	471	472
9	105	98	99
9	106	35	39
9	107	59	60
9	108	47	48
9	109	82	83
9	110	90	91
9	111	38	52
9	112	65	66
9	113	67	114
9	114	147	148
9	115	65	66
9	116	85	86
9	117	75	76
9	118	45	46
9	119	164	165
9	120	128	129
9	121	67	114
9	122	62	63
9	123	170	171
9	124	324	325
9	125	38	52
9	126	274	275
9	127	607	608
9	128	166	167
9	129	295	296
9	130	145	146
9	131	0	0
9	132	98	99
9	133	206	207
9	134	139	140
9	135	439	440
9	136	320	321
9	137	150	151
9	138	160	161
9	139	457	458
9	140	221	222
9	141	101	102
9	142	82	83
9	143	85	86
9	144	51	58
9	145	203	204
9	146	208	209
9	147	156	157
9	148	179	180
9	149	101	102
9	150	0	0
9	151	162	163
9	152	101	102
9	153	126	127
9	154	145	146
9	155	145	146
9	156	201	202
9	157	333	334
9	158	156	157
9	159	147	148
9	160	197	198
9	161	174	175
9	162	233	234
9	163	172	173
9	164	235	236
9	165	189	190
9	166	227	228
9	167	487	488
9	168	480	481
9	169	385	386
9	170	259	260
9	171	467	468
9	172	0	0
9	173	0	0
9	174	299	300
9	175	290	291
9	176	67	114
9	177	0	0
9	178	0	0
9	179	411	412
9	180	292	293
9	181	139	140
9	182	103	104
9	183	35	39
9	184	119	120
9	185	67	114
9	186	168	169
9	187	0	0
9	188	0	0
9	189	245	246
9	190	506	507
9	191	0	0
9	192	0	0
9	193	128	129
9	194	147	148
9	195	162	163
9	196	59	60
9	197	279	280
9	198	254	255
9	199	187	188
9	200	166	167
9	201	370	371
9	202	392	393
9	203	981	982
9	204	306	307
9	205	172	173
9	206	217	218
9	207	256	257
9	208	322	323
9	209	0	0
9	210	201	202
9	211	137	138
9	212	133	134
9	213	123	124
9	214	57	68
9	215	361	362
9	216	373	374
9	217	0	0
9	218	0	0
9	219	179	180
9	220	189	190
9	221	0	0
9	222	0	0
9	223	162	163
9	224	203	204
9	225	77	78
9	226	123	124
9	227	397	398
9	228	317	318
9	229	179	180
9	230	174	175
9	231	133	134
9	232	166	167
9	233	0	0
9	234	0	0
9	235	271	272
9	236	631	632
9	237	71	72
9	238	177	178
9	239	170	171
9	240	197	198
9	241	0	0
9	242	0	0
9	243	150	151
9	244	130	131
9	245	365	366
9	246	588	589
9	247	147	148
9	248	217	218
9	249	156	157
9	250	174	175
9	251	164	165
9	252	245	246
9	253	203	204
9	254	0	0
9	255	0	0
9	256	0	0
9	257	0	0
9	258	150	151
9	259	476	477
9	260	657	658
9	261	162	163
9	262	177	178
9	263	119	120
9	264	130	131
9	265	137	138
9	266	164	165
9	267	189	190
9	268	235	236
9	269	215	216
9	270	227	228
9	271	297	298
9	272	315	316
9	273	187	188
9	274	485	486
9	275	0	0
9	276	172	173
9	277	130	131
9	278	271	272
9	279	0	0
9	280	0	0
9	281	235	236
9	282	139	140
9	283	279	280
9	284	259	260
9	285	217	218
9	286	274	275
9	287	113	288
9	288	368	369
9	289	133	134
9	290	0	0
9	291	0	0
9	292	510	511
9	293	380	381
9	294	201	202
9	295	451	452
9	296	0	0
9	297	0	0
9	298	0	0
9	299	0	0
9	300	0	0
9	301	150	151
9	302	943	944
9	303	337	338
9	304	292	293
9	305	227	228
9	306	0	0
9	307	344	345
9	308	137	138
9	309	215	216
9	310	128	129
9	311	126	127
9	312	221	222
9	313	295	296
9	314	168	169
9	315	0	0
9	316	0	0
9	317	0	0
9	318	0	0
9	319	259	260
9	320	0	0
9	321	0	0
9	322	430	431
9	323	609	610
9	324	454	455
9	325	349	350
9	326	241	242
9	327	227	228
9	328	160	161
9	329	256	257
9	330	256	257
9	331	320	321
9	332	320	321
9	333	422	423
9	334	377	378
9	335	166	167
9	336	259	260
9	337	0	0
9	338	0	0
9	339	235	236
9	340	256	257
9	341	82	83
9	342	217	218
9	343	156	157
9	344	0	0
9	345	0	0
9	346	299	300
9	347	77	78
9	348	135	136
9	349	583	584
9	350	522	523
9	351	126	127
9	352	306	307
9	353	174	175
9	354	164	165
9	355	295	296
9	356	135	136
9	357	77	78
9	358	299	300
9	359	123	124
9	360	203	204
9	361	0	0
9	362	0	0
9	363	145	146
9	364	361	362
9	365	0	0
9	366	0	0
9	367	187	188
9	368	399	400
9	369	682	683
9	370	517	518
9	371	434	435
9	372	119	120
9	373	0	0
9	374	0	0
9	375	315	316
9	376	201	202
9	377	416	417
9	378	0	0
9	379	160	161
9	380	585	586
9	381	554	555
9	382	191	192
9	383	197	198
9	384	297	298
9	385	0	0
9	386	808	809
9	387	299	300
9	388	413	414
9	389	448	449
9	390	233	234
9	391	315	316
9	392	436	437
9	393	660	661
9	394	0	0
9	395	0	0
9	396	292	293
9	397	0	0
9	398	0	0
9	399	561	562
9	400	616	617
9	401	271	272
9	402	292	293
9	403	279	280
9	404	197	198
9	405	160	161
9	406	208	209
9	407	397	398
9	408	233	234
9	409	189	190
9	410	337	338
9	411	548	549
9	412	508	509
9	413	0	0
9	414	0	0
9	415	241	242
9	416	645	646
9	417	418	419
9	418	784	785
9	419	983	984
9	420	322	323
9	421	62	63
9	422	726	727
9	423	527	528
9	424	416	417
9	425	370	371
9	426	337	338
9	427	344	345
9	428	333	334
9	429	208	209
9	430	0	0
9	431	0	0
9	432	279	280
9	433	215	216
9	434	446	447
9	435	654	655
9	436	693	694
9	437	520	521
9	438	297	298
9	439	0	0
9	440	0	0
9	441	206	207
9	442	439	440
9	443	434	435
9	444	103	104
9	445	306	307
9	446	536	537
9	447	830	831
9	448	0	0
9	449	0	0
9	450	418	419
9	451	903	904
9	452	0	0
9	453	168	169
9	454	460	461
9	455	601	602
9	456	221	222
9	457	0	0
9	458	0	0
9	459	344	345
9	460	761	762
9	461	621	622
9	462	397	398
9	463	295	296
9	464	413	414
9	465	394	395
9	466	320	321
9	467	0	0
9	468	524	525
9	469	245	246
9	470	324	325
9	471	0	0
9	472	0	0
9	473	413	414
9	474	380	381
9	475	392	393
9	476	737	738
9	477	556	557
9	478	208	209
9	479	430	431
9	480	668	669
9	481	959	960
9	482	394	395
9	483	418	419
9	484	377	378
9	485	664	665
9	486	847	848
9	487	502	503
9	488	0	0
9	489	394	395
9	490	430	431
9	491	411	412
9	492	245	246
9	493	413	414
9	494	392	393
9	495	51	58
9	496	254	255
9	497	436	437
9	498	206	207
9	499	377	378
9	500	302	303
9	501	128	129
9	502	0	0
9	503	0	0
9	504	62	63
9	505	454	455
9	506	575	576
9	507	534	535
9	508	678	679
9	509	706	707
9	510	788	789
9	511	0	0
9	512	487	488
9	513	380	381
9	514	510	511
9	515	487	488
9	516	368	369
9	517	690	691
9	518	590	591
9	519	485	486
9	520	859	860
9	521	841	842
9	522	715	716
9	523	0	0
9	524	857	858
9	525	833	834
9	526	103	104
9	527	0	0
9	528	915	916
9	529	302	303
9	530	460	461
9	531	206	207
9	532	113	288
9	533	510	511
9	534	0	0
9	535	0	0
9	536	0	0
9	537	919	920
9	538	457	458
9	539	365	366
9	540	241	242
9	541	397	398
9	542	365	366
9	543	522	523
9	544	380	381
9	545	467	468
9	546	416	417
9	547	373	374
9	548	569	570
9	549	0	0
9	550	454	455
9	551	399	400
9	552	57	68
9	553	534	535
9	554	0	0
9	555	624	625
9	556	634	635
9	557	0	0
9	558	467	468
9	559	385	386
9	560	510	511
9	561	749	750
9	562	0	0
9	563	274	275
9	564	439	440
9	565	191	192
9	566	287	567
9	567	581	582
9	568	324	325
9	569	0	0
9	570	756	757
9	571	487	488
9	572	322	323
9	573	191	192
9	574	471	472
9	575	0	0
9	576	0	0
9	577	388	389
9	578	271	272
9	579	306	307
9	580	302	303
9	581	987	988
9	582	966	967
9	583	769	770
9	584	985	986
9	585	962	963
9	586	821	822
9	587	548	549
9	588	0	0
9	589	0	0
9	590	0	0
9	591	0	0
9	592	485	486
9	593	254	255
9	594	422	423
9	595	451	452
9	596	590	591
9	597	411	412
9	598	566	599
9	599	684	685
9	600	344	345
9	601	639	640
9	602	843	844
9	603	418	419
9	604	588	589
9	605	569	570
9	606	377	378
9	607	0	0
9	608	636	637
9	609	0	0
9	610	0	0
9	611	569	570
9	612	274	275
9	613	561	562
9	614	233	234
9	615	297	298
9	616	0	0
9	617	953	954
9	618	179	180
9	619	436	437
9	620	139	140
9	621	642	643
9	622	744	745
9	623	467	468
9	624	687	688
9	625	835	836
9	626	607	608
9	627	135	136
9	628	361	362
9	629	502	503
9	630	624	625
9	631	701	702
9	632	956	957
9	633	517	518
9	634	698	699
9	635	703	704
9	636	662	663
9	637	0	0
9	638	506	507
9	639	751	752
9	640	0	0
9	641	439	440
9	642	855	856
9	643	695	696
9	644	446	447
9	645	712	713
9	646	869	870
9	647	422	423
9	648	634	635
9	649	639	640
9	650	601	602
9	651	317	318
9	652	448	449
9	653	645	646
9	654	884	885
9	655	876	877
9	656	322	323
9	657	0	0
9	658	0	0
9	659	324	325
9	660	913	914
9	661	739	740
9	662	0	0
9	663	0	0
9	664	933	934
9	665	925	926
9	666	451	452
9	667	561	562
9	668	935	936
9	669	0	0
9	670	254	255
9	671	642	643
9	672	333	334
9	673	385	386
9	674	607	608
9	675	642	643
9	676	645	646
9	677	446	447
9	678	0	0
9	679	0	0
9	680	370	371
9	681	170	171
9	682	0	0
9	683	0	0
9	684	0	0
9	685	826	827
9	686	385	386
9	687	0	0
9	688	921	922
9	689	682	683
9	690	805	806
9	691	0	0
9	692	585	586
9	693	798	799
9	694	0	0
9	695	0	0
9	696	0	0
9	697	684	685
9	698	0	0
9	699	0	0
9	700	480	481
9	701	0	0
9	702	0	0
9	703	0	0
9	704	0	0
9	705	642	643
9	706	0	0
9	707	0	0
9	708	556	557
9	709	554	555
9	710	422	423
9	711	581	582
9	712	764	765
9	713	946	947
9	714	536	537
9	715	0	0
9	716	779	780
9	717	436	437
9	718	534	535
9	719	315	316
9	720	616	617
9	721	660	661
9	722	399	400
9	723	454	455
9	724	517	518
9	725	698	699
9	726	997	998
9	727	823	824
9	728	388	389
9	729	522	523
9	730	392	393
9	731	690	691
9	732	368	369
9	733	575	576
9	734	333	334
9	735	361	362
9	736	566	599
9	737	896	897
9	738	0	0
9	739	0	0
9	740	866	867
9	741	434	435
9	742	715	716
9	743	639	640
9	744	746	747
9	745	813	814
9	746	0	0
9	747	0	0
9	748	703	704
9	749	917	918
9	750	0	0
9	751	758	759
9	752	0	0
9	753	170	171
9	754	588	589
9	755	583	584
9	756	0	0
9	757	0	0
9	758	0	0
9	759	0	0
9	760	660	661
9	761	0	0
9	762	0	0
9	763	368	369
9	764	0	0
9	765	0	0
9	766	337	338
9	767	480	481
9	768	556	557
9	769	800	801
9	770	0	0
9	771	761	762
9	772	737	738
9	773	561	562
9	774	739	740
9	775	639	640
9	776	746	747
9	777	609	610
9	778	583	584
9	779	0	0
9	780	0	0
9	781	751	752
9	782	476	477
9	783	566	599
9	784	0	0
9	785	816	817
9	786	448	449
9	787	609	610
9	788	864	865
9	789	0	0
9	790	588	589
9	791	517	518
9	792	317	318
9	793	476	477
9	794	746	747
9	795	590	591
9	796	744	745
9	797	664	665
9	798	0	0
9	799	0	0
9	800	974	975
9	801	818	819
9	802	678	679
9	803	664	665
9	804	448	449
9	805	969	970
9	806	0	0
9	807	758	759
9	808	0	0
9	809	882	883
9	810	634	635
9	811	527	528
9	812	451	452
9	813	0	0
9	814	0	0
9	815	527	528
9	816	0	0
9	817	993	994
9	818	0	0
9	819	0	0
9	820	446	447
9	821	0	0
9	822	0	0
9	823	0	0
9	824	837	838
9	825	373	374
9	826	845	846
9	827	0	0
9	828	460	461
9	829	317	318
9	830	0	0
9	831	0	0
9	832	624	625
9	833	0	0
9	834	849	850
9	835	874	875
9	836	0	0
9	837	0	0
9	838	0	0
9	839	621	622
9	840	57	68
9	841	0	0
9	842	0	0
9	843	879	880
9	844	0	0
9	845	887	888
9	846	0	0
9	847	0	0
9	848	0	0
9	849	948	949
9	850	0	0
9	851	399	400
9	852	826	827
9	853	823	824
9	854	607	608
9	855	0	0
9	856	0	0
9	857	0	0
9	858	0	0
9	859	0	0
9	860	0	0
9	861	502	503
9	862	508	509
9	863	816	817
9	864	937	938
9	865	909	910
9	866	0	0
9	867	0	0
9	868	373	374
9	869	891	892
9	870	0	0
9	871	177	178
9	872	800	801
9	873	706	707
9	874	0	0
9	875	0	0
9	876	978	979
9	877	0	0
9	878	113	288
9	879	0	0
9	880	0	0
9	881	113	288
9	882	0	0
9	883	0	0
9	884	0	0
9	885	972	973
9	886	690	691
9	887	0	0
9	888	0	0
9	889	847	848
9	890	590	591
9	891	0	0
9	892	0	0
9	893	788	789
9	894	784	785
9	895	746	747
9	896	0	0
9	897	0	0
9	898	502	503
9	899	581	582
9	900	621	622
9	901	485	486
9	902	891	892
9	903	0	0
9	904	0	0
9	905	645	646
9	906	527	528
9	907	715	716
9	908	805	806
9	909	930	931
9	910	0	0
9	911	287	567
9	912	882	883
9	913	0	0
9	914	0	0
9	915	0	0
9	916	0	0
9	917	0	0
9	918	0	0
9	919	0	0
9	920	923	924
9	921	0	0
9	922	0	0
9	923	0	0
9	924	0	0
9	925	950	951
9	926	0	0
9	927	744	745
9	928	866	867
9	929	913	914
9	930	0	0
9	931	0	0
9	932	701	702
9	933	0	0
9	934	0	0
9	935	0	0
9	936	0	0
9	937	0	0
9	938	0	0
9	939	522	523
9	940	365	366
9	941	566	599
9	942	548	549
9	943	0	0
9	944	0	0
9	945	388	389
9	946	0	0
9	947	0	0
9	948	0	0
9	949	0	0
9	950	0	0
9	951	0	0
9	952	471	472
9	953	0	0
9	954	0	0
9	955	751	752
9	956	0	0
9	957	0	0
9	958	601	602
9	959	0	0
9	960	0	0
9	961	744	745
9	962	0	0
9	963	0	0
9	964	411	412
9	965	581	582
9	966	0	0
9	967	0	0
9	968	864	865
9	969	0	0
9	970	0	0
9	971	616	617
9	972	0	0
9	973	0	0
9	974	0	0
9	975	0	0
9	976	764	765
9	977	874	875
9	978	0	0
9	979	0	0
9	980	460	461
9	981	0	0
9	982	0	0
9	983	0	0
9	984	0	0
9	985	0	0
9	986	0	0
9	987	0	0
9	988	0	0
9	989	887	888
9	990	884	885
9	991	631	632
9	992	985	986
9	993	0	0
9	994	0	0
9	995	919	920
9	996	855	856
9	997	0	0
9	998	0	0
9	999	974	975
9	1000	621	622
