13	1	0	0
13	2	1	3
13	3	0	0
13	4	1	3
13	5	1	3
13	6	2	7
13	7	23	24
13	8	1	3
13	9	2	7
13	10	6	11
13	11	18	19
13	12	10	13
13	13	25	26
13	14	2	7
13	15	10	13
13	16	12	17
13	17	54	55
13	18	35	36
13	19	61	62
13	20	6	11
13	21	12	17
13	22	6	11
13	23	0	0
13	24	0	0
13	25	31	32
13	26	41	42
13	27	18	19
13	28	2	7
13	29	25	26
13	30	6	11
13	31	37	38
13	32	228	229
13	33	10	13
13	34	12	17
13	35	0	0
13	36	0	0
13	37	0	0
13	38	0	0
13	39	12	17
13	40	18	19
13	41	103	104
13	42	47	48
13	43	35	36
13	44	10	13
13	45	18	19
13	46	41	42
13	47	0	0
13	48	0	0
13	49	37	38
13	50	25	26
13	51	41	42
13	52	41	42
13	53	47	48
13	54	67	68
13	55	100	101
13	56	25	26
13	57	16	58
13	58	72	73
13	59	47	48
13	60	16	58
13	61	0	0
13	62	0	0
13	63	54	55
13	64	16	58
13	65	23	24
13	66	47	48
13	67	164	165
13	68	77	78
13	69	67	68
13	70	35	36
13	71	67	68
13	72	97	98
13	73	82	83
13	74	16	58
13	75	35	36
13	76	23	24
13	77	91	92
13	78	85	86
13	79	77	78
13	80	77	78
13	81	61	62
13	82	132	133
13	83	143	144
13	84	77	78
13	85	0	0
13	86	0	0
13	87	82	83
13	88	37	38
13	89	31	32
13	90	85	86
13	91	0	0
13	92	0	0
13	93	72	73
13	94	31	32
13	95	67	68
13	96	54	55
13	97	296	297
13	98	123	124
13	99	72	73
13	100	0	0
13	101	153	154
13	102	97	98
13	103	0	0
13	104	0	0
13	105	103	104
13	106	54	55
13	107	97	98
13	108	97	98
13	109	85	86
13	110	72	73
13	111	91	92
13	112	31	32
13	113	85	86
13	114	61	62
13	115	82	83
13	116	103	104
13	117	100	101
13	118	23	24
13	119	82	83
13	120	100	101
13	121	100	101
13	122	91	92
13	123	126	127
13	124	0	0
13	125	61	62
13	126	179	180
13	127	130	131
13	128	103	104
13	129	126	127
13	130	0	0
13	131	0	0
13	132	136	137
13	133	140	141
13	134	130	131
13	135	123	124
13	136	0	0
13	137	262	263
13	138	123	124
13	139	126	127
13	140	191	192
13	141	162	163
13	142	140	141
13	143	225	226
13	144	0	0
13	145	57	146
13	146	168	169
13	147	91	92
13	148	123	124
13	149	145	150
13	150	240	241
13	151	57	146
13	152	130	131
13	153	181	182
13	154	205	206
13	155	140	141
13	156	132	133
13	157	143	144
13	158	126	127
13	159	136	137
13	160	153	154
13	161	140	141
13	162	0	0
13	163	0	0
13	164	166	167
13	165	173	174
13	166	0	0
13	167	0	0
13	168	187	188
13	169	171	172
13	170	143	144
13	171	0	0
13	172	176	177
13	173	0	0
13	174	0	0
13	175	164	165
13	176	193	194
13	177	217	218
13	178	162	163
13	179	0	0
13	180	0	0
13	181	0	0
13	182	0	0
13	183	181	182
13	184	132	133
13	185	136	137
13	186	176	177
13	187	189	190
13	188	207	208
13	189	202	203
13	190	267	268
13	191	0	0
13	192	0	0
13	193	248	249
13	194	255	256
13	195	153	154
13	196	164	165
13	197	132	133
13	198	130	131
13	199	136	137
13	200	189	190
13	201	37	38
13	202	0	0
13	203	289	290
13	204	176	177
13	205	0	0
13	206	0	0
13	207	264	265
13	208	214	215
13	209	168	169
13	210	143	144
13	211	207	208
13	212	171	172
13	213	57	146
13	214	221	222
13	215	0	0
13	216	187	188
13	217	270	271
13	218	274	275
13	219	217	218
13	220	207	208
13	221	238	239
13	222	0	0
13	223	162	163
13	224	162	163
13	225	244	245
13	226	0	0
13	227	181	182
13	228	0	0
13	229	0	0
13	230	228	229
13	231	164	165
13	232	173	174
13	233	145	150
13	234	171	172
13	235	166	167
13	236	214	215
13	237	205	206
13	238	0	0
13	239	0	0
13	240	0	0
13	241	0	0
13	242	149	243
13	243	253	254
13	244	0	0
13	245	0	0
13	246	57	146
13	247	171	172
13	248	0	0
13	249	272	273
13	250	214	215
13	251	173	174
13	252	187	188
13	253	292	293
13	254	0	0
13	255	0	0
13	256	0	0
13	257	149	243
13	258	207	208
13	259	176	177
13	260	228	229
13	261	225	226
13	262	0	0
13	263	0	0
13	264	0	0
13	265	299	300
13	266	153	154
13	267	0	0
13	268	277	278
13	269	187	188
13	270	0	0
13	271	282	283
13	272	0	0
13	273	0	0
13	274	0	0
13	275	0	0
13	276	217	218
13	277	294	295
13	278	0	0
13	279	191	192
13	280	238	239
13	281	205	206
13	282	0	0
13	283	0	0
13	284	205	206
13	285	145	150
13	286	193	194
13	287	168	169
13	288	181	182
13	289	0	0
13	290	0	0
13	291	262	263
13	292	0	0
13	293	0	0
13	294	0	0
13	295	0	0
13	296	0	0
13	297	0	0
13	298	270	271
13	299	0	0
13	300	0	0
