21	1	0	0
21	2	1	3
21	3	0	0
21	4	1	3
21	5	1	3
21	6	1	3
21	7	2	8
21	8	11	12
21	9	7	10
21	10	25	26
21	11	0	0
21	12	0	0
21	13	11	12
21	14	11	12
21	15	7	10
21	16	2	8
21	17	2	8
21	18	2	8
21	19	9	20
21	20	43	44
21	21	7	10
21	22	19	23
21	23	27	28
21	24	9	20
21	25	37	38
21	26	0	0
21	27	48	49
21	28	33	34
21	29	22	30
21	30	35	36
21	31	19	23
21	32	7	10
21	33	0	0
21	34	0	0
21	35	41	42
21	36	45	46
21	37	0	0
21	38	0	0
21	39	29	40
21	40	0	0
21	41	0	0
21	42	0	0
21	43	0	0
21	44	0	0
21	45	0	0
21	46	0	0
21	47	27	28
21	48	0	0
21	49	0	0
21	50	27	28
