30	1	0	0
30	2	1	3
30	3	0	0
30	4	1	3
30	5	1	3
30	6	2	7
30	7	9	10
30	8	1	3
30	9	0	0
30	10	0	0
30	11	2	7
30	12	2	7
30	13	9	10
30	14	2	7
30	15	9	10
30	16	9	10
30	17	6	18
30	18	20	21
30	19	6	18
30	20	24	25
30	21	33	34
30	22	20	21
30	23	20	21
30	24	0	0
30	25	0	0
30	26	6	18
30	27	20	21
30	28	24	25
30	29	17	30
30	30	40	41
30	31	6	18
30	32	17	30
30	33	0	0
30	34	0	0
30	35	33	34
30	36	33	34
30	37	33	34
30	38	17	30
30	39	17	30
30	40	55	56
30	41	42	43
30	42	46	47
30	43	66	67
30	44	24	25
30	45	42	43
30	46	0	0
30	47	0	0
30	48	40	41
30	49	24	25
30	50	40	41
30	51	40	41
30	52	42	43
30	53	29	54
30	54	57	58
30	55	63	64
30	56	97	98
30	57	59	60
30	58	75	76
30	59	87	88
30	60	61	62
30	61	83	84
30	62	0	0
30	63	0	0
30	64	0	0
30	65	59	60
30	66	0	0
30	67	0	0
30	68	42	43
30	69	46	47
30	70	66	67
30	71	57	58
30	72	61	62
30	73	55	56
30	74	63	64
30	75	91	92
30	76	0	0
30	77	75	76
30	78	61	62
30	79	75	76
30	80	66	67
30	81	46	47
30	82	75	76
30	83	0	0
30	84	0	0
30	85	29	54
30	86	83	84
30	87	94	95
30	88	0	0
30	89	61	62
30	90	29	54
30	91	0	0
30	92	0	0
30	93	66	67
30	94	0	0
30	95	0	0
30	96	63	64
30	97	0	0
30	98	0	0
30	99	29	54
30	100	83	84
