24	1	0	0
24	2	1	3
24	3	0	0
24	4	1	3
24	5	2	6
24	6	10	11
24	7	1	3
24	8	5	9
24	9	21	22
24	10	0	0
24	11	0	0
24	12	1	3
24	13	5	9
24	14	10	11
24	15	10	11
24	16	5	9
24	17	5	9
24	18	2	6
24	19	8	20
24	20	25	26
24	21	29	30
24	22	23	24
24	23	0	0
24	24	0	0
24	25	27	28
24	26	32	33
24	27	85	86
24	28	50	51
24	29	0	0
24	30	0	0
24	31	2	6
24	32	0	0
24	33	37	38
24	34	8	20
24	35	25	26
24	36	10	11
24	37	0	0
24	38	0	0
24	39	21	22
24	40	27	28
24	41	19	42
24	42	45	46
24	43	27	28
24	44	19	42
24	45	57	58
24	46	0	0
24	47	2	6
24	48	37	38
24	49	23	24
24	50	0	0
24	51	0	0
24	52	45	46
24	53	21	22
24	54	23	24
24	55	27	28
24	56	37	38
24	57	60	61
24	58	89	90
24	59	50	51
24	60	76	77
24	61	65	66
24	62	37	38
24	63	19	42
24	64	8	20
24	65	0	0
24	66	0	0
24	67	8	20
24	68	65	66
24	69	32	33
24	70	65	66
24	71	21	22
24	72	19	42
24	73	25	26
24	74	32	33
24	75	23	24
24	76	0	0
24	77	0	0
24	78	50	51
24	79	32	33
24	80	60	61
24	81	29	30
24	82	57	58
24	83	76	77
24	84	25	26
24	85	0	0
24	86	0	0
24	87	65	66
24	88	76	77
24	89	0	0
24	90	98	99
24	91	29	30
24	92	76	77
24	93	45	46
24	94	29	30
24	95	60	61
24	96	50	51
24	97	85	86
24	98	0	0
24	99	0	0
24	100	57	58
