15	1	0	0
15	2	1	3
15	3	0	0
15	4	1	3
15	5	2	6
15	6	7	8
15	7	0	0
15	8	0	0
15	9	2	6
15	10	7	8
15	11	1	3
15	12	7	8
15	13	2	6
15	14	7	8
15	15	1	3
15	16	5	17
15	17	23	24
15	18	2	6
15	19	5	17
15	20	5	17
15	21	16	22
15	22	31	32
15	23	49	50
15	24	26	27
15	25	23	24
15	26	0	0
15	27	0	0
15	28	21	29
15	29	42	43
15	30	26	27
15	31	44	45
15	32	94	95
15	33	26	27
15	34	26	27
15	35	23	24
15	36	31	32
15	37	23	24
15	38	31	32
15	39	5	17
15	40	21	29
15	41	16	22
15	42	53	54
15	43	57	58
15	44	47	48
15	45	111	112
15	46	42	43
15	47	0	0
15	48	0	0
15	49	0	0
15	50	0	0
15	51	49	50
15	52	16	22
15	53	55	56
15	54	62	63
15	55	87	88
15	56	113	114
15	57	0	0
15	58	147	148
15	59	57	58
15	60	28	61
15	61	77	78
15	62	65	66
15	63	69	70
15	64	16	22
15	65	0	0
15	66	0	0
15	67	53	54
15	68	28	61
15	69	0	0
15	70	0	0
15	71	60	72
15	72	126	127
15	73	28	61
15	74	21	29
15	75	49	50
15	76	65	66
15	77	91	92
15	78	193	194
15	79	77	78
15	80	57	58
15	81	49	50
15	82	55	56
15	83	21	29
15	84	42	43
15	85	55	56
15	86	55	56
15	87	0	0
15	88	0	0
15	89	57	58
15	90	53	54
15	91	141	142
15	92	123	124
15	93	47	48
15	94	108	109
15	95	115	116
15	96	60	72
15	97	42	43
15	98	65	66
15	99	77	78
15	100	60	72
15	101	31	32
15	102	28	61
15	103	47	48
15	104	69	70
15	105	94	95
15	106	87	88
15	107	60	72
15	108	0	0
15	109	0	0
15	110	69	70
15	111	0	0
15	112	0	0
15	113	0	0
15	114	0	0
15	115	0	0
15	116	0	0
15	117	111	112
15	118	53	54
15	119	87	88
15	120	69	70
15	121	115	116
15	122	44	45
15	123	0	0
15	124	178	179
15	125	91	92
15	126	138	139
15	127	164	165
15	128	126	127
15	129	111	112
15	130	91	92
15	131	113	114
15	132	115	116
15	133	44	45
15	134	94	95
15	135	71	136
15	136	143	144
15	137	47	48
15	138	214	215
15	139	150	151
15	140	113	114
15	141	0	0
15	142	182	183
15	143	180	181
15	144	187	188
15	145	123	124
15	146	62	63
15	147	0	0
15	148	154	155
15	149	143	144
15	150	211	212
15	151	0	0
15	152	115	116
15	153	113	114
15	154	0	0
15	155	0	0
15	156	150	151
15	157	91	92
15	158	111	112
15	159	147	148
15	160	62	63
15	161	147	148
15	162	94	95
15	163	108	109
15	164	184	185
15	165	0	0
15	166	135	167
15	167	0	0
15	168	126	127
15	169	65	66
15	170	77	78
15	171	126	127
15	172	143	144
15	173	154	155
15	174	87	88
15	175	44	45
15	176	135	167
15	177	150	151
15	178	209	210
15	179	191	192
15	180	204	205
15	181	189	190
15	182	218	219
15	183	200	201
15	184	206	207
15	185	0	0
15	186	164	165
15	187	198	199
15	188	249	250
15	189	239	240
15	190	255	256
15	191	0	0
15	192	0	0
15	193	241	242
15	194	0	0
15	195	193	194
15	196	164	165
15	197	135	167
15	198	0	0
15	199	236	237
15	200	0	0
15	201	0	0
15	202	189	190
15	203	147	148
15	204	274	275
15	205	0	0
15	206	220	221
15	207	0	0
15	208	184	185
15	209	0	0
15	210	0	0
15	211	277	278
15	212	0	0
15	213	154	155
15	214	269	270
15	215	0	0
15	216	123	124
15	217	164	165
15	218	0	0
15	219	0	0
15	220	225	226
15	221	245	246
15	222	154	155
15	223	200	201
15	224	187	188
15	225	0	0
15	226	0	0
15	227	138	139
15	228	191	192
15	229	141	142
15	230	220	221
15	231	184	185
15	232	143	144
15	233	123	124
15	234	214	215
15	235	204	205
15	236	0	0
15	237	262	263
15	238	108	109
15	239	0	0
15	240	0	0
15	241	0	0
15	242	0	0
15	243	178	179
15	244	236	237
15	245	0	0
15	246	0	0
15	247	191	192
15	248	150	151
15	249	288	289
15	250	259	260
15	251	180	181
15	252	214	215
15	253	178	179
15	254	198	199
15	255	0	0
15	256	0	0
15	257	138	139
15	258	214	215
15	259	0	0
15	260	266	267
15	261	218	219
15	262	0	0
15	263	0	0
15	264	62	63
15	265	200	201
15	266	0	0
15	267	0	0
15	268	245	246
15	269	291	292
15	270	0	0
15	271	135	167
15	272	259	260
15	273	266	267
15	274	0	0
15	275	0	0
15	276	200	201
15	277	0	0
15	278	0	0
15	279	193	194
15	280	225	226
15	281	180	181
15	282	191	192
15	283	138	139
15	284	241	242
15	285	220	221
15	286	218	219
15	287	141	142
15	288	0	0
15	289	0	0
15	290	269	270
15	291	0	0
15	292	0	0
15	293	198	199
15	294	180	181
15	295	225	226
15	296	141	142
15	297	189	190
15	298	288	289
15	299	187	188
15	300	209	210
