29	1	0	0
29	2	1	3
29	3	0	0
29	4	1	3
29	5	1	3
29	6	1	3
29	7	2	8
29	8	29	30
29	9	2	8
29	10	2	8
29	11	7	12
29	12	14	15
29	13	7	12
29	14	16	17
29	15	23	24
29	16	0	0
29	17	0	0
29	18	14	15
29	19	16	17
29	20	7	12
29	21	14	15
29	22	7	12
29	23	0	0
29	24	0	0
29	25	14	15
29	26	11	27
29	27	33	34
29	28	16	17
29	29	0	0
29	30	0	0
29	31	16	17
29	32	11	27
29	33	36	37
29	34	39	40
29	35	11	27
29	36	48	49
29	37	0	0
29	38	11	27
29	39	42	43
29	40	44	45
29	41	23	24
29	42	0	0
29	43	0	0
29	44	0	0
29	45	0	0
29	46	36	37
29	47	33	34
29	48	0	0
29	49	0	0
29	50	44	45
29	51	48	49
29	52	36	37
29	53	2	8
29	54	39	40
29	55	29	30
29	56	36	37
29	57	42	43
29	58	26	59
29	59	68	69
29	60	39	40
29	61	29	30
29	62	33	34
29	63	39	40
29	64	23	24
29	65	29	30
29	66	23	24
29	67	33	34
29	68	78	79
29	69	0	0
29	70	48	49
29	71	68	69
29	72	26	59
29	73	58	74
29	74	85	86
29	75	26	59
29	76	42	43
29	77	48	49
29	78	80	81
29	79	0	0
29	80	97	98
29	81	83	84
29	82	26	59
29	83	0	0
29	84	0	0
29	85	91	92
29	86	0	0
29	87	44	45
29	88	83	84
29	89	68	69
29	90	58	74
29	91	0	0
29	92	0	0
29	93	91	92
29	94	91	92
29	95	83	84
29	96	58	74
29	97	0	0
29	98	0	0
29	99	97	98
29	100	91	92
