19	1	0	0
19	2	1	3
19	3	0	0
19	4	1	3
19	5	1	3
19	6	2	7
19	7	29	30
19	8	6	9
19	9	20	21
19	10	6	9
19	11	8	12
19	12	35	36
19	13	2	7
19	14	2	7
19	15	11	16
19	16	24	25
19	17	2	7
19	18	11	16
19	19	8	12
19	20	45	46
19	21	39	40
19	22	20	21
19	23	6	9
19	24	26	27
19	25	75	76
19	26	0	0
19	27	95	96
19	28	20	21
19	29	0	0
19	30	0	0
19	31	20	21
19	32	8	12
19	33	11	16
19	34	26	27
19	35	55	56
19	36	52	53
19	37	6	9
19	38	35	36
19	39	0	0
19	40	0	0
19	41	29	30
19	42	8	12
19	43	24	25
19	44	29	30
19	45	0	0
19	46	0	0
19	47	35	36
19	48	35	36
19	49	11	16
19	50	39	40
19	51	26	27
19	52	62	63
19	53	64	65
19	54	1	3
19	55	101	102
19	56	66	67
19	57	55	56
19	58	45	46
19	59	15	60
19	60	78	79
19	61	55	56
19	62	0	0
19	63	0	0
19	64	0	0
19	65	0	0
19	66	0	0
19	67	0	0
19	68	55	56
19	69	45	46
19	70	66	67
19	71	15	60
19	72	15	60
19	73	66	67
19	74	64	65
19	75	80	81
19	76	98	99
19	77	66	67
19	78	121	122
19	79	125	126
19	80	134	135
19	81	104	105
19	82	24	25
19	83	62	63
19	84	78	79
19	85	52	53
19	86	78	79
19	87	29	30
19	88	62	63
19	89	52	53
19	90	26	27
19	91	78	79
19	92	52	53
19	93	45	46
19	94	62	63
19	95	107	108
19	96	0	0
19	97	80	81
19	98	115	116
19	99	117	118
19	100	64	65
19	101	0	0
19	102	0	0
19	103	75	76
19	104	0	0
19	105	0	0
19	106	98	99
19	107	0	0
19	108	0	0
19	109	75	76
19	110	24	25
19	111	64	65
19	112	98	99
19	113	101	102
19	114	75	76
19	115	0	0
19	116	0	0
19	117	0	0
19	118	0	0
19	119	115	116
19	120	98	99
19	121	157	158
19	122	167	168
19	123	115	116
19	124	107	108
19	125	182	183
19	126	163	164
19	127	101	102
19	128	115	116
19	129	95	96
19	130	39	40
19	131	104	105
19	132	117	118
19	133	15	60
19	134	0	0
19	135	0	0
19	136	107	108
19	137	125	126
19	138	107	108
19	139	59	140
19	140	177	178
19	141	117	118
19	142	59	140
19	143	59	140
19	144	59	140
19	145	95	96
19	146	117	118
19	147	121	122
19	148	139	149
19	149	155	156
19	150	95	96
19	151	80	81
19	152	148	153
19	153	159	160
19	154	121	122
19	155	165	166
19	156	0	0
19	157	0	0
19	158	202	203
19	159	173	174
19	160	0	0
19	161	39	40
19	162	101	102
19	163	0	0
19	164	186	187
19	165	175	176
19	166	180	181
19	167	236	237
19	168	0	0
19	169	152	170
19	170	208	209
19	171	159	160
19	172	148	153
19	173	293	294
19	174	197	198
19	175	218	219
19	176	0	0
19	177	242	243
19	178	283	284
19	179	177	178
19	180	224	225
19	181	231	232
19	182	0	0
19	183	281	282
19	184	182	183
19	185	148	153
19	186	227	228
19	187	0	0
19	188	159	160
19	189	163	164
19	190	159	160
19	191	121	122
19	192	155	156
19	193	155	156
19	194	80	81
19	195	165	166
19	196	104	105
19	197	0	0
19	198	244	245
19	199	169	200
19	200	210	211
19	201	167	168
19	202	246	247
19	203	0	0
19	204	157	158
19	205	175	176
19	206	152	170
19	207	134	135
19	208	0	0
19	209	0	0
19	210	0	0
19	211	0	0
19	212	208	209
19	213	186	187
19	214	152	170
19	215	177	178
19	216	180	181
19	217	208	209
19	218	265	266
19	219	233	234
19	220	167	168
19	221	169	200
19	222	173	174
19	223	165	166
19	224	229	230
19	225	285	286
19	226	177	178
19	227	0	0
19	228	0	0
19	229	0	0
19	230	258	259
19	231	0	0
19	232	0	0
19	233	251	252
19	234	0	0
19	235	229	230
19	236	239	240
19	237	263	264
19	238	157	158
19	239	0	0
19	240	0	0
19	241	165	166
19	242	288	289
19	243	0	0
19	244	0	0
19	245	0	0
19	246	0	0
19	247	0	0
19	248	244	245
19	249	236	237
19	250	229	230
19	251	0	0
19	252	270	271
19	253	148	153
19	254	224	225
19	255	175	176
19	256	246	247
19	257	152	170
19	258	0	0
19	259	0	0
19	260	169	200
19	261	173	174
19	262	104	105
19	263	0	0
19	264	0	0
19	265	0	0
19	266	0	0
19	267	186	187
19	268	244	245
19	269	239	240
19	270	0	0
19	271	0	0
19	272	265	266
19	273	231	232
19	274	186	187
19	275	246	247
19	276	202	203
19	277	125	126
19	278	155	156
19	279	265	266
19	280	227	228
19	281	0	0
19	282	297	298
19	283	0	0
19	284	0	0
19	285	0	0
19	286	0	0
19	287	180	181
19	288	0	0
19	289	0	0
19	290	236	237
19	291	283	284
19	292	125	126
19	293	0	0
19	294	0	0
19	295	157	158
19	296	293	294
19	297	0	0
19	298	0	0
19	299	169	200
19	300	297	298
