15	1	0	0
15	2	1	3
15	3	0	0
15	4	2	5
15	5	6	7
15	6	0	0
15	7	0	0
15	8	6	7
15	9	4	10
15	10	11	12
15	11	68	69
15	12	13	14
15	13	0	0
15	14	0	0
15	15	2	5
15	16	6	7
15	17	4	10
15	18	1	3
15	19	4	10
15	20	4	10
15	21	6	7
15	22	2	5
15	23	11	12
15	24	1	3
15	25	11	12
15	26	9	27
15	27	0	0
15	28	11	12
15	29	9	27
15	30	2	5
15	31	13	14
15	32	9	27
15	33	26	34
15	34	35	36
15	35	40	41
15	36	64	65
15	37	35	36
15	38	26	34
15	39	13	14
15	40	44	45
15	41	46	47
15	42	35	36
15	43	13	14
15	44	91	92
15	45	51	52
15	46	0	0
15	47	0	0
15	48	33	49
15	49	72	73
15	50	44	45
15	51	0	0
15	52	0	0
15	53	35	36
15	54	9	27
15	55	40	41
15	56	51	52
15	57	51	52
15	58	33	49
15	59	51	52
15	60	44	45
15	61	1	3
15	62	40	41
15	63	33	49
15	64	0	0
15	65	0	0
15	66	64	65
15	67	64	65
15	68	0	0
15	69	0	0
15	70	46	47
15	71	64	65
15	72	0	0
15	73	79	80
15	74	44	45
15	75	33	49
15	76	68	69
15	77	72	73
15	78	40	41
15	79	0	0
15	80	81	82
15	81	0	0
15	82	84	85
15	83	68	69
15	84	86	87
15	85	0	0
15	86	0	0
15	87	0	0
15	88	68	69
15	89	48	90
15	90	98	99
15	91	0	0
15	92	0	0
15	93	72	73
15	94	91	92
15	95	46	47
15	96	81	82
15	97	91	92
15	98	0	0
15	99	0	0
15	100	84	85
