24	1	0	0
24	2	1	3
24	3	0	0
24	4	2	5
24	5	10	11
24	6	2	5
24	7	2	5
24	8	4	9
24	9	25	26
24	10	0	0
24	11	0	0
24	12	4	9
24	13	4	9
24	14	1	3
24	15	2	5
24	16	10	11
24	17	4	9
24	18	1	3
24	19	8	20
24	20	54	55
24	21	10	11
24	22	1	3
24	23	19	24
24	24	38	39
24	25	33	34
24	26	28	29
24	27	10	11
24	28	0	0
24	29	0	0
24	30	25	26
24	31	19	24
24	32	19	24
24	33	0	0
24	34	0	0
24	35	19	24
24	36	33	34
24	37	28	29
24	38	41	42
24	39	52	53
24	40	8	20
24	41	64	65
24	42	59	60
24	43	38	39
24	44	41	42
24	45	28	29
24	46	25	26
24	47	38	39
24	48	28	29
24	49	33	34
24	50	38	39
24	51	8	20
24	52	87	88
24	53	149	150
24	54	168	169
24	55	68	69
24	56	23	57
24	57	77	78
24	58	52	53
24	59	79	80
24	60	111	112
24	61	8	20
24	62	52	53
24	63	54	55
24	64	75	76
24	65	291	292
24	66	59	60
24	67	52	53
24	68	94	95
24	69	96	97
24	70	64	65
24	71	25	26
24	72	33	34
24	73	23	57
24	74	64	65
24	75	0	0
24	76	0	0
24	77	116	117
24	78	82	83
24	79	0	0
24	80	0	0
24	81	64	65
24	82	91	92
24	83	165	166
24	84	23	57
24	85	56	86
24	86	114	115
24	87	120	121
24	88	160	161
24	89	23	57
24	90	56	86
24	91	102	103
24	92	137	138
24	93	87	88
24	94	0	0
24	95	0	0
24	96	0	0
24	97	0	0
24	98	82	83
24	99	59	60
24	100	75	76
24	101	94	95
24	102	124	125
24	103	131	132
24	104	102	103
24	105	102	103
24	106	77	78
24	107	59	60
24	108	102	103
24	109	94	95
24	110	91	92
24	111	0	0
24	112	0	0
24	113	54	55
24	114	154	155
24	115	202	203
24	116	247	248
24	117	152	153
24	118	87	88
24	119	77	78
24	120	0	0
24	121	0	0
24	122	56	86
24	123	120	121
24	124	0	0
24	125	0	0
24	126	79	80
24	127	75	76
24	128	94	95
24	129	111	112
24	130	91	92
24	131	0	0
24	132	0	0
24	133	85	134
24	134	303	304
24	135	85	134
24	136	85	134
24	137	177	178
24	138	140	141
24	139	82	83
24	140	0	0
24	141	0	0
24	142	120	121
24	143	120	121
24	144	56	86
24	145	68	69
24	146	124	125
24	147	137	138
24	148	82	83
24	149	478	479
24	150	272	273
24	151	68	69
24	152	223	224
24	153	200	201
24	154	170	171
24	155	190	191
24	156	85	134
24	157	41	42
24	158	131	132
24	159	87	88
24	160	0	0
24	161	0	0
24	162	114	115
24	163	77	78
24	164	154	155
24	165	263	264
24	166	182	183
24	167	116	117
24	168	237	238
24	169	212	213
24	170	456	457
24	171	472	473
24	172	170	171
24	173	54	55
24	174	116	117
24	175	91	92
24	176	170	171
24	177	0	0
24	178	0	0
24	179	96	97
24	180	68	69
24	181	124	125
24	182	184	185
24	183	286	287
24	184	0	0
24	185	0	0
24	186	111	112
24	187	75	76
24	188	41	42
24	189	168	169
24	190	229	230
24	191	337	338
24	192	152	153
24	193	190	191
24	194	184	185
24	195	124	125
24	196	154	155
24	197	114	115
24	198	116	117
24	199	184	185
24	200	265	266
24	201	349	350
24	202	209	210
24	203	227	228
24	204	177	178
24	205	168	169
24	206	154	155
24	207	96	97
24	208	165	166
24	209	221	222
24	210	0	0
24	211	79	80
24	212	0	0
24	213	0	0
24	214	202	203
24	215	200	201
24	216	184	185
24	217	170	171
24	218	182	183
24	219	165	166
24	220	131	132
24	221	308	309
24	222	358	359
24	223	306	307
24	224	241	242
24	225	140	141
24	226	221	222
24	227	277	278
24	228	257	258
24	229	331	332
24	230	239	240
24	231	149	150
24	232	152	153
24	233	200	201
24	234	209	210
24	235	137	138
24	236	200	201
24	237	0	0
24	238	0	0
24	239	329	330
24	240	270	271
24	241	0	0
24	242	0	0
24	243	237	238
24	244	140	141
24	245	209	210
24	246	160	161
24	247	254	255
24	248	310	311
24	249	190	191
24	250	237	238
24	251	168	169
24	252	131	132
24	253	96	97
24	254	315	316
24	255	385	386
24	256	182	183
24	257	414	415
24	258	268	269
24	259	165	166
24	260	79	80
24	261	202	203
24	262	182	183
24	263	400	401
24	264	301	302
24	265	0	0
24	266	0	0
24	267	149	150
24	268	421	422
24	269	451	452
24	270	0	0
24	271	0	0
24	272	0	0
24	273	0	0
24	274	152	153
24	275	268	269
24	276	263	264
24	277	288	289
24	278	363	364
24	279	254	255
24	280	190	191
24	281	239	240
24	282	202	203
24	283	227	228
24	284	140	141
24	285	239	240
24	286	0	0
24	287	0	0
24	288	0	0
24	289	326	327
24	290	114	115
24	291	0	0
24	292	0	0
24	293	223	224
24	294	223	224
24	295	221	222
24	296	221	222
24	297	111	112
24	298	286	287
24	299	229	230
24	300	229	230
24	301	0	0
24	302	0	0
24	303	0	0
24	304	371	372
24	305	263	264
24	306	0	0
24	307	0	0
24	308	380	381
24	309	0	0
24	310	402	403
24	311	0	0
24	312	254	255
24	313	277	278
24	314	301	302
24	315	0	0
24	316	0	0
24	317	247	248
24	318	306	307
24	319	133	320
24	320	323	324
24	321	272	273
24	322	268	269
24	323	392	393
24	324	430	431
24	325	257	258
24	326	0	0
24	327	0	0
24	328	177	178
24	329	0	0
24	330	0	0
24	331	351	352
24	332	442	443
24	333	265	266
24	334	133	320
24	335	160	161
24	336	270	271
24	337	0	0
24	338	390	391
24	339	223	224
24	340	133	320
24	341	237	238
24	342	288	289
24	343	326	327
24	344	288	289
24	345	288	289
24	346	323	324
24	347	212	213
24	348	286	287
24	349	0	0
24	350	0	0
24	351	0	0
24	352	0	0
24	353	270	271
24	354	263	264
24	355	270	271
24	356	337	338
24	357	303	304
24	358	0	0
24	359	360	361
24	360	0	0
24	361	0	0
24	362	331	332
24	363	383	384
24	364	388	389
24	365	360	361
24	366	310	311
24	367	337	338
24	368	257	258
24	369	306	307
24	370	227	228
24	371	395	396
24	372	0	0
24	373	303	304
24	374	303	304
24	375	247	248
24	376	329	330
24	377	351	352
24	378	286	287
24	379	371	372
24	380	0	0
24	381	0	0
24	382	229	230
24	383	0	0
24	384	0	0
24	385	0	0
24	386	0	0
24	387	265	266
24	388	0	0
24	389	0	0
24	390	496	497
24	391	494	495
24	392	405	406
24	393	0	0
24	394	209	210
24	395	397	398
24	396	411	412
24	397	0	0
24	398	0	0
24	399	383	384
24	400	0	0
24	401	0	0
24	402	0	0
24	403	0	0
24	404	329	330
24	405	0	0
24	406	0	0
24	407	265	266
24	408	241	242
24	409	385	386
24	410	306	307
24	411	463	464
24	412	424	425
24	413	247	248
24	414	491	492
24	415	0	0
24	416	351	352
24	417	227	228
24	418	349	350
24	419	371	372
24	420	392	393
24	421	0	0
24	422	0	0
24	423	254	255
24	424	0	0
24	425	461	462
24	426	268	269
24	427	291	292
24	428	308	309
24	429	272	273
24	430	436	437
24	431	0	0
24	432	329	330
24	433	241	242
24	434	277	278
24	435	277	278
24	436	0	0
24	437	476	477
24	438	323	324
24	439	349	350
24	440	395	396
24	441	371	372
24	442	0	0
24	443	0	0
24	444	405	406
24	445	430	431
24	446	424	425
24	447	331	332
24	448	337	338
24	449	436	437
24	450	349	350
24	451	0	0
24	452	0	0
24	453	451	452
24	454	383	384
24	455	436	437
24	456	0	0
24	457	0	0
24	458	241	242
24	459	160	161
24	460	411	412
24	461	0	0
24	462	0	0
24	463	465	466
24	464	0	0
24	465	0	0
24	466	0	0
24	467	463	464
24	468	363	364
24	469	351	352
24	470	358	359
24	471	451	452
24	472	0	0
24	473	0	0
24	474	442	443
24	475	149	150
24	476	0	0
24	477	0	0
24	478	0	0
24	479	0	0
24	480	383	384
24	481	400	401
24	482	436	437
24	483	390	391
24	484	390	391
24	485	478	479
24	486	326	327
24	487	392	393
24	488	414	415
24	489	360	361
24	490	291	292
24	491	0	0
24	492	0	0
24	493	133	320
24	494	0	0
24	495	0	0
24	496	0	0
24	497	0	0
24	498	476	477
24	499	456	457
24	500	494	495
