4	1	0	0
4	2	1	3
4	3	0	0
4	4	1	3
4	5	2	6
4	6	10	11
4	7	5	8
4	8	59	60
4	9	1	3
4	10	0	0
4	11	0	0
4	12	1	3
4	13	10	11
4	14	2	6
4	15	2	6
4	16	5	8
4	17	10	11
4	18	10	11
4	19	2	6
4	20	7	21
4	21	24	25
4	22	7	21
4	23	5	8
4	24	26	27
4	25	30	31
4	26	45	46
4	27	47	48
4	28	7	21
4	29	7	21
4	30	39	40
4	31	34	35
4	32	26	27
4	33	26	27
4	34	0	0
4	35	0	0
4	36	24	25
4	37	26	27
4	38	24	25
4	39	0	0
4	40	0	0
4	41	30	31
4	42	30	31
4	43	5	8
4	44	34	35
4	45	0	0
4	46	0	0
4	47	0	0
4	48	0	0
4	49	39	40
4	50	20	51
4	51	61	62
4	52	34	35
4	53	30	31
4	54	24	25
4	55	39	40
4	56	39	40
4	57	34	35
4	58	45	46
4	59	117	118
4	60	179	180
4	61	64	65
4	62	66	67
4	63	47	48
4	64	91	92
4	65	77	78
4	66	227	228
4	67	88	89
4	68	20	51
4	69	50	70
4	70	96	97
4	71	69	72
4	72	73	74
4	73	132	133
4	74	84	85
4	75	45	46
4	76	64	65
4	77	81	82
4	78	113	114
4	79	61	62
4	80	73	74
4	81	0	0
4	82	0	0
4	83	64	65
4	84	107	108
4	85	173	174
4	86	84	85
4	87	59	60
4	88	230	231
4	89	126	127
4	90	64	65
4	91	140	141
4	92	104	105
4	93	50	70
4	94	71	95
4	95	124	125
4	96	135	136
4	97	287	288
4	98	45	46
4	99	61	62
4	100	59	60
4	101	47	48
4	102	66	67
4	103	47	48
4	104	0	0
4	105	0	0
4	106	71	95
4	107	389	390
4	108	165	166
4	109	50	70
4	110	81	82
4	111	73	74
4	112	61	62
4	113	0	0
4	114	0	0
4	115	107	108
4	116	20	51
4	117	0	0
4	118	0	0
4	119	84	85
4	120	113	114
4	121	94	122
4	122	200	201
4	123	96	97
4	124	499	500
4	125	239	240
4	126	0	0
4	127	0	0
4	128	71	95
4	129	73	74
4	130	117	118
4	131	126	127
4	132	193	194
4	133	148	149
4	134	124	125
4	135	143	144
4	136	325	326
4	137	20	51
4	138	77	78
4	139	91	92
4	140	0	0
4	141	0	0
4	142	107	108
4	143	203	204
4	144	181	182
4	145	113	114
4	146	132	133
4	147	50	70
4	148	158	159
4	149	211	212
4	150	107	108
4	151	66	67
4	152	121	153
4	153	190	191
4	154	69	72
4	155	132	133
4	156	143	144
4	157	148	149
4	158	259	260
4	159	241	242
4	160	113	114
4	161	148	149
4	162	77	78
4	163	152	164
4	164	292	293
4	165	385	386
4	166	283	284
4	167	117	118
4	168	132	133
4	169	94	122
4	170	165	166
4	171	104	105
4	172	148	149
4	173	221	222
4	174	177	178
4	175	124	125
4	176	104	105
4	177	372	373
4	178	595	596
4	179	0	0
4	180	0	0
4	181	409	410
4	182	247	248
4	183	88	89
4	184	124	125
4	185	126	127
4	186	140	141
4	187	165	166
4	188	165	166
4	189	121	153
4	190	195	196
4	191	217	218
4	192	140	141
4	193	278	279
4	194	350	351
4	195	360	361
4	196	272	273
4	197	173	174
4	198	77	78
4	199	140	141
4	200	777	778
4	201	337	338
4	202	96	97
4	203	207	208
4	204	487	488
4	205	158	159
4	206	121	153
4	207	0	0
4	208	0	0
4	209	59	60
4	210	207	208
4	211	219	220
4	212	251	252
4	213	152	164
4	214	207	208
4	215	203	204
4	216	158	159
4	217	0	0
4	218	263	264
4	219	0	0
4	220	255	256
4	221	270	271
4	222	483	484
4	223	121	153
4	224	179	180
4	225	143	144
4	226	135	136
4	227	416	417
4	228	518	519
4	229	203	204
4	230	0	0
4	231	0	0
4	232	203	204
4	233	88	89
4	234	84	85
4	235	173	174
4	236	179	180
4	237	221	222
4	238	207	208
4	239	0	0
4	240	0	0
4	241	678	679
4	242	322	323
4	243	195	196
4	244	81	82
4	245	94	122
4	246	173	174
4	247	0	0
4	248	0	0
4	249	211	212
4	250	126	127
4	251	295	296
4	252	318	319
4	253	152	164
4	254	200	201
4	255	0	0
4	256	0	0
4	257	211	212
4	258	227	228
4	259	656	657
4	260	705	706
4	261	104	105
4	262	193	194
4	263	310	311
4	264	507	508
4	265	221	222
4	266	211	212
4	267	81	82
4	268	221	222
4	269	247	248
4	270	304	305
4	271	394	395
4	272	915	916
4	273	290	291
4	274	255	256
4	275	143	144
4	276	163	277
4	277	606	607
4	278	302	303
4	279	320	321
4	280	163	277
4	281	71	95
4	282	278	279
4	283	314	315
4	284	383	384
4	285	158	159
4	286	247	248
4	287	949	950
4	288	540	541
4	289	270	271
4	290	537	538
4	291	297	298
4	292	493	494
4	293	379	380
4	294	117	118
4	295	0	0
4	296	0	0
4	297	577	578
4	298	403	404
4	299	272	273
4	300	290	291
4	301	247	248
4	302	308	309
4	303	0	0
4	304	0	0
4	305	0	0
4	306	283	284
4	307	292	293
4	308	0	0
4	309	0	0
4	310	423	424
4	311	391	392
4	312	302	303
4	313	177	178
4	314	0	0
4	315	0	0
4	316	276	317
4	317	631	632
4	318	0	0
4	319	0	0
4	320	339	340
4	321	353	354
4	322	0	0
4	323	0	0
4	324	255	256
4	325	476	477
4	326	977	978
4	327	322	323
4	328	320	321
4	329	259	260
4	330	255	256
4	331	88	89
4	332	152	164
4	333	217	218
4	334	230	231
4	335	227	228
4	336	295	296
4	337	593	594
4	338	374	375
4	339	0	0
4	340	0	0
4	341	263	264
4	342	290	291
4	343	135	136
4	344	287	288
4	345	272	273
4	346	219	220
4	347	200	201
4	348	179	180
4	349	219	220
4	350	991	992
4	351	413	414
4	352	177	178
4	353	0	0
4	354	0	0
4	355	230	231
4	356	292	293
4	357	272	273
4	358	195	196
4	359	217	218
4	360	726	727
4	361	363	364
4	362	163	277
4	363	846	847
4	364	469	470
4	365	66	67
4	366	322	323
4	367	91	92
4	368	350	351
4	369	314	315
4	370	190	191
4	371	270	271
4	372	574	575
4	373	381	382
4	374	0	0
4	375	461	462
4	376	251	252
4	377	353	354
4	378	322	323
4	379	420	421
4	380	491	492
4	381	0	0
4	382	0	0
4	383	0	0
4	384	0	0
4	385	771	772
4	386	0	0
4	387	283	284
4	388	314	315
4	389	443	444
4	390	411	412
4	391	530	531
4	392	687	688
4	393	177	178
4	394	0	0
4	395	0	0
4	396	292	293
4	397	219	220
4	398	290	291
4	399	310	311
4	400	96	97
4	401	394	395
4	402	263	264
4	403	407	408
4	404	452	453
4	405	135	136
4	406	190	191
4	407	0	0
4	408	651	652
4	409	0	0
4	410	0	0
4	411	542	543
4	412	513	514
4	413	558	559
4	414	0	0
4	415	314	315
4	416	0	0
4	417	0	0
4	418	217	218
4	419	259	260
4	420	0	0
4	421	591	592
4	422	379	380
4	423	0	0
4	424	425	426
4	425	427	428
4	426	0	0
4	427	503	504
4	428	737	738
4	429	263	264
4	430	308	309
4	431	425	426
4	432	310	311
4	433	295	296
4	434	379	380
4	435	241	242
4	436	416	417
4	437	379	380
4	438	278	279
4	439	200	201
4	440	385	386
4	441	383	384
4	442	363	364
4	443	496	497
4	444	724	725
4	445	181	182
4	446	403	404
4	447	403	404
4	448	190	191
4	449	302	303
4	450	295	296
4	451	251	252
4	452	0	0
4	453	582	583
4	454	302	303
4	455	276	317
4	456	407	408
4	457	416	417
4	458	181	182
4	459	278	279
4	460	427	428
4	461	611	612
4	462	879	880
4	463	374	375
4	464	69	72
4	465	276	317
4	466	276	317
4	467	413	414
4	468	407	408
4	469	489	490
4	470	473	474
4	471	318	319
4	472	181	182
4	473	561	562
4	474	563	564
4	475	320	321
4	476	823	824
4	477	0	0
4	478	383	384
4	479	443	444
4	480	353	354
4	481	350	351
4	482	409	410
4	483	936	937
4	484	485	486
4	485	0	0
4	486	0	0
4	487	0	0
4	488	0	0
4	489	867	868
4	490	525	526
4	491	644	645
4	492	634	635
4	493	934	935
4	494	665	666
4	495	270	271
4	496	0	0
4	497	0	0
4	498	420	421
4	499	648	649
4	500	799	800
4	501	374	375
4	502	227	228
4	503	913	914
4	504	515	516
4	505	452	453
4	506	383	384
4	507	547	548
4	508	639	640
4	509	372	373
4	510	469	470
4	511	425	426
4	512	163	277
4	513	0	0
4	514	0	0
4	515	0	0
4	516	0	0
4	517	287	288
4	518	0	0
4	519	0	0
4	520	283	284
4	521	363	364
4	522	389	390
4	523	496	497
4	524	483	484
4	525	703	704
4	526	653	654
4	527	423	424
4	528	423	424
4	529	69	72
4	530	884	885
4	531	570	571
4	532	425	426
4	533	287	288
4	534	423	424
4	535	461	462
4	536	515	516
4	537	0	0
4	538	899	900
4	539	485	486
4	540	813	814
4	541	755	756
4	542	0	0
4	543	0	0
4	544	525	526
4	545	389	390
4	546	304	305
4	547	0	0
4	548	608	609
4	549	389	390
4	550	487	488
4	551	381	382
4	552	385	386
4	553	530	531
4	554	499	500
4	555	452	453
4	556	241	242
4	557	491	492
4	558	0	0
4	559	0	0
4	560	542	543
4	561	586	587
4	562	673	674
4	563	851	852
4	564	734	735
4	565	537	538
4	566	493	494
4	567	563	564
4	568	409	410
4	569	230	231
4	570	786	787
4	571	761	762
4	572	304	305
4	573	507	508
4	574	0	0
4	575	0	0
4	576	372	373
4	577	0	0
4	578	604	605
4	579	381	382
4	580	251	252
4	581	374	375
4	582	636	637
4	583	646	647
4	584	403	404
4	585	427	428
4	586	675	676
4	587	768	769
4	588	443	444
4	589	540	541
4	590	515	516
4	591	0	0
4	592	0	0
4	593	753	754
4	594	0	0
4	595	999	1000
4	596	0	0
4	597	259	260
4	598	394	395
4	599	530	531
4	600	391	392
4	601	318	319
4	602	574	575
4	603	473	474
4	604	954	955
4	605	0	0
4	606	874	875
4	607	0	0
4	608	0	0
4	609	661	662
4	610	363	364
4	611	0	0
4	612	0	0
4	613	316	614
4	614	623	624
4	615	489	490
4	616	499	500
4	617	499	500
4	618	409	410
4	619	241	242
4	620	476	477
4	621	297	298
4	622	558	559
4	623	0	0
4	624	683	684
4	625	297	298
4	626	537	538
4	627	513	514
4	628	606	607
4	629	476	477
4	630	485	486
4	631	818	819
4	632	0	0
4	633	353	354
4	634	717	718
4	635	680	681
4	636	0	0
4	637	0	0
4	638	503	504
4	639	941	942
4	640	779	780
4	641	593	594
4	642	391	392
4	643	530	531
4	644	0	0
4	645	0	0
4	646	0	0
4	647	0	0
4	648	698	699
4	649	709	710
4	650	648	649
4	651	0	0
4	652	917	918
4	653	0	0
4	654	793	794
4	655	493	494
4	656	0	0
4	657	0	0
4	658	339	340
4	659	651	652
4	660	646	647
4	661	0	0
4	662	747	748
4	663	372	373
4	664	316	614
4	665	751	752
4	666	707	708
4	667	461	462
4	668	476	477
4	669	507	508
4	670	542	543
4	671	496	497
4	672	308	309
4	673	0	0
4	674	849	850
4	675	0	0
4	676	0	0
4	677	636	637
4	678	0	0
4	679	0	0
4	680	744	745
4	681	855	856
4	682	427	428
4	683	0	0
4	684	741	742
4	685	593	594
4	686	413	414
4	687	721	722
4	688	0	0
4	689	193	194
4	690	656	657
4	691	503	504
4	692	381	382
4	693	577	578
4	694	461	462
4	695	339	340
4	696	239	240
4	697	636	637
4	698	0	0
4	699	0	0
4	700	608	609
4	701	577	578
4	702	631	632
4	703	0	0
4	704	713	714
4	705	0	0
4	706	0	0
4	707	739	740
4	708	775	776
4	709	0	0
4	710	759	760
4	711	680	681
4	712	623	624
4	713	0	0
4	714	0	0
4	715	673	674
4	716	304	305
4	717	0	0
4	718	0	0
4	719	623	624
4	720	483	484
4	721	0	0
4	722	857	858
4	723	586	587
4	724	0	0
4	725	0	0
4	726	830	831
4	727	0	0
4	728	724	725
4	729	473	474
4	730	586	587
4	731	613	732
4	732	0	0
4	733	678	679
4	734	929	930
4	735	0	0
4	736	325	326
4	737	0	0
4	738	0	0
4	739	0	0
4	740	838	839
4	741	827	828
4	742	0	0
4	743	734	735
4	744	0	0
4	745	796	797
4	746	604	605
4	747	820	821
4	748	835	836
4	749	721	722
4	750	513	514
4	751	0	0
4	752	0	0
4	753	808	809
4	754	0	0
4	755	0	0
4	756	0	0
4	757	337	338
4	758	493	494
4	759	0	0
4	760	0	0
4	761	0	0
4	762	0	0
4	763	608	609
4	764	586	587
4	765	634	635
4	766	547	548
4	767	698	699
4	768	0	0
4	769	0	0
4	770	542	543
4	771	0	0
4	772	0	0
4	773	518	519
4	774	91	92
4	775	0	0
4	776	0	0
4	777	865	866
4	778	0	0
4	779	853	854
4	780	816	817
4	781	604	605
4	782	469	470
4	783	582	583
4	784	604	605
4	785	547	548
4	786	0	0
4	787	890	891
4	788	734	735
4	789	653	654
4	790	709	710
4	791	316	614
4	792	678	679
4	793	0	0
4	794	0	0
4	795	665	666
4	796	0	0
4	797	0	0
4	798	737	738
4	799	0	0
4	800	0	0
4	801	570	571
4	802	775	776
4	803	673	674
4	804	709	710
4	805	483	484
4	806	608	609
4	807	385	386
4	808	973	974
4	809	0	0
4	810	631	632
4	811	726	727
4	812	507	508
4	813	0	0
4	814	922	923
4	815	452	453
4	816	996	997
4	817	888	889
4	818	0	0
4	819	897	898
4	820	0	0
4	821	0	0
4	822	413	414
4	823	0	0
4	824	0	0
4	825	316	614
4	826	713	714
4	827	895	896
4	828	0	0
4	829	310	311
4	830	0	0
4	831	0	0
4	832	407	408
4	833	320	321
4	834	513	514
4	835	0	0
4	836	0	0
4	837	786	787
4	838	906	907
4	839	0	0
4	840	591	592
4	841	703	704
4	842	793	794
4	843	540	541
4	844	489	490
4	845	496	497
4	846	975	976
4	847	0	0
4	848	239	240
4	849	0	0
4	850	0	0
4	851	0	0
4	852	0	0
4	853	0	0
4	854	0	0
4	855	0	0
4	856	901	902
4	857	0	0
4	858	0	0
4	859	851	852
4	860	741	742
4	861	318	319
4	862	673	674
4	863	547	548
4	864	473	474
4	865	0	0
4	866	869	870
4	867	0	0
4	868	0	0
4	869	0	0
4	870	939	940
4	871	751	752
4	872	726	727
4	873	816	817
4	874	0	0
4	875	0	0
4	876	830	831
4	877	591	592
4	878	337	338
4	879	0	0
4	880	0	0
4	881	646	647
4	882	731	883
4	883	0	0
4	884	0	0
4	885	0	0
4	886	656	657
4	887	391	392
4	888	0	0
4	889	0	0
4	890	0	0
4	891	0	0
4	892	487	488
4	893	297	298
4	894	656	657
4	895	0	0
4	896	904	905
4	897	952	953
4	898	945	946
4	899	0	0
4	900	0	0
4	901	909	910
4	902	989	990
4	903	683	684
4	904	0	0
4	905	0	0
4	906	0	0
4	907	0	0
4	908	768	769
4	909	0	0
4	910	0	0
4	911	874	875
4	912	761	762
4	913	0	0
4	914	0	0
4	915	0	0
4	916	0	0
4	917	0	0
4	918	0	0
4	919	761	762
4	920	768	769
4	921	775	776
4	922	0	0
4	923	0	0
4	924	651	652
4	925	751	752
4	926	830	831
4	927	906	907
4	928	707	708
4	929	0	0
4	930	0	0
4	931	705	706
4	932	518	519
4	933	698	699
4	934	0	0
4	935	0	0
4	936	0	0
4	937	0	0
4	938	906	907
4	939	0	0
4	940	0	0
4	941	0	0
4	942	0	0
4	943	779	780
4	944	540	541
4	945	0	0
4	946	0	0
4	947	651	652
4	948	793	794
4	949	0	0
4	950	971	972
4	951	741	742
4	952	0	0
4	953	0	0
4	954	0	0
4	955	0	0
4	956	879	880
4	957	537	538
4	958	904	905
4	959	777	778
4	960	661	662
4	961	570	571
4	962	823	824
4	963	611	612
4	964	904	905
4	965	518	519
4	966	759	760
4	967	683	684
4	968	737	738
4	969	724	725
4	970	631	632
4	971	0	0
4	972	0	0
4	973	0	0
4	974	980	981
4	975	0	0
4	976	0	0
4	977	0	0
4	978	0	0
4	979	606	607
4	980	0	0
4	981	0	0
4	982	308	309
4	983	634	635
4	984	849	850
4	985	606	607
4	986	420	421
4	987	909	910
4	988	899	900
4	989	0	0
4	990	0	0
4	991	0	0
4	992	993	994
4	993	0	0
4	994	0	0
4	995	851	852
4	996	0	0
4	997	0	0
4	998	747	748
4	999	0	0
4	1000	0	0
