23	1	0	0
23	2	1	3
23	3	0	0
23	4	2	5
23	5	6	7
23	6	0	0
23	7	0	0
23	8	2	5
23	9	6	7
23	10	2	5
23	11	2	5
23	12	6	7
23	13	1	3
23	14	1	3
23	15	1	3
23	16	4	17
23	17	25	26
23	18	16	19
23	19	39	40
23	20	16	19
23	21	16	19
23	22	6	7
23	23	16	19
23	24	4	17
23	25	30	31
23	26	27	28
23	27	0	0
23	28	0	0
23	29	4	17
23	30	0	0
23	31	0	0
23	32	30	31
23	33	30	31
23	34	4	17
23	35	25	26
23	36	30	31
23	37	18	38
23	38	53	54
23	39	0	0
23	40	86	87
23	41	25	26
23	42	37	43
23	43	63	64
23	44	39	40
23	45	42	46
23	46	0	0
23	47	18	38
23	48	25	26
23	49	37	43
23	50	27	28
23	51	45	52
23	52	0	0
23	53	58	59
23	54	0	0
23	55	51	56
23	56	78	79
23	57	51	56
23	58	94	95
23	59	75	76
23	60	53	54
23	61	45	52
23	62	37	43
23	63	0	0
23	64	66	67
23	65	58	59
23	66	0	0
23	67	89	90
23	68	51	56
23	69	37	43
23	70	42	46
23	71	66	67
23	72	39	40
23	73	39	40
23	74	27	28
23	75	0	0
23	76	0	0
23	77	18	38
23	78	83	84
23	79	0	0
23	80	58	59
23	81	75	76
23	82	18	38
23	83	91	92
23	84	0	0
23	85	51	56
23	86	0	0
23	87	0	0
23	88	63	64
23	89	0	0
23	90	0	0
23	91	0	0
23	92	0	0
23	93	91	92
23	94	0	0
23	95	0	0
23	96	27	28
23	97	75	76
23	98	83	84
23	99	53	54
23	100	0	0
