27	1	0	0
27	2	1	3
27	3	0	0
27	4	2	5
27	5	7	8
27	6	2	5
27	7	0	0
27	8	0	0
27	9	7	8
27	10	4	11
27	11	17	18
27	12	7	8
27	13	4	11
27	14	7	8
27	15	2	5
27	16	4	11
27	17	21	22
27	18	23	24
27	19	1	3
27	20	4	11
27	21	0	0
27	22	0	0
27	23	0	0
27	24	0	0
27	25	21	22
27	26	1	3
27	27	23	24
27	28	10	29
27	29	38	39
27	30	17	18
27	31	21	22
27	32	1	3
27	33	17	18
27	34	21	22
27	35	28	36
27	36	43	44
27	37	2	5
27	38	0	0
27	39	45	46
27	40	28	36
27	41	17	18
27	42	10	29
27	43	0	0
27	44	0	0
27	45	0	0
27	46	0	0
27	47	38	39
27	48	23	24
27	49	45	46
27	50	38	39
