20	1	0	0
20	2	1	3
20	3	0	0
20	4	2	5
20	5	0	0
20	6	4	7
20	7	10	11
20	8	1	3
20	9	1	3
20	10	28	29
20	11	17	18
20	12	10	11
20	13	10	11
20	14	2	5
20	15	10	11
20	16	1	3
20	17	0	0
20	18	0	0
20	19	6	20
20	20	21	22
20	21	0	0
20	22	31	32
20	23	2	5
20	24	2	5
20	25	17	18
20	26	21	22
20	27	4	7
20	28	0	0
20	29	0	0
20	30	6	20
20	31	38	39
20	32	0	0
20	33	17	18
20	34	4	7
20	35	19	36
20	36	45	46
20	37	21	22
20	38	0	0
20	39	0	0
20	40	17	18
20	41	19	36
20	42	19	36
20	43	38	39
20	44	19	36
20	45	0	0
20	46	0	0
20	47	4	7
20	48	35	49
20	49	0	0
20	50	0	0
