47	1	0	0
47	2	1	3
47	3	0	0
47	4	1	3
47	5	1	3
47	6	1	3
47	7	2	8
47	8	10	11
47	9	2	8
47	10	0	0
47	11	0	0
47	12	2	8
47	13	2	8
47	14	10	11
47	15	10	11
47	16	10	11
47	17	7	18
47	18	19	20
47	19	21	22
47	20	28	29
47	21	0	0
47	22	0	0
47	23	7	18
47	24	7	18
47	25	21	22
47	26	21	22
47	27	7	18
47	28	0	0
47	29	0	0
47	30	28	29
47	31	17	32
47	32	33	34
47	33	35	36
47	34	52	53
47	35	47	48
47	36	38	39
47	37	33	34
47	38	0	0
47	39	0	0
47	40	38	39
47	41	38	39
47	42	21	22
47	43	35	36
47	44	38	39
47	45	35	36
47	46	33	34
47	47	0	0
47	48	0	0
47	49	19	20
47	50	47	48
47	51	17	32
47	52	0	0
47	53	89	90
47	54	47	48
47	55	33	34
47	56	52	53
47	57	47	48
47	58	31	59
47	59	70	71
47	60	17	32
47	61	31	59
47	62	19	20
47	63	35	36
47	64	52	53
47	65	52	53
47	66	17	32
47	67	28	29
47	68	19	20
47	69	28	29
47	70	73	74
47	71	0	0
47	72	31	59
47	73	75	76
47	74	78	79
47	75	85	86
47	76	0	0
47	77	31	59
47	78	92	93
47	79	95	96
47	80	78	79
47	81	70	71
47	82	70	71
47	83	70	71
47	84	75	76
47	85	0	0
47	86	0	0
47	87	75	76
47	88	78	79
47	89	0	0
47	90	0	0
47	91	78	79
47	92	0	0
47	93	0	0
47	94	75	76
47	95	0	0
47	96	0	0
47	97	89	90
47	98	95	96
47	99	92	93
47	100	85	86
