14	1	0	0
14	2	1	3
14	3	0	0
14	4	1	3
14	5	1	3
14	6	1	3
14	7	2	8
14	8	46	47
14	9	7	10
14	10	17	18
14	11	2	8
14	12	2	8
14	13	2	8
14	14	9	15
14	15	24	25
14	16	7	10
14	17	113	114
14	18	22	23
14	19	9	15
14	20	17	18
14	21	7	10
14	22	0	0
14	23	0	0
14	24	32	33
14	25	50	51
14	26	9	15
14	27	24	25
14	28	9	15
14	29	7	10
14	30	14	31
14	31	53	54
14	32	41	42
14	33	39	40
14	34	22	23
14	35	14	31
14	36	17	18
14	37	32	33
14	38	17	18
14	39	0	0
14	40	0	0
14	41	0	0
14	42	0	0
14	43	32	33
14	44	32	33
14	45	41	42
14	46	0	0
14	47	0	0
14	48	22	23
14	49	14	31
14	50	71	72
14	51	77	78
14	52	14	31
14	53	55	56
14	54	105	106
14	55	61	62
14	56	91	92
14	57	24	25
14	58	22	23
14	59	50	51
14	60	50	51
14	61	67	68
14	62	75	76
14	63	46	47
14	64	24	25
14	65	41	42
14	66	39	40
14	67	0	0
14	68	0	0
14	69	67	68
14	70	55	56
14	71	0	0
14	72	0	0
14	73	67	68
14	74	55	56
14	75	0	0
14	76	0	0
14	77	0	0
14	78	0	0
14	79	46	47
14	80	67	68
14	81	55	56
14	82	61	62
14	83	75	76
14	84	39	40
14	85	75	76
14	86	50	51
14	87	61	62
14	88	77	78
14	89	77	78
14	90	46	47
14	91	119	120
14	92	111	112
14	93	61	62
14	94	77	78
14	95	39	40
14	96	53	54
14	97	71	72
14	98	71	72
14	99	75	76
14	100	53	54
14	101	91	92
14	102	71	72
14	103	53	54
14	104	91	92
14	105	117	118
14	106	139	140
14	107	105	106
14	108	41	42
14	109	105	106
14	110	91	92
14	111	0	0
14	112	0	0
14	113	0	0
14	114	0	0
14	115	105	106
14	116	113	114
14	117	124	125
14	118	126	127
14	119	0	0
14	120	0	0
14	121	111	112
14	122	111	112
14	123	113	114
14	124	0	0
14	125	0	0
14	126	0	0
14	127	0	0
14	128	117	118
14	129	126	127
14	130	119	120
14	131	126	127
14	132	126	127
14	133	113	114
14	134	117	118
14	135	119	120
14	136	124	125
14	137	111	112
14	138	119	120
14	139	145	146
14	140	149	150
14	141	139	140
14	142	117	118
14	143	139	140
14	144	139	140
14	145	0	0
14	146	0	0
14	147	145	146
14	148	145	146
14	149	0	0
14	150	0	0
14	151	30	152
14	152	159	160
14	153	149	150
14	154	124	125
14	155	145	146
14	156	151	157
14	157	179	180
14	158	151	157
14	159	172	173
14	160	176	177
14	161	149	150
14	162	159	160
14	163	30	152
14	164	159	160
14	165	30	152
14	166	151	157
14	167	159	160
14	168	124	125
14	169	151	157
14	170	156	171
14	171	199	200
14	172	183	184
14	173	0	0
14	174	156	171
14	175	156	171
14	176	266	267
14	177	217	218
14	178	149	150
14	179	189	190
14	180	191	192
14	181	176	177
14	182	176	177
14	183	209	210
14	184	195	196
14	185	156	171
14	186	176	177
14	187	179	180
14	188	179	180
14	189	202	203
14	190	0	0
14	191	269	270
14	192	207	208
14	193	191	192
14	194	172	173
14	195	281	282
14	196	248	249
14	197	191	192
14	198	172	173
14	199	223	224
14	200	0	0
14	201	195	196
14	202	285	286
14	203	290	291
14	204	202	203
14	205	179	180
14	206	199	200
14	207	230	231
14	208	213	214
14	209	215	216
14	210	0	0
14	211	195	196
14	212	183	184
14	213	220	221
14	214	0	0
14	215	0	0
14	216	0	0
14	217	238	239
14	218	244	245
14	219	215	216
14	220	233	234
14	221	246	247
14	222	217	218
14	223	264	265
14	224	0	0
14	225	183	184
14	226	213	214
14	227	199	200
14	228	199	200
14	229	223	224
14	230	0	0
14	231	235	236
14	232	207	208
14	233	0	0
14	234	0	0
14	235	0	0
14	236	0	0
14	237	223	224
14	238	299	300
14	239	251	252
14	240	230	231
14	241	172	173
14	242	189	190
14	243	223	224
14	244	0	0
14	245	283	284
14	246	0	0
14	247	0	0
14	248	0	0
14	249	0	0
14	250	207	208
14	251	0	0
14	252	0	0
14	253	183	184
14	254	248	249
14	255	235	236
14	256	238	239
14	257	215	216
14	258	235	236
14	259	233	234
14	260	246	247
14	261	233	234
14	262	220	221
14	263	213	214
14	264	0	0
14	265	0	0
14	266	0	0
14	267	0	0
14	268	207	208
14	269	0	0
14	270	0	0
14	271	213	214
14	272	251	252
14	273	202	203
14	274	264	265
14	275	195	196
14	276	170	277
14	277	0	0
14	278	246	247
14	279	276	280
14	280	0	0
14	281	0	0
14	282	0	0
14	283	0	0
14	284	0	0
14	285	0	0
14	286	287	288
14	287	0	0
14	288	0	0
14	289	209	210
14	290	0	0
14	291	292	293
14	292	0	0
14	293	0	0
14	294	246	247
14	295	238	239
14	296	281	282
14	297	281	282
14	298	215	216
14	299	0	0
14	300	0	0
