43	1	0	0
43	2	1	3
43	3	0	0
43	4	1	3
43	5	2	6
43	6	9	10
43	7	1	3
43	8	1	3
43	9	0	0
43	10	0	0
43	11	2	6
43	12	5	13
43	13	50	51
43	14	2	6
43	15	5	13
43	16	5	13
43	17	9	10
43	18	5	13
43	19	2	6
43	20	12	21
43	21	22	23
43	22	37	38
43	23	40	41
43	24	22	23
43	25	20	26
43	26	69	70
43	27	9	10
43	28	25	29
43	29	35	36
43	30	12	21
43	31	9	10
43	32	22	23
43	33	25	29
43	34	22	23
43	35	71	72
43	36	80	81
43	37	44	45
43	38	52	53
43	39	37	38
43	40	77	78
43	41	102	103
43	42	20	26
43	43	20	26
43	44	0	0
43	45	0	0
43	46	25	29
43	47	20	26
43	48	44	45
43	49	25	29
43	50	65	66
43	51	57	58
43	52	0	0
43	53	0	0
43	54	40	41
43	55	50	51
43	56	44	45
43	57	0	0
43	58	0	0
43	59	12	21
43	60	52	53
43	61	37	38
43	62	52	53
43	63	57	58
43	64	52	53
43	65	0	0
43	66	0	0
43	67	44	45
43	68	65	66
43	69	73	74
43	70	87	88
43	71	84	85
43	72	161	162
43	73	94	95
43	74	206	207
43	75	40	41
43	76	71	72
43	77	0	0
43	78	0	0
43	79	69	70
43	80	99	100
43	81	150	151
43	82	35	36
43	83	57	58
43	84	111	112
43	85	245	246
43	86	12	21
43	87	89	90
43	88	155	156
43	89	180	181
43	90	170	171
43	91	80	81
43	92	73	74
43	93	71	72
43	94	119	120
43	95	191	192
43	96	80	81
43	97	50	51
43	98	57	58
43	99	117	118
43	100	106	107
43	101	73	74
43	102	0	0
43	103	0	0
43	104	28	105
43	105	214	215
43	106	133	134
43	107	125	126
43	108	71	72
43	109	73	74
43	110	94	95
43	111	158	159
43	112	137	138
43	113	94	95
43	114	37	38
43	115	102	103
43	116	106	107
43	117	254	255
43	118	236	237
43	119	0	0
43	120	0	0
43	121	119	120
43	122	80	81
43	123	99	100
43	124	69	70
43	125	0	0
43	126	0	0
43	127	50	51
43	128	77	78
43	129	84	85
43	130	69	70
43	131	40	41
43	132	89	90
43	133	0	0
43	134	0	0
43	135	94	95
43	136	125	126
43	137	0	0
43	138	0	0
43	139	106	107
43	140	104	141
43	141	146	147
43	142	104	141
43	143	35	36
43	144	140	145
43	145	174	175
43	146	187	188
43	147	194	195
43	148	119	120
43	149	119	120
43	150	251	252
43	151	152	153
43	152	0	0
43	153	208	209
43	154	125	126
43	155	223	224
43	156	172	173
43	157	146	147
43	158	0	0
43	159	0	0
43	160	77	78
43	161	0	0
43	162	291	292
43	163	89	90
43	164	28	105
43	165	158	159
43	166	89	90
43	167	104	141
43	168	104	141
43	169	87	88
43	170	0	0
43	171	0	0
43	172	0	0
43	173	0	0
43	174	239	240
43	175	0	0
43	176	170	171
43	177	35	36
43	178	146	147
43	179	155	156
43	180	0	0
43	181	0	0
43	182	102	103
43	183	161	162
43	184	117	118
43	185	146	147
43	186	84	85
43	187	219	220
43	188	243	244
43	189	174	175
43	190	125	126
43	191	0	0
43	192	0	0
43	193	65	66
43	194	0	0
43	195	0	0
43	196	65	66
43	197	84	85
43	198	172	173
43	199	28	105
43	200	161	162
43	201	133	134
43	202	77	78
43	203	170	171
43	204	180	181
43	205	152	153
43	206	0	0
43	207	230	231
43	208	0	0
43	209	0	0
43	210	187	188
43	211	117	118
43	212	158	159
43	213	191	192
43	214	280	281
43	215	217	218
43	216	194	195
43	217	0	0
43	218	0	0
43	219	258	259
43	220	0	0
43	221	155	156
43	222	117	118
43	223	0	0
43	224	0	0
43	225	174	175
43	226	208	209
43	227	158	159
43	228	214	215
43	229	152	153
43	230	0	0
43	231	0	0
43	232	208	209
43	233	155	156
43	234	99	100
43	235	172	173
43	236	0	0
43	237	0	0
43	238	208	209
43	239	265	266
43	240	0	0
43	241	206	207
43	242	137	138
43	243	0	0
43	244	0	0
43	245	0	0
43	246	0	0
43	247	87	88
43	248	161	162
43	249	194	195
43	250	206	207
43	251	0	0
43	252	0	0
43	253	251	252
43	254	0	0
43	255	0	0
43	256	194	195
43	257	191	192
43	258	263	264
43	259	0	0
43	260	217	218
43	261	243	244
43	262	111	112
43	263	284	285
43	264	289	290
43	265	0	0
43	266	0	0
43	267	191	192
43	268	230	231
43	269	223	224
43	270	265	266
43	271	111	112
43	272	150	151
43	273	214	215
43	274	251	252
43	275	150	151
43	276	150	151
43	277	223	224
43	278	243	244
43	279	99	100
43	280	0	0
43	281	0	0
43	282	180	181
43	283	87	88
43	284	296	297
43	285	0	0
43	286	214	215
43	287	219	220
43	288	251	252
43	289	0	0
43	290	0	0
43	291	0	0
43	292	0	0
43	293	102	103
43	294	152	153
43	295	137	138
43	296	0	0
43	297	0	0
43	298	291	292
43	299	217	218
43	300	133	134
