13	1	0	0
13	2	1	3
13	3	0	0
13	4	1	3
13	5	2	6
13	6	16	17
13	7	2	6
13	8	1	3
13	9	1	3
13	10	5	11
13	11	23	24
13	12	10	13
13	13	25	26
13	14	2	6
13	15	2	6
13	16	0	0
13	17	0	0
13	18	10	13
13	19	10	13
13	20	10	13
13	21	12	22
13	22	49	50
13	23	40	41
13	24	126	127
13	25	46	47
13	26	31	32
13	27	21	28
13	28	36	37
13	29	25	26
13	30	23	24
13	31	157	158
13	32	34	35
13	33	23	24
13	34	0	0
13	35	0	0
13	36	38	39
13	37	55	56
13	38	0	0
13	39	105	106
13	40	0	0
13	41	0	0
13	42	16	17
13	43	34	35
13	44	38	39
13	45	34	35
13	46	53	54
13	47	89	90
13	48	21	28
13	49	135	136
13	50	59	60
13	51	31	32
13	52	34	35
13	53	0	0
13	54	0	0
13	55	110	111
13	56	65	66
13	57	53	54
13	58	21	28
13	59	0	0
13	60	173	174
13	61	53	54
13	62	31	32
13	63	27	64
13	64	113	114
13	65	77	78
13	66	102	103
13	67	25	26
13	68	16	17
13	69	46	47
13	70	53	54
13	71	63	72
13	72	123	124
13	73	71	74
13	74	128	129
13	75	5	11
13	76	27	64
13	77	94	95
13	78	0	0
13	79	36	37
13	80	5	11
13	81	23	24
13	82	38	39
13	83	16	17
13	84	21	28
13	85	5	11
13	86	12	22
13	87	65	66
13	88	49	50
13	89	0	0
13	90	0	0
13	91	77	78
13	92	49	50
13	93	27	64
13	94	0	0
13	95	0	0
13	96	65	66
13	97	38	39
13	98	73	99
13	99	0	0
13	100	65	66
13	101	89	90
13	102	162	163
13	103	0	0
13	104	71	74
13	105	188	189
13	106	108	109
13	107	105	106
13	108	0	0
13	109	178	179
13	110	159	160
13	111	139	140
13	112	71	74
13	113	170	171
13	114	133	134
13	115	59	60
13	116	46	47
13	117	40	41
13	118	110	111
13	119	36	37
13	120	36	37
13	121	77	78
13	122	108	109
13	123	155	156
13	124	168	169
13	125	49	50
13	126	0	0
13	127	0	0
13	128	0	0
13	129	151	152
13	130	55	56
13	131	110	111
13	132	73	99
13	133	0	0
13	134	0	0
13	135	0	0
13	136	149	150
13	137	128	129
13	138	94	95
13	139	191	192
13	140	147	148
13	141	71	74
13	142	63	72
13	143	139	140
13	144	102	103
13	145	25	26
13	146	77	78
13	147	0	0
13	148	0	0
13	149	0	0
13	150	0	0
13	151	0	0
13	152	0	0
13	153	110	111
13	154	73	99
13	155	0	0
13	156	182	183
13	157	0	0
13	158	0	0
13	159	0	0
13	160	199	200
13	161	55	56
13	162	0	0
13	163	0	0
13	164	59	60
13	165	157	158
13	166	98	167
13	167	0	0
13	168	196	197
13	169	0	0
13	170	175	176
13	171	0	0
13	172	157	158
13	173	0	0
13	174	0	0
13	175	0	0
13	176	0	0
13	177	12	22
13	178	0	0
13	179	0	0
13	180	157	158
13	181	128	129
13	182	0	0
13	183	0	0
13	184	155	156
13	185	102	103
13	186	182	183
13	187	89	90
13	188	0	0
13	189	0	0
13	190	123	124
13	191	0	0
13	192	0	0
13	193	55	56
13	194	31	32
13	195	178	179
13	196	0	0
13	197	0	0
13	198	40	41
13	199	0	0
13	200	0	0
