2	1	0	0
2	2	1	3
2	3	0	0
2	4	1	3
2	5	1	3
2	6	1	3
2	7	2	8
2	8	12	13
2	9	2	8
2	10	7	11
2	11	26	27
2	12	0	0
2	13	0	0
2	14	7	11
2	15	12	13
2	16	12	13
2	17	7	11
2	18	7	11
2	19	12	13
2	20	10	21
2	21	31	32
2	22	20	23
2	23	33	34
2	24	20	23
2	25	2	8
2	26	68	69
2	27	39	40
2	28	10	21
2	29	20	23
2	30	20	23
2	31	35	36
2	32	112	113
2	33	46	47
2	34	51	52
2	35	53	54
2	36	206	207
2	37	35	36
2	38	33	34
2	39	0	0
2	40	0	0
2	41	22	42
2	42	163	164
2	43	35	36
2	44	2	8
2	45	26	27
2	46	48	49
2	47	78	79
2	48	59	60
2	49	64	65
2	50	35	36
2	51	97	98
2	52	70	71
2	53	0	0
2	54	0	0
2	55	31	32
2	56	22	42
2	57	26	27
2	58	46	47
2	59	0	0
2	60	0	0
2	61	48	49
2	62	39	40
2	63	26	27
2	64	0	0
2	65	0	0
2	66	22	42
2	67	51	52
2	68	0	0
2	69	0	0
2	70	87	88
2	71	80	81
2	72	59	60
2	73	59	60
2	74	33	34
2	75	51	52
2	76	46	47
2	77	31	32
2	78	278	279
2	79	137	138
2	80	0	0
2	81	0	0
2	82	53	54
2	83	39	40
2	84	41	85
2	85	227	228
2	86	64	65
2	87	0	0
2	88	0	0
2	89	39	40
2	90	10	21
2	91	70	71
2	92	31	32
2	93	41	85
2	94	84	95
2	95	139	140
2	96	10	21
2	97	109	110
2	98	123	124
2	99	70	71
2	100	41	85
2	101	41	85
2	102	33	34
2	103	87	88
2	104	94	105
2	105	283	284
2	106	22	42
2	107	64	65
2	108	78	79
2	109	0	0
2	110	0	0
2	111	59	60
2	112	157	158
2	113	119	120
2	114	97	98
2	115	94	105
2	116	48	49
2	117	94	105
2	118	109	110
2	119	0	0
2	120	0	0
2	121	94	105
2	122	78	79
2	123	0	0
2	124	0	0
2	125	112	113
2	126	48	49
2	127	64	65
2	128	68	69
2	129	84	95
2	130	104	131
2	131	201	202
2	132	97	98
2	133	51	52
2	134	53	54
2	135	104	131
2	136	53	54
2	137	0	0
2	138	0	0
2	139	168	169
2	140	152	153
2	141	87	88
2	142	112	113
2	143	109	110
2	144	104	131
2	145	104	131
2	146	130	147
2	147	289	290
2	148	139	140
2	149	78	79
2	150	123	124
2	151	123	124
2	152	173	174
2	153	161	162
2	154	137	138
2	155	112	113
2	156	70	71
2	157	0	0
2	158	0	0
2	159	68	69
2	160	157	158
2	161	255	256
2	162	175	176
2	163	322	323
2	164	171	172
2	165	97	98
2	166	84	95
2	167	84	95
2	168	217	218
2	169	180	181
2	170	157	158
2	171	183	184
2	172	0	0
2	173	187	188
2	174	197	198
2	175	189	190
2	176	0	0
2	177	171	172
2	178	123	124
2	179	109	110
2	180	219	220
2	181	213	214
2	182	139	140
2	183	241	242
2	184	301	302
2	185	139	140
2	186	173	174
2	187	203	204
2	188	229	230
2	189	0	0
2	190	297	298
2	191	187	188
2	192	137	138
2	193	161	162
2	194	168	169
2	195	68	69
2	196	161	162
2	197	237	238
2	198	0	0
2	199	161	162
2	200	46	47
2	201	224	225
2	202	314	315
2	203	231	232
2	204	273	274
2	205	203	204
2	206	0	0
2	207	0	0
2	208	80	81
2	209	197	198
2	210	201	202
2	211	201	202
2	212	206	207
2	213	0	0
2	214	0	0
2	215	187	188
2	216	119	120
2	217	239	240
2	218	0	0
2	219	308	309
2	220	285	286
2	221	217	218
2	222	213	214
2	223	213	214
2	224	233	234
2	225	0	0
2	226	137	138
2	227	0	0
2	228	417	418
2	229	271	272
2	230	306	307
2	231	250	251
2	232	0	0
2	233	246	247
2	234	368	369
2	235	168	169
2	236	168	169
2	237	266	267
2	238	488	489
2	239	468	469
2	240	0	0
2	241	0	0
2	242	0	0
2	243	224	225
2	244	203	204
2	245	219	220
2	246	287	288
2	247	0	0
2	248	171	172
2	249	157	158
2	250	0	0
2	251	0	0
2	252	206	207
2	253	213	214
2	254	187	188
2	255	0	0
2	256	264	265
2	257	119	120
2	258	219	220
2	259	224	225
2	260	217	218
2	261	146	262
2	262	386	387
2	263	201	202
2	264	0	0
2	265	338	339
2	266	361	362
2	267	0	0
2	268	206	207
2	269	163	164
2	270	224	225
2	271	336	337
2	272	371	372
2	273	294	295
2	274	477	478
2	275	266	267
2	276	219	220
2	277	266	267
2	278	0	0
2	279	0	0
2	280	130	147
2	281	271	272
2	282	278	279
2	283	382	383
2	284	310	311
2	285	491	492
2	286	0	0
2	287	292	293
2	288	0	0
2	289	299	300
2	290	312	313
2	291	189	190
2	292	0	0
2	293	415	416
2	294	0	0
2	295	0	0
2	296	246	247
2	297	377	378
2	298	329	330
2	299	473	474
2	300	359	360
2	301	395	396
2	302	0	0
2	303	180	181
2	304	237	238
2	305	299	300
2	306	320	321
2	307	446	447
2	308	333	334
2	309	354	355
2	310	0	0
2	311	0	0
2	312	0	0
2	313	388	389
2	314	454	455
2	315	326	327
2	316	171	172
2	317	197	198
2	318	130	147
2	319	130	147
2	320	0	0
2	321	0	0
2	322	0	0
2	323	0	0
2	324	264	265
2	325	278	279
2	326	426	427
2	327	0	0
2	328	273	274
2	329	0	0
2	330	0	0
2	331	180	181
2	332	146	262
2	333	0	0
2	334	374	375
2	335	217	218
2	336	0	0
2	337	0	0
2	338	475	476
2	339	384	385
2	340	175	176
2	341	271	272
2	342	241	242
2	343	197	198
2	344	180	181
2	345	294	295
2	346	264	265
2	347	320	321
2	348	306	307
2	349	152	153
2	350	119	120
2	351	246	247
2	352	233	234
2	353	163	164
2	354	390	391
2	355	407	408
2	356	266	267
2	357	306	307
2	358	237	238
2	359	0	0
2	360	0	0
2	361	0	0
2	362	0	0
2	363	183	184
2	364	231	232
2	365	322	323
2	366	146	262
2	367	354	355
2	368	410	411
2	369	465	466
2	370	227	228
2	371	0	0
2	372	0	0
2	373	289	290
2	374	0	0
2	375	0	0
2	376	233	234
2	377	0	0
2	378	0	0
2	379	227	228
2	380	146	262
2	381	87	88
2	382	399	400
2	383	0	0
2	384	0	0
2	385	0	0
2	386	498	499
2	387	0	0
2	388	0	0
2	389	0	0
2	390	0	0
2	391	0	0
2	392	237	238
2	393	227	228
2	394	359	360
2	395	0	0
2	396	0	0
2	397	333	334
2	398	233	234
2	399	0	0
2	400	0	0
2	401	239	240
2	402	314	315
2	403	314	315
2	404	390	391
2	405	384	385
2	406	322	323
2	407	0	0
2	408	0	0
2	409	399	400
2	410	420	421
2	411	0	0
2	412	246	247
2	413	264	265
2	414	183	184
2	415	0	0
2	416	0	0
2	417	441	442
2	418	0	0
2	419	285	286
2	420	0	0
2	421	0	0
2	422	250	251
2	423	301	302
2	424	338	339
2	425	273	274
2	426	0	0
2	427	0	0
2	428	239	240
2	429	326	327
2	430	407	408
2	431	299	300
2	432	231	232
2	433	203	204
2	434	308	309
2	435	374	375
2	436	299	300
2	437	163	164
2	438	261	439
2	439	0	0
2	440	426	427
2	441	0	0
2	442	0	0
2	443	322	323
2	444	410	411
2	445	289	290
2	446	0	0
2	447	0	0
2	448	333	334
2	449	326	327
2	450	420	421
2	451	301	302
2	452	229	230
2	453	261	439
2	454	0	0
2	455	0	0
2	456	278	279
2	457	390	391
2	458	287	288
2	459	241	242
2	460	390	391
2	461	338	339
2	462	292	293
2	463	399	400
2	464	382	383
2	465	0	0
2	466	0	0
2	467	410	411
2	468	484	485
2	469	0	0
2	470	312	313
2	471	410	411
2	472	454	455
2	473	0	0
2	474	0	0
2	475	0	0
2	476	0	0
2	477	0	0
2	478	0	0
2	479	292	293
2	480	320	321
2	481	152	153
2	482	333	334
2	483	183	184
2	484	0	0
2	485	0	0
2	486	231	232
2	487	361	362
2	488	0	0
2	489	0	0
2	490	395	396
2	491	0	0
2	492	0	0
2	493	250	251
2	494	229	230
2	495	468	469
2	496	336	337
2	497	271	272
2	498	0	0
2	499	0	0
2	500	0	0
