36	1	0	0
36	2	1	3
36	3	0	0
36	4	1	3
36	5	2	6
36	6	79	80
36	7	1	3
36	8	5	9
36	9	39	40
36	10	5	9
36	11	5	9
36	12	5	9
36	13	1	3
36	14	2	6
36	15	8	16
36	16	17	18
36	17	62	63
36	18	32	33
36	19	15	20
36	20	107	108
36	21	8	16
36	22	17	18
36	23	2	6
36	24	19	25
36	25	117	118
36	26	24	27
36	27	36	37
36	28	8	16
36	29	17	18
36	30	24	27
36	31	17	18
36	32	34	35
36	33	60	61
36	34	0	0
36	35	0	0
36	36	65	66
36	37	56	57
36	38	24	27
36	39	45	46
36	40	0	0
36	41	15	20
36	42	34	35
36	43	19	25
36	44	2	6
36	45	0	0
36	46	0	0
36	47	15	20
36	48	24	27
36	49	32	33
36	50	39	40
36	51	8	16
36	52	32	33
36	53	45	46
36	54	36	37
36	55	39	40
36	56	72	73
36	57	69	70
36	58	19	25
36	59	36	37
36	60	0	0
36	61	0	0
36	62	137	138
36	63	126	127
36	64	39	40
36	65	85	86
36	66	269	270
36	67	62	63
36	68	45	46
36	69	76	77
36	70	113	114
36	71	65	66
36	72	141	142
36	73	99	100
36	74	56	57
36	75	45	46
36	76	88	89
36	77	214	215
36	78	15	20
36	79	0	0
36	80	0	0
36	81	32	33
36	82	56	57
36	83	19	25
36	84	56	57
36	85	133	134
36	86	148	149
36	87	60	61
36	88	95	96
36	89	0	0
36	90	36	37
36	91	34	35
36	92	76	77
36	93	88	89
36	94	60	61
36	95	0	0
36	96	0	0
36	97	60	61
36	98	95	96
36	99	173	174
36	100	143	144
36	101	99	100
36	102	79	80
36	103	65	66
36	104	79	80
36	105	62	63
36	106	62	63
36	107	0	0
36	108	111	112
36	109	65	66
36	110	76	77
36	111	139	140
36	112	135	136
36	113	157	158
36	114	128	129
36	115	111	112
36	116	107	108
36	117	190	191
36	118	161	162
36	119	111	112
36	120	99	100
36	121	26	122
36	122	0	0
36	123	107	108
36	124	34	35
36	125	99	100
36	126	0	0
36	127	0	0
36	128	201	202
36	129	163	164
36	130	126	127
36	131	126	127
36	132	128	129
36	133	0	0
36	134	205	206
36	135	150	151
36	136	171	172
36	137	0	0
36	138	0	0
36	139	208	209
36	140	146	147
36	141	169	170
36	142	255	256
36	143	159	160
36	144	154	155
36	145	88	89
36	146	0	0
36	147	0	0
36	148	283	284
36	149	0	0
36	150	0	0
36	151	0	0
36	152	79	80
36	153	137	138
36	154	0	0
36	155	0	0
36	156	111	112
36	157	220	221
36	158	264	265
36	159	0	0
36	160	0	0
36	161	245	246
36	162	0	0
36	163	0	0
36	164	0	0
36	165	135	136
36	166	163	164
36	167	95	96
36	168	137	138
36	169	181	182
36	170	203	204
36	171	0	0
36	172	0	0
36	173	216	217
36	174	176	177
36	175	159	160
36	176	0	0
36	177	0	0
36	178	26	122
36	179	169	170
36	180	117	118
36	181	0	0
36	182	0	0
36	183	146	147
36	184	72	73
36	185	139	140
36	186	69	70
36	187	176	177
36	188	169	170
36	189	176	177
36	190	0	0
36	191	197	198
36	192	117	118
36	193	150	151
36	194	76	77
36	195	161	162
36	196	95	96
36	197	0	0
36	198	232	233
36	199	169	170
36	200	176	177
36	201	0	0
36	202	0	0
36	203	0	0
36	204	0	0
36	205	0	0
36	206	288	289
36	207	190	191
36	208	0	0
36	209	0	0
36	210	181	182
36	211	150	151
36	212	157	158
36	213	190	191
36	214	267	268
36	215	0	0
36	216	0	0
36	217	0	0
36	218	201	202
36	219	69	70
36	220	0	0
36	221	0	0
36	222	214	215
36	223	126	127
36	224	159	160
36	225	163	164
36	226	88	89
36	227	85	86
36	228	150	151
36	229	190	191
36	230	85	86
36	231	26	122
36	232	0	0
36	233	0	0
36	234	171	172
36	235	128	129
36	236	205	206
36	237	205	206
36	238	143	144
36	239	26	122
36	240	135	136
36	241	205	206
36	242	232	233
36	243	197	198
36	244	154	155
36	245	0	0
36	246	286	287
36	247	143	144
36	248	143	144
36	249	163	164
36	250	232	233
36	251	117	118
36	252	214	215
36	253	135	136
36	254	208	209
36	255	0	0
36	256	262	263
36	257	148	149
36	258	173	174
36	259	133	134
36	260	173	174
36	261	72	73
36	262	0	0
36	263	0	0
36	264	0	0
36	265	0	0
36	266	113	114
36	267	0	0
36	268	0	0
36	269	0	0
36	270	0	0
36	271	208	209
36	272	72	73
36	273	159	160
36	274	262	263
36	275	146	147
36	276	214	215
36	277	220	221
36	278	128	129
36	279	267	268
36	280	264	265
36	281	208	209
36	282	173	174
36	283	294	295
36	284	0	0
36	285	181	182
36	286	0	0
36	287	0	0
36	288	0	0
36	289	0	0
36	290	137	138
36	291	283	284
36	292	85	86
36	293	107	108
36	294	0	0
36	295	0	0
36	296	141	142
36	297	286	287
36	298	220	221
36	299	232	233
36	300	288	289
