37	1	0	0
37	2	1	3
37	3	0	0
37	4	2	5
37	5	6	7
37	6	0	0
37	7	0	0
37	8	2	5
37	9	2	5
37	10	2	5
37	11	4	12
37	12	13	14
37	13	23	24
37	14	39	40
37	15	1	3
37	16	1	3
37	17	4	12
37	18	6	7
37	19	13	14
37	20	13	14
37	21	13	14
37	22	1	3
37	23	0	0
37	24	0	0
37	25	4	12
37	26	6	7
37	27	4	12
37	28	6	7
37	29	11	30
37	30	31	32
37	31	45	46
37	32	37	38
37	33	29	34
37	34	75	76
37	35	31	32
37	36	29	34
37	37	50	51
37	38	54	55
37	39	0	0
37	40	0	0
37	41	39	40
37	42	29	34
37	43	31	32
37	44	23	24
37	45	88	89
37	46	61	62
37	47	31	32
37	48	23	24
37	49	37	38
37	50	0	0
37	51	0	0
37	52	11	30
37	53	45	46
37	54	0	0
37	55	0	0
37	56	39	40
37	57	11	30
37	58	23	24
37	59	50	51
37	60	54	55
37	61	0	0
37	62	0	0
37	63	33	64
37	64	85	86
37	65	61	62
37	66	61	62
37	67	29	34
37	68	37	38
37	69	45	46
37	70	39	40
37	71	63	72
37	72	126	127
37	73	71	74
37	74	119	120
37	75	148	149
37	76	79	80
37	77	63	72
37	78	63	72
37	79	101	102
37	80	172	173
37	81	73	82
37	82	167	168
37	83	81	84
37	84	113	114
37	85	98	99
37	86	341	342
37	87	85	86
37	88	0	0
37	89	0	0
37	90	81	84
37	91	81	84
37	92	75	76
37	93	75	76
37	94	75	76
37	95	83	96
37	96	146	147
37	97	37	38
37	98	108	109
37	99	133	134
37	100	54	55
37	101	124	125
37	102	0	0
37	103	50	51
37	104	54	55
37	105	61	62
37	106	81	84
37	107	101	102
37	108	209	210
37	109	207	208
37	110	85	86
37	111	108	109
37	112	79	80
37	113	141	142
37	114	180	181
37	115	11	30
37	116	88	89
37	117	83	96
37	118	108	109
37	119	122	123
37	120	239	240
37	121	98	99
37	122	282	283
37	123	236	237
37	124	0	0
37	125	0	0
37	126	152	153
37	127	160	161
37	128	108	109
37	129	71	74
37	130	79	80
37	131	73	82
37	132	79	80
37	133	144	145
37	134	291	292
37	135	63	72
37	136	122	123
37	137	73	82
37	138	50	51
37	139	113	114
37	140	124	125
37	141	442	443
37	142	0	0
37	143	133	134
37	144	154	155
37	145	177	178
37	146	295	296
37	147	219	220
37	148	195	196
37	149	162	163
37	150	122	123
37	151	88	89
37	152	216	217
37	153	250	251
37	154	0	0
37	155	0	0
37	156	95	157
37	157	188	189
37	158	95	157
37	159	33	64
37	160	376	377
37	161	370	371
37	162	255	256
37	163	232	233
37	164	122	123
37	165	88	89
37	166	146	147
37	167	277	278
37	168	0	0
37	169	133	134
37	170	126	127
37	171	73	82
37	172	182	183
37	173	185	186
37	174	71	74
37	175	95	157
37	176	167	168
37	177	0	0
37	178	0	0
37	179	45	46
37	180	213	214
37	181	199	200
37	182	0	0
37	183	0	0
37	184	148	149
37	185	0	0
37	186	0	0
37	187	98	99
37	188	285	286
37	189	381	382
37	190	177	178
37	191	188	189
37	192	98	99
37	193	160	161
37	194	124	125
37	195	0	0
37	196	330	331
37	197	195	196
37	198	113	114
37	199	0	0
37	200	247	248
37	201	113	114
37	202	177	178
37	203	195	196
37	204	185	186
37	205	177	178
37	206	141	142
37	207	0	0
37	208	241	242
37	209	0	0
37	210	257	258
37	211	148	149
37	212	207	208
37	213	0	0
37	214	0	0
37	215	83	96
37	216	228	229
37	217	353	354
37	218	152	153
37	219	0	0
37	220	275	276
37	221	162	163
37	222	124	125
37	223	207	208
37	224	213	214
37	225	180	181
37	226	207	208
37	227	195	196
37	228	262	263
37	229	335	336
37	230	216	217
37	231	152	153
37	232	0	0
37	233	0	0
37	234	83	96
37	235	216	217
37	236	306	307
37	237	0	0
37	238	160	161
37	239	388	389
37	240	265	266
37	241	0	0
37	242	0	0
37	243	172	173
37	244	95	157
37	245	141	142
37	246	133	134
37	247	0	0
37	248	401	402
37	249	126	127
37	250	0	0
37	251	355	356
37	252	213	214
37	253	188	189
37	254	167	168
37	255	0	0
37	256	0	0
37	257	0	0
37	258	0	0
37	259	257	258
37	260	239	240
37	261	85	86
37	262	303	304
37	263	270	271
37	264	250	251
37	265	396	397
37	266	403	404
37	267	247	248
37	268	199	200
37	269	250	251
37	270	0	0
37	271	0	0
37	272	152	153
37	273	241	242
37	274	247	248
37	275	0	0
37	276	494	495
37	277	349	350
37	278	298	299
37	279	162	163
37	280	241	242
37	281	33	64
37	282	386	387
37	283	391	392
37	284	185	186
37	285	0	0
37	286	383	384
37	287	172	173
37	288	162	163
37	289	219	220
37	290	213	214
37	291	361	362
37	292	0	0
37	293	239	240
37	294	119	120
37	295	0	0
37	296	359	360
37	297	148	149
37	298	374	375
37	299	0	0
37	300	119	120
37	301	154	155
37	302	236	237
37	303	0	0
37	304	0	0
37	305	291	292
37	306	321	322
37	307	310	311
37	308	306	307
37	309	188	189
37	310	346	347
37	311	364	365
37	312	167	168
37	313	255	256
37	314	180	181
37	315	119	120
37	316	209	210
37	317	144	145
37	318	275	276
37	319	250	251
37	320	265	266
37	321	0	0
37	322	0	0
37	323	303	304
37	324	257	258
37	325	185	186
37	326	101	102
37	327	33	64
37	328	228	229
37	329	262	263
37	330	0	0
37	331	0	0
37	332	172	173
37	333	144	145
37	334	291	292
37	335	0	0
37	336	411	412
37	337	265	266
37	338	257	258
37	339	141	142
37	340	265	266
37	341	0	0
37	342	429	430
37	343	247	248
37	344	209	210
37	345	160	161
37	346	0	0
37	347	405	406
37	348	216	217
37	349	0	0
37	350	485	486
37	351	232	233
37	352	239	240
37	353	0	0
37	354	0	0
37	355	440	441
37	356	434	435
37	357	180	181
37	358	291	292
37	359	372	373
37	360	418	419
37	361	0	0
37	362	0	0
37	363	285	286
37	364	481	482
37	365	0	0
37	366	156	367
37	367	0	0
37	368	285	286
37	369	154	155
37	370	0	0
37	371	0	0
37	372	0	0
37	373	0	0
37	374	0	0
37	375	0	0
37	376	0	0
37	377	0	0
37	378	359	360
37	379	285	286
37	380	154	155
37	381	0	0
37	382	0	0
37	383	0	0
37	384	420	421
37	385	359	360
37	386	409	410
37	387	0	0
37	388	0	0
37	389	0	0
37	390	349	350
37	391	474	475
37	392	492	493
37	393	335	336
37	394	381	382
37	395	383	384
37	396	0	0
37	397	450	451
37	398	298	299
37	399	388	389
37	400	374	375
37	401	427	428
37	402	0	0
37	403	0	0
37	404	0	0
37	405	0	0
37	406	0	0
37	407	146	147
37	408	303	304
37	409	0	0
37	410	416	417
37	411	0	0
37	412	0	0
37	413	388	389
37	414	262	263
37	415	262	263
37	416	487	488
37	417	470	471
37	418	437	438
37	419	0	0
37	420	0	0
37	421	0	0
37	422	376	377
37	423	146	147
37	424	416	417
37	425	416	417
37	426	386	387
37	427	0	0
37	428	454	455
37	429	0	0
37	430	0	0
37	431	126	127
37	432	359	360
37	433	270	271
37	434	0	0
37	435	446	447
37	436	228	229
37	437	0	0
37	438	461	462
37	439	353	354
37	440	472	473
37	441	448	449
37	442	468	469
37	443	476	477
37	444	383	384
37	445	429	430
37	446	0	0
37	447	0	0
37	448	0	0
37	449	0	0
37	450	458	459
37	451	463	464
37	452	346	347
37	453	388	389
37	454	0	0
37	455	0	0
37	456	275	276
37	457	71	74
37	458	0	0
37	459	0	0
37	460	418	419
37	461	0	0
37	462	0	0
37	463	0	0
37	464	0	0
37	465	101	102
37	466	209	210
37	467	383	384
37	468	0	0
37	469	0	0
37	470	0	0
37	471	0	0
37	472	0	0
37	473	0	0
37	474	0	0
37	475	0	0
37	476	0	0
37	477	0	0
37	478	442	443
37	479	366	480
37	480	0	0
37	481	0	0
37	482	0	0
37	483	386	387
37	484	381	382
37	485	0	0
37	486	0	0
37	487	0	0
37	488	0	0
37	489	479	490
37	490	0	0
37	491	364	365
37	492	0	0
37	493	0	0
37	494	0	0
37	495	0	0
37	496	418	419
37	497	458	459
37	498	485	486
37	499	494	495
37	500	370	371
