37	1	0	0
37	2	1	3
37	3	0	0
37	4	1	3
37	5	1	3
37	6	2	7
37	7	9	10
37	8	1	3
37	9	0	0
37	10	0	0
37	11	9	10
37	12	9	10
37	13	2	7
37	14	9	10
37	15	6	16
37	16	17	18
37	17	24	25
37	18	22	23
37	19	15	20
37	20	28	29
37	21	17	18
37	22	0	0
37	23	0	0
37	24	0	0
37	25	0	0
37	26	19	27
37	27	0	0
37	28	0	0
37	29	41	42
37	30	17	18
37	31	17	18
37	32	15	20
37	33	19	27
37	34	15	20
37	35	22	23
37	36	26	37
37	37	0	0
37	38	26	37
37	39	19	27
37	40	22	23
37	41	47	48
37	42	0	0
37	43	22	23
37	44	6	16
37	45	2	7
37	46	19	27
37	47	0	0
37	48	0	0
37	49	24	25
37	50	36	0
