10	1	0	0
10	2	1	3
10	3	0	0
10	4	1	3
10	5	1	3
10	6	2	7
10	7	9	10
10	8	2	7
10	9	0	0
10	10	0	0
10	11	6	12
10	12	92	93
10	13	1	3
10	14	6	12
10	15	2	7
10	16	11	17
10	17	57	58
10	18	9	10
10	19	16	20
10	20	27	28
10	21	9	10
10	22	9	10
10	23	6	12
10	24	19	25
10	25	53	54
10	26	2	7
10	27	111	112
10	28	30	31
10	29	6	12
10	30	32	33
10	31	42	43
10	32	34	35
10	33	443	444
10	34	0	0
10	35	0	0
10	36	27	28
10	37	30	31
10	38	24	39
10	39	64	65
10	40	34	35
10	41	32	33
10	42	46	47
10	43	48	49
10	44	34	35
10	45	34	35
10	46	0	0
10	47	0	0
10	48	0	0
10	49	0	0
10	50	16	20
10	51	38	52
10	52	80	81
10	53	266	267
10	54	139	140
10	55	11	17
10	56	46	47
10	57	59	60
10	58	195	196
10	59	76	77
10	60	211	212
10	61	30	31
10	62	38	52
10	63	24	39
10	64	67	68
10	65	163	164
10	66	53	54
10	67	0	0
10	68	174	175
10	69	51	70
10	70	72	73
10	71	11	17
10	72	100	101
10	73	102	103
10	74	16	20
10	75	46	47
10	76	0	0
10	77	0	0
10	78	48	49
10	79	59	60
10	80	149	150
10	81	108	109
10	82	38	52
10	83	38	52
10	84	30	31
10	85	27	28
10	86	46	47
10	87	76	77
10	88	57	58
10	89	27	28
10	90	67	68
10	91	53	54
10	92	179	180
10	93	94	95
10	94	0	0
10	95	0	0
10	96	19	25
10	97	92	93
10	98	57	58
10	99	57	58
10	100	348	349
10	101	114	115
10	102	128	129
10	103	117	118
10	104	59	60
10	105	59	60
10	106	72	73
10	107	67	68
10	108	0	0
10	109	156	157
10	110	51	70
10	111	0	0
10	112	172	173
10	113	92	93
10	114	133	134
10	115	236	237
10	116	102	103
10	117	131	132
10	118	497	498
10	119	51	70
10	120	94	95
10	121	102	103
10	122	92	93
10	123	32	33
10	124	64	65
10	125	53	54
10	126	48	49
10	127	32	33
10	128	165	166
10	129	338	339
10	130	108	109
10	131	146	147
10	132	398	399
10	133	136	137
10	134	247	248
10	135	67	68
10	136	377	378
10	137	200	201
10	138	94	95
10	139	295	296
10	140	315	316
10	141	128	129
10	142	76	77
10	143	76	77
10	144	24	39
10	145	94	95
10	146	158	159
10	147	218	219
10	148	133	134
10	149	181	182
10	150	495	496
10	151	114	115
10	152	131	132
10	153	64	65
10	154	108	109
10	155	117	118
10	156	272	273
10	157	161	162
10	158	0	0
10	159	177	178
10	160	48	49
10	161	204	205
10	162	305	306
10	163	188	189
10	164	277	278
10	165	0	0
10	166	441	442
10	167	16	20
10	168	42	43
10	169	128	129
10	170	128	129
10	171	139	140
10	172	223	224
10	173	229	230
10	174	0	0
10	175	227	228
10	176	133	134
10	177	240	241
10	178	334	335
10	179	0	0
10	180	0	0
10	181	363	364
10	182	325	326
10	183	163	164
10	184	163	164
10	185	117	118
10	186	174	175
10	187	111	112
10	188	258	259
10	189	310	311
10	190	177	178
10	191	156	157
10	192	72	73
10	193	102	103
10	194	100	101
10	195	372	373
10	196	370	371
10	197	179	180
10	198	111	112
10	199	11	17
10	200	292	293
10	201	215	216
10	202	51	70
10	203	161	162
10	204	242	243
10	205	0	0
10	206	114	115
10	207	42	43
10	208	108	109
10	209	195	196
10	210	136	137
10	211	0	0
10	212	0	0
10	213	117	118
10	214	111	112
10	215	284	285
10	216	0	0
10	217	200	201
10	218	365	366
10	219	467	468
10	220	24	39
10	221	204	205
10	222	114	115
10	223	0	0
10	224	0	0
10	225	174	175
10	226	204	205
10	227	401	402
10	228	0	0
10	229	0	0
10	230	0	0
10	231	146	147
10	232	177	178
10	233	223	224
10	234	146	147
10	235	163	164
10	236	0	0
10	237	269	270
10	238	149	150
10	239	179	180
10	240	0	0
10	241	0	0
10	242	0	0
10	243	351	352
10	244	156	157
10	245	204	205
10	246	188	189
10	247	329	330
10	248	0	0
10	249	100	101
10	250	247	248
10	251	200	201
10	252	161	162
10	253	139	140
10	254	223	224
10	255	200	201
10	256	19	25
10	257	133	134
10	258	407	408
10	259	0	0
10	260	218	219
10	261	258	259
10	262	227	228
10	263	80	81
10	264	179	180
10	265	215	216
10	266	312	313
10	267	422	423
10	268	136	137
10	269	0	0
10	270	0	0
10	271	172	173
10	272	431	432
10	273	323	324
10	274	165	166
10	275	247	248
10	276	100	101
10	277	282	283
10	278	279	280
10	279	0	0
10	280	0	0
10	281	181	182
10	282	307	308
10	283	0	0
10	284	0	0
10	285	0	0
10	286	258	259
10	287	247	248
10	288	139	140
10	289	277	278
10	290	279	280
10	291	165	166
10	292	418	419
10	293	465	466
10	294	215	216
10	295	0	0
10	296	409	410
10	297	282	283
10	298	19	25
10	299	156	157
10	300	181	182
10	301	136	137
10	302	149	150
10	303	215	216
10	304	158	159
10	305	361	362
10	306	0	0
10	307	459	460
10	308	386	387
10	309	242	243
10	310	0	0
10	311	355	356
10	312	0	0
10	313	0	0
10	314	269	270
10	315	0	0
10	316	0	0
10	317	80	81
10	318	146	147
10	319	177	178
10	320	266	267
10	321	312	313
10	322	188	189
10	323	0	0
10	324	0	0
10	325	340	341
10	326	332	333
10	327	223	224
10	328	269	270
10	329	0	0
10	330	0	0
10	331	227	228
10	332	0	0
10	333	336	337
10	334	0	0
10	335	0	0
10	336	0	0
10	337	0	0
10	338	404	405
10	339	367	368
10	340	342	343
10	341	0	0
10	342	452	453
10	343	382	383
10	344	172	173
10	345	336	337
10	346	149	150
10	347	172	173
10	348	390	391
10	349	384	385
10	350	211	212
10	351	0	0
10	352	0	0
10	353	340	341
10	354	284	285
10	355	357	358
10	356	412	413
10	357	0	0
10	358	0	0
10	359	165	166
10	360	188	189
10	361	374	375
10	362	0	0
10	363	0	0
10	364	395	396
10	365	0	0
10	366	0	0
10	367	0	0
10	368	454	455
10	369	284	285
10	370	0	0
10	371	0	0
10	372	0	0
10	373	0	0
10	374	0	0
10	375	0	0
10	376	236	237
10	377	0	0
10	378	0	0
10	379	131	132
10	380	329	330
10	381	272	273
10	382	0	0
10	383	0	0
10	384	0	0
10	385	0	0
10	386	0	0
10	387	0	0
10	388	363	364
10	389	277	278
10	390	0	0
10	391	0	0
10	392	277	278
10	393	131	132
10	394	338	339
10	395	0	0
10	396	0	0
10	397	307	308
10	398	439	440
10	399	0	0
10	400	80	81
10	401	0	0
10	402	0	0
10	403	357	358
10	404	0	0
10	405	0	0
10	406	307	308
10	407	0	0
10	408	474	475
10	409	0	0
10	410	446	447
10	411	295	296
10	412	0	0
10	413	0	0
10	414	342	343
10	415	323	324
10	416	240	241
10	417	398	399
10	418	0	0
10	419	0	0
10	420	357	358
10	421	363	364
10	422	0	0
10	423	426	427
10	424	395	396
10	425	422	423
10	426	0	0
10	427	0	0
10	428	284	285
10	429	401	402
10	430	295	296
10	431	0	0
10	432	0	0
10	433	269	270
10	434	409	410
10	435	336	337
10	436	158	159
10	437	292	293
10	438	307	308
10	439	0	0
10	440	0	0
10	441	0	0
10	442	0	0
10	443	0	0
10	444	0	0
10	445	329	330
10	446	0	0
10	447	0	0
10	448	195	196
10	449	64	65
10	450	384	385
10	451	218	219
10	452	0	0
10	453	0	0
10	454	463	464
10	455	0	0
10	456	292	293
10	457	357	358
10	458	218	219
10	459	0	0
10	460	0	0
10	461	279	280
10	462	404	405
10	463	0	0
10	464	0	0
10	465	0	0
10	466	0	0
10	467	0	0
10	468	486	487
10	469	363	364
10	470	282	283
10	471	372	373
10	472	72	73
10	473	336	337
10	474	0	0
10	475	0	0
10	476	395	396
10	477	312	313
10	478	312	313
10	479	242	243
10	480	292	293
10	481	211	212
10	482	42	43
10	483	310	311
10	484	382	383
10	485	227	228
10	486	0	0
10	487	0	0
10	488	446	447
10	489	367	368
10	490	367	368
10	491	465	466
10	492	174	175
10	493	295	296
10	494	372	373
10	495	0	0
10	496	0	0
10	497	0	0
10	498	0	0
10	499	332	333
10	500	266	267
