49	1	0	0
49	2	1	3
49	3	0	0
49	4	1	3
49	5	1	3
49	6	1	3
49	7	2	8
49	8	46	47
49	9	7	10
49	10	13	14
49	11	2	8
49	12	2	8
49	13	0	0
49	14	19	20
49	15	2	8
49	16	7	10
49	17	13	14
49	18	7	10
49	19	0	0
49	20	0	0
49	21	7	10
49	22	19	20
49	23	9	24
49	24	28	29
49	25	9	24
49	26	19	20
49	27	19	20
49	28	43	44
49	29	33	34
49	30	28	29
49	31	13	14
49	32	28	29
49	33	38	39
49	34	0	0
49	35	28	29
49	36	33	34
49	37	13	14
49	38	0	0
49	39	0	0
49	40	38	39
49	41	33	34
49	42	38	39
49	43	0	0
49	44	0	0
49	45	38	39
49	46	0	0
49	47	0	0
49	48	9	24
49	49	33	34
49	50	0	0
