10	1	0	0
10	2	1	3
10	3	0	0
10	4	1	3
10	5	2	6
10	6	18	19
10	7	2	6
10	8	5	9
10	9	16	17
10	10	2	6
10	11	1	3
10	12	5	9
10	13	1	3
10	14	8	15
10	15	25	26
10	16	35	36
10	17	21	22
10	18	0	0
10	19	0	0
10	20	16	17
10	21	0	0
10	22	0	0
10	23	8	15
10	24	8	15
10	25	28	29
10	26	53	54
10	27	5	9
10	28	45	46
10	29	65	66
10	30	16	17
10	31	28	29
10	32	16	17
10	33	18	19
10	34	2	6
10	35	0	0
10	36	0	0
10	37	28	29
10	38	35	36
10	39	35	36
10	40	8	15
10	41	25	26
10	42	21	22
10	43	35	36
10	44	28	29
10	45	0	0
10	46	0	0
10	47	25	26
10	48	25	26
10	49	18	19
10	50	45	46
10	51	5	9
10	52	18	19
10	53	81	82
10	54	55	56
10	55	0	0
10	56	0	0
10	57	45	46
10	58	21	22
10	59	45	46
10	60	14	61
10	61	73	74
10	62	14	61
10	63	55	56
10	64	14	61
10	65	0	0
10	66	0	0
10	67	55	56
10	68	60	69
10	69	93	94
10	70	55	56
10	71	68	72
10	72	85	86
10	73	231	232
10	74	105	106
10	75	73	74
10	76	14	61
10	77	73	74
10	78	73	74
10	79	68	72
10	80	60	69
10	81	0	0
10	82	0	0
10	83	60	69
10	84	21	22
10	85	130	131
10	86	89	90
10	87	81	82
10	88	53	54
10	89	120	121
10	90	202	203
10	91	71	92
10	92	99	100
10	93	118	119
10	94	112	113
10	95	71	92
10	96	53	54
10	97	93	94
10	98	60	69
10	99	107	108
10	100	162	163
10	101	93	94
10	102	68	72
10	103	53	54
10	104	81	82
10	105	0	0
10	106	114	115
10	107	135	136
10	108	191	192
10	109	71	92
10	110	107	108
10	111	107	108
10	112	157	158
10	113	225	226
10	114	221	222
10	115	133	134
10	116	99	100
10	117	71	92
10	118	0	0
10	119	124	125
10	120	138	139
10	121	127	128
10	122	91	123
10	123	164	165
10	124	197	198
10	125	0	0
10	126	99	100
10	127	262	263
10	128	207	208
10	129	89	90
10	130	159	160
10	131	189	190
10	132	89	90
10	133	0	0
10	134	0	0
10	135	0	0
10	136	151	152
10	137	89	90
10	138	142	143
10	139	0	0
10	140	105	106
10	141	85	86
10	142	187	188
10	143	184	185
10	144	85	86
10	145	85	86
10	146	99	100
10	147	107	108
10	148	124	125
10	149	130	131
10	150	81	82
10	151	234	235
10	152	0	0
10	153	120	121
10	154	65	66
10	155	68	72
10	156	135	136
10	157	166	167
10	158	194	195
10	159	249	250
10	160	211	212
10	161	133	134
10	162	204	205
10	163	178	179
10	164	174	175
10	165	290	291
10	166	0	0
10	167	0	0
10	168	105	106
10	169	166	167
10	170	91	123
10	171	122	172
10	172	296	297
10	173	157	158
10	174	182	183
10	175	0	0
10	176	174	175
10	177	142	143
10	178	294	295
10	179	0	0
10	180	122	172
10	181	65	66
10	182	0	0
10	183	0	0
10	184	0	0
10	185	0	0
10	186	142	143
10	187	0	0
10	188	0	0
10	189	199	200
10	190	0	0
10	191	276	277
10	192	298	299
10	193	191	192
10	194	0	0
10	195	259	260
10	196	133	134
10	197	0	0
10	198	0	0
10	199	266	267
10	200	292	293
10	201	120	121
10	202	215	216
10	203	0	0
10	204	0	0
10	205	0	0
10	206	159	160
10	207	0	0
10	208	217	218
10	209	133	134
10	210	157	158
10	211	0	0
10	212	237	238
10	213	114	115
10	214	118	119
10	215	255	256
10	216	0	0
10	217	0	0
10	218	0	0
10	219	211	212
10	220	118	119
10	221	0	0
10	222	0	0
10	223	182	183
10	224	211	212
10	225	0	0
10	226	0	0
10	227	178	179
10	228	93	94
10	229	211	212
10	230	174	175
10	231	243	244
10	232	0	0
10	233	217	218
10	234	0	0
10	235	0	0
10	236	225	226
10	237	0	0
10	238	0	0
10	239	114	115
10	240	182	183
10	241	194	195
10	242	234	235
10	243	0	0
10	244	0	0
10	245	157	158
10	246	127	128
10	247	65	66
10	248	114	115
10	249	0	0
10	250	0	0
10	251	187	188
10	252	207	208
10	253	182	183
10	254	118	119
10	255	0	0
10	256	273	274
10	257	127	128
10	258	249	250
10	259	0	0
10	260	0	0
10	261	191	192
10	262	0	0
10	263	269	270
10	264	204	205
10	265	194	195
10	266	0	0
10	267	0	0
10	268	162	163
10	269	0	0
10	270	0	0
10	271	243	244
10	272	166	167
10	273	0	0
10	274	0	0
10	275	191	192
10	276	0	0
10	277	0	0
10	278	204	205
10	279	197	198
10	280	164	165
10	281	127	128
10	282	151	152
10	283	105	106
10	284	266	267
10	285	122	172
10	286	262	263
10	287	164	165
10	288	171	289
10	289	0	0
10	290	0	0
10	291	0	0
10	292	0	0
10	293	0	0
10	294	0	0
10	295	0	0
10	296	0	0
10	297	0	0
10	298	0	0
10	299	0	0
10	300	231	232
