41	1	0	0
41	2	1	3
41	3	0	0
41	4	2	5
41	5	7	8
41	6	2	5
41	7	0	0
41	8	0	0
41	9	4	10
41	10	19	20
41	11	4	10
41	12	9	13
41	13	31	32
41	14	1	3
41	15	2	5
41	16	7	8
41	17	7	8
41	18	7	8
41	19	51	52
41	20	147	148
41	21	1	3
41	22	4	10
41	23	19	20
41	24	12	25
41	25	83	84
41	26	9	13
41	27	1	3
41	28	9	13
41	29	9	13
41	30	19	20
41	31	37	38
41	32	53	54
41	33	31	32
41	34	12	25
41	35	31	32
41	36	12	25
41	37	133	134
41	38	99	100
41	39	31	32
41	40	37	38
41	41	24	42
41	42	48	49
41	43	41	44
41	44	60	61
41	45	41	44
41	46	24	42
41	47	41	44
41	48	55	56
41	49	109	110
41	50	4	10
41	51	0	0
41	52	0	0
41	53	311	312
41	54	101	102
41	55	77	78
41	56	75	76
41	57	2	5
41	58	12	25
41	59	24	42
41	60	203	204
41	61	62	63
41	62	68	69
41	63	64	65
41	64	0	0
41	65	104	105
41	66	19	20
41	67	41	44
41	68	131	132
41	69	92	93
41	70	43	71
41	71	200	201
41	72	48	49
41	73	51	52
41	74	68	69
41	75	0	0
41	76	79	80
41	77	117	118
41	78	0	0
41	79	95	96
41	80	362	363
41	81	51	52
41	82	75	76
41	83	413	414
41	84	172	173
41	85	70	86
41	86	126	127
41	87	79	80
41	88	77	78
41	89	43	71
41	90	64	65
41	91	62	63
41	92	233	234
41	93	142	143
41	94	51	52
41	95	0	0
41	96	0	0
41	97	53	54
41	98	77	78
41	99	0	0
41	100	0	0
41	101	0	0
41	102	0	0
41	103	24	42
41	104	286	287
41	105	151	152
41	106	85	107
41	107	254	255
41	108	85	107
41	109	265	266
41	110	176	177
41	111	53	54
41	112	53	54
41	113	60	61
41	114	43	71
41	115	75	76
41	116	43	71
41	117	138	139
41	118	0	0
41	119	62	63
41	120	62	63
41	121	68	69
41	122	104	105
41	123	64	65
41	124	85	107
41	125	117	118
41	126	185	186
41	127	153	154
41	128	126	127
41	129	117	118
41	130	60	61
41	131	169	170
41	132	136	137
41	133	0	0
41	134	0	0
41	135	104	105
41	136	158	159
41	137	249	250
41	138	0	0
41	139	0	0
41	140	133	134
41	141	95	96
41	142	160	161
41	143	225	226
41	144	48	49
41	145	85	107
41	146	79	80
41	147	0	0
41	148	0	0
41	149	126	127
41	150	133	134
41	151	162	163
41	152	271	272
41	153	238	239
41	154	188	189
41	155	106	156
41	156	259	260
41	157	147	148
41	158	0	0
41	159	0	0
41	160	0	0
41	161	0	0
41	162	0	0
41	163	0	0
41	164	160	161
41	165	136	137
41	166	151	152
41	167	48	49
41	168	131	132
41	169	0	0
41	170	0	0
41	171	68	69
41	172	221	222
41	173	0	0
41	174	117	118
41	175	55	56
41	176	314	315
41	177	448	449
41	178	172	173
41	179	169	170
41	180	64	65
41	181	133	134
41	182	70	86
41	183	136	137
41	184	75	76
41	185	216	217
41	186	404	405
41	187	83	84
41	188	325	326
41	189	296	297
41	190	138	139
41	191	147	148
41	192	142	143
41	193	37	38
41	194	77	78
41	195	37	38
41	196	138	139
41	197	109	110
41	198	60	61
41	199	169	170
41	200	370	371
41	201	298	299
41	202	109	110
41	203	208	209
41	204	0	0
41	205	101	102
41	206	131	132
41	207	153	154
41	208	0	0
41	209	443	444
41	210	55	56
41	211	106	156
41	212	106	156
41	213	200	201
41	214	79	80
41	215	126	127
41	216	0	0
41	217	0	0
41	218	176	177
41	219	208	209
41	220	208	209
41	221	430	431
41	222	424	425
41	223	172	173
41	224	131	132
41	225	0	0
41	226	0	0
41	227	160	161
41	228	142	143
41	229	70	86
41	230	99	100
41	231	92	93
41	232	106	156
41	233	327	328
41	234	281	282
41	235	138	139
41	236	208	209
41	237	221	222
41	238	499	500
41	239	240	241
41	240	242	243
41	241	279	280
41	242	323	324
41	243	329	330
41	244	176	177
41	245	203	204
41	246	162	163
41	247	203	204
41	248	225	226
41	249	0	0
41	250	0	0
41	251	70	86
41	252	188	189
41	253	249	250
41	254	353	354
41	255	288	289
41	256	225	226
41	257	240	241
41	258	153	154
41	259	273	274
41	260	332	333
41	261	242	243
41	262	233	234
41	263	259	260
41	264	240	241
41	265	0	0
41	266	374	375
41	267	147	148
41	268	95	96
41	269	259	260
41	270	242	243
41	271	0	0
41	272	0	0
41	273	386	387
41	274	275	276
41	275	364	365
41	276	277	278
41	277	0	0
41	278	336	337
41	279	400	401
41	280	0	0
41	281	0	0
41	282	0	0
41	283	92	93
41	284	136	137
41	285	200	201
41	286	409	410
41	287	377	378
41	288	0	0
41	289	0	0
41	290	92	93
41	291	83	84
41	292	151	152
41	293	172	173
41	294	155	295
41	295	303	304
41	296	345	346
41	297	0	0
41	298	0	0
41	299	0	0
41	300	296	297
41	301	221	222
41	302	200	201
41	303	0	0
41	304	0	0
41	305	216	217
41	306	203	204
41	307	273	274
41	308	259	260
41	309	277	278
41	310	188	189
41	311	0	0
41	312	0	0
41	313	185	186
41	314	396	397
41	315	0	0
41	316	188	189
41	317	296	297
41	318	298	299
41	319	55	56
41	320	286	287
41	321	238	239
41	322	296	297
41	323	0	0
41	324	349	350
41	325	0	0
41	326	338	339
41	327	0	0
41	328	0	0
41	329	384	385
41	330	0	0
41	331	286	287
41	332	428	429
41	333	379	380
41	334	254	255
41	335	275	276
41	336	340	341
41	337	398	399
41	338	467	468
41	339	0	0
41	340	0	0
41	341	476	477
41	342	162	163
41	343	279	280
41	344	254	255
41	345	0	0
41	346	366	367
41	347	254	255
41	348	216	217
41	349	0	0
41	350	0	0
41	351	155	295
41	352	329	330
41	353	382	383
41	354	372	373
41	355	109	110
41	356	329	330
41	357	303	304
41	358	311	312
41	359	95	96
41	360	349	350
41	361	329	330
41	362	0	0
41	363	0	0
41	364	0	0
41	365	434	435
41	366	411	412
41	367	0	0
41	368	99	100
41	369	104	105
41	370	0	0
41	371	0	0
41	372	0	0
41	373	0	0
41	374	0	0
41	375	0	0
41	376	216	217
41	377	0	0
41	378	0	0
41	379	426	427
41	380	0	0
41	381	323	324
41	382	415	416
41	383	389	390
41	384	0	0
41	385	486	487
41	386	0	0
41	387	0	0
41	388	142	143
41	389	420	421
41	390	406	407
41	391	151	152
41	392	327	328
41	393	382	383
41	394	176	177
41	395	277	278
41	396	0	0
41	397	0	0
41	398	402	403
41	399	0	0
41	400	0	0
41	401	0	0
41	402	0	0
41	403	417	418
41	404	0	0
41	405	0	0
41	406	0	0
41	407	471	472
41	408	265	266
41	409	0	0
41	410	0	0
41	411	0	0
41	412	480	481
41	413	482	483
41	414	422	423
41	415	440	441
41	416	0	0
41	417	0	0
41	418	0	0
41	419	303	304
41	420	0	0
41	421	445	446
41	422	478	479
41	423	0	0
41	424	0	0
41	425	0	0
41	426	0	0
41	427	0	0
41	428	0	0
41	429	453	454
41	430	0	0
41	431	0	0
41	432	277	278
41	433	411	412
41	434	497	498
41	435	0	0
41	436	160	161
41	437	221	222
41	438	273	274
41	439	279	280
41	440	0	0
41	441	488	489
41	442	279	280
41	443	465	466
41	444	0	0
41	445	0	0
41	446	0	0
41	447	443	444
41	448	0	0
41	449	0	0
41	450	430	431
41	451	379	380
41	452	430	431
41	453	0	0
41	454	495	496
41	455	288	289
41	456	428	429
41	457	406	407
41	458	353	354
41	459	382	383
41	460	311	312
41	461	366	367
41	462	370	371
41	463	372	373
41	464	434	435
41	465	0	0
41	466	0	0
41	467	0	0
41	468	0	0
41	469	398	399
41	470	372	373
41	471	0	0
41	472	0	0
41	473	353	354
41	474	379	380
41	475	411	412
41	476	0	0
41	477	0	0
41	478	0	0
41	479	0	0
41	480	0	0
41	481	0	0
41	482	0	0
41	483	0	0
41	484	233	234
41	485	406	407
41	486	0	0
41	487	0	0
41	488	0	0
41	489	0	0
41	490	238	239
41	491	242	243
41	492	338	339
41	493	422	423
41	494	384	385
41	495	0	0
41	496	0	0
41	497	0	0
41	498	0	0
41	499	0	0
41	500	0	0
