18	1	0	0
18	2	1	3
18	3	0	0
18	4	1	3
18	5	1	3
18	6	1	3
18	7	2	8
18	8	9	10
18	9	0	0
18	10	0	0
18	11	2	8
18	12	7	13
18	13	18	19
18	14	12	15
18	15	87	88
18	16	7	13
18	17	9	10
18	18	21	22
18	19	23	24
18	20	2	8
18	21	0	0
18	22	0	0
18	23	0	0
18	24	0	0
18	25	23	24
18	26	12	15
18	27	18	19
18	28	7	13
18	29	21	22
18	30	14	31
18	31	35	36
18	32	7	13
18	33	12	15
18	34	12	15
18	35	45	46
18	36	61	62
18	37	2	8
18	38	23	24
18	39	18	19
18	40	35	36
18	41	14	31
18	42	21	22
18	43	35	36
18	44	23	24
18	45	59	60
18	46	95	96
18	47	21	22
18	48	9	10
18	49	30	50
18	50	53	54
18	51	9	10
18	52	14	31
18	53	66	67
18	54	113	114
18	55	30	50
18	56	45	46
18	57	30	50
18	58	14	31
18	59	152	153
18	60	63	64
18	61	85	86
18	62	171	172
18	63	0	0
18	64	0	0
18	65	30	50
18	66	69	70
18	67	91	92
18	68	35	36
18	69	127	128
18	70	101	102
18	71	53	54
18	72	63	64
18	73	63	64
18	74	69	70
18	75	18	19
18	76	66	67
18	77	63	64
18	78	69	70
18	79	66	67
18	80	69	70
18	81	61	62
18	82	45	46
18	83	66	67
18	84	59	60
18	85	97	98
18	86	89	90
18	87	121	122
18	88	208	209
18	89	0	0
18	90	0	0
18	91	119	120
18	92	111	112
18	93	87	88
18	94	89	90
18	95	162	163
18	96	140	141
18	97	0	0
18	98	0	0
18	99	95	96
18	100	89	90
18	101	117	118
18	102	125	126
18	103	97	98
18	104	59	60
18	105	91	92
18	106	45	46
18	107	87	88
18	108	85	86
18	109	97	98
18	110	91	92
18	111	175	176
18	112	138	139
18	113	183	184
18	114	284	285
18	115	85	86
18	116	101	102
18	117	0	0
18	118	0	0
18	119	189	190
18	120	148	149
18	121	198	199
18	122	205	206
18	123	117	118
18	124	53	54
18	125	0	0
18	126	0	0
18	127	181	182
18	128	279	280
18	129	49	130
18	130	132	133
18	131	119	120
18	132	135	136
18	133	179	180
18	134	61	62
18	135	215	216
18	136	265	266
18	137	85	86
18	138	0	0
18	139	0	0
18	140	0	0
18	141	0	0
18	142	127	128
18	143	53	54
18	144	97	98
18	145	125	126
18	146	49	130
18	147	135	136
18	148	0	0
18	149	0	0
18	150	91	92
18	151	125	126
18	152	0	0
18	153	0	0
18	154	132	133
18	155	127	128
18	156	119	120
18	157	135	136
18	158	140	141
18	159	117	118
18	160	87	88
18	161	148	149
18	162	0	0
18	163	0	0
18	164	127	128
18	165	138	139
18	166	101	102
18	167	138	139
18	168	119	120
18	169	61	62
18	170	95	96
18	171	192	193
18	172	219	220
18	173	135	136
18	174	95	96
18	175	0	0
18	176	0	0
18	177	101	102
18	178	125	126
18	179	389	390
18	180	196	197
18	181	0	0
18	182	0	0
18	183	426	427
18	184	484	485
18	185	171	172
18	186	175	176
18	187	148	149
18	188	111	112
18	189	0	0
18	190	0	0
18	191	113	114
18	192	0	0
18	193	0	0
18	194	113	114
18	195	121	122
18	196	257	258
18	197	203	204
18	198	0	0
18	199	0	0
18	200	113	114
18	201	196	197
18	202	148	149
18	203	281	282
18	204	225	226
18	205	0	0
18	206	0	0
18	207	138	139
18	208	381	382
18	209	245	246
18	210	59	60
18	211	208	209
18	212	132	133
18	213	192	193
18	214	49	130
18	215	255	256
18	216	234	235
18	217	171	172
18	218	162	163
18	219	0	0
18	220	0	0
18	221	49	130
18	222	152	153
18	223	198	199
18	224	203	204
18	225	316	317
18	226	247	248
18	227	192	193
18	228	89	90
18	229	152	153
18	230	117	118
18	231	111	112
18	232	198	199
18	233	196	197
18	234	488	489
18	235	275	276
18	236	183	184
18	237	121	122
18	238	152	153
18	239	205	206
18	240	171	172
18	241	140	141
18	242	179	180
18	243	175	176
18	244	234	235
18	245	0	0
18	246	0	0
18	247	0	0
18	248	0	0
18	249	208	209
18	250	247	248
18	251	205	206
18	252	208	209
18	253	121	122
18	254	198	199
18	255	0	0
18	256	408	409
18	257	291	292
18	258	437	438
18	259	140	141
18	260	247	248
18	261	255	256
18	262	162	163
18	263	181	182
18	264	175	176
18	265	321	322
18	266	271	272
18	267	234	235
18	268	265	266
18	269	192	193
18	270	234	235
18	271	307	308
18	272	365	366
18	273	196	197
18	274	132	133
18	275	310	311
18	276	368	369
18	277	219	220
18	278	181	182
18	279	0	0
18	280	0	0
18	281	334	335
18	282	296	297
18	283	279	280
18	284	391	392
18	285	293	294
18	286	245	246
18	287	271	272
18	288	215	216
18	289	275	276
18	290	265	266
18	291	318	319
18	292	342	343
18	293	299	300
18	294	346	347
18	295	203	204
18	296	0	0
18	297	0	0
18	298	225	226
18	299	0	0
18	300	0	0
18	301	255	256
18	302	275	276
18	303	219	220
18	304	111	112
18	305	271	272
18	306	183	184
18	307	361	362
18	308	401	402
18	309	179	180
18	310	0	0
18	311	0	0
18	312	225	226
18	313	205	206
18	314	225	226
18	315	247	248
18	316	0	0
18	317	0	0
18	318	0	0
18	319	0	0
18	320	293	294
18	321	475	476
18	322	385	386
18	323	189	190
18	324	245	246
18	325	179	180
18	326	189	190
18	327	299	300
18	328	310	311
18	329	255	256
18	330	293	294
18	331	310	311
18	332	293	294
18	333	265	266
18	334	0	0
18	335	0	0
18	336	321	322
18	337	316	317
18	338	296	297
18	339	291	292
18	340	257	258
18	341	245	246
18	342	0	0
18	343	0	0
18	344	203	204
18	345	162	163
18	346	0	0
18	347	0	0
18	348	316	317
18	349	291	292
18	350	219	220
18	351	291	292
18	352	346	347
18	353	310	311
18	354	307	308
18	355	321	322
18	356	296	297
18	357	316	317
18	358	271	272
18	359	342	343
18	360	346	347
18	361	0	0
18	362	0	0
18	363	361	362
18	364	275	276
18	365	393	394
18	366	412	413
18	367	189	190
18	368	0	0
18	369	0	0
18	370	321	322
18	371	361	362
18	372	346	347
18	373	307	308
18	374	257	258
18	375	257	258
18	376	296	297
18	377	368	369
18	378	334	335
18	379	281	282
18	380	307	308
18	381	0	0
18	382	0	0
18	383	334	335
18	384	215	216
18	385	419	420
18	386	406	407
18	387	318	319
18	388	284	285
18	389	0	0
18	390	416	417
18	391	441	442
18	392	439	440
18	393	0	0
18	394	0	0
18	395	334	335
18	396	365	366
18	397	389	390
18	398	342	343
18	399	342	343
18	400	183	184
18	401	0	0
18	402	0	0
18	403	318	319
18	404	281	282
18	405	381	382
18	406	0	0
18	407	0	0
18	408	449	450
18	409	430	431
18	410	279	280
18	411	318	319
18	412	0	0
18	413	0	0
18	414	412	413
18	415	279	280
18	416	464	465
18	417	472	473
18	418	416	417
18	419	0	0
18	420	0	0
18	421	381	382
18	422	412	413
18	423	284	285
18	424	281	282
18	425	391	392
18	426	0	0
18	427	457	458
18	428	406	407
18	429	215	216
18	430	0	0
18	431	0	0
18	432	181	182
18	433	401	402
18	434	401	402
18	435	129	436
18	436	491	492
18	437	486	487
18	438	452	453
18	439	0	0
18	440	0	0
18	441	0	0
18	442	0	0
18	443	385	386
18	444	361	362
18	445	129	436
18	446	430	431
18	447	426	427
18	448	385	386
18	449	0	0
18	450	0	0
18	451	393	394
18	452	0	0
18	453	0	0
18	454	452	453
18	455	412	413
18	456	452	453
18	457	0	0
18	458	0	0
18	459	426	427
18	460	449	450
18	461	441	442
18	462	426	427
18	463	391	392
18	464	0	0
18	465	0	0
18	466	393	394
18	467	419	420
18	468	457	458
18	469	129	436
18	470	464	465
18	471	430	431
18	472	0	0
18	473	0	0
18	474	406	407
18	475	0	0
18	476	0	0
18	477	472	473
18	478	365	366
18	479	475	476
18	480	401	402
18	481	408	409
18	482	430	431
18	483	437	438
18	484	0	0
18	485	0	0
18	486	0	0
18	487	0	0
18	488	0	0
18	489	0	0
18	490	299	300
18	491	0	0
18	492	0	0
18	493	365	366
18	494	472	473
18	495	389	390
18	496	391	392
18	497	439	440
18	498	385	386
18	499	449	450
18	500	381	382
