38	1	0	0
38	2	1	3
38	3	0	0
38	4	1	3
38	5	1	3
38	6	1	3
38	7	2	8
38	8	9	10
38	9	0	0
38	10	0	0
38	11	7	12
38	12	16	17
38	13	2	8
38	14	11	15
38	15	31	32
38	16	120	121
38	17	29	30
38	18	14	19
38	19	41	42
38	20	16	17
38	21	9	10
38	22	14	19
38	23	16	17
38	24	9	10
38	25	14	19
38	26	16	17
38	27	7	12
38	28	14	19
38	29	0	0
38	30	0	0
38	31	44	45
38	32	75	76
38	33	7	12
38	34	18	35
38	35	94	95
38	36	9	10
38	37	34	38
38	38	63	64
38	39	11	15
38	40	34	38
38	41	150	151
38	42	68	69
38	43	7	12
38	44	65	66
38	45	49	50
38	46	44	45
38	47	41	42
38	48	18	35
38	49	0	0
38	50	0	0
38	51	37	52
38	52	108	109
38	53	37	52
38	54	29	30
38	55	49	50
38	56	18	35
38	57	31	32
38	58	11	15
38	59	44	45
38	60	2	8
38	61	41	42
38	62	41	42
38	63	85	86
38	64	70	71
38	65	0	0
38	66	0	0
38	67	29	30
38	68	0	0
38	69	88	89
38	70	160	161
38	71	130	131
38	72	49	50
38	73	2	8
38	74	11	15
38	75	118	119
38	76	158	159
38	77	49	50
38	78	31	32
38	79	75	76
38	80	44	45
38	81	68	69
38	82	18	35
38	83	70	71
38	84	75	76
38	85	194	195
38	86	91	92
38	87	63	64
38	88	132	133
38	89	96	97
38	90	63	64
38	91	105	106
38	92	180	181
38	93	29	30
38	94	122	123
38	95	112	113
38	96	0	0
38	97	0	0
38	98	75	76
38	99	65	66
38	100	34	38
38	101	91	92
38	102	51	103
38	103	0	0
38	104	94	95
38	105	153	154
38	106	163	164
38	107	96	97
38	108	222	223
38	109	182	183
38	110	68	69
38	111	51	103
38	112	142	143
38	113	262	263
38	114	85	86
38	115	112	113
38	116	96	97
38	117	112	113
38	118	0	0
38	119	0	0
38	120	0	0
38	121	0	0
38	122	269	270
38	123	184	185
38	124	34	38
38	125	112	113
38	126	120	121
38	127	63	64
38	128	94	95
38	129	105	106
38	130	134	135
38	131	0	0
38	132	0	0
38	133	0	0
38	134	140	141
38	135	148	149
38	136	70	71
38	137	122	123
38	138	85	86
38	139	70	71
38	140	155	156
38	141	0	0
38	142	206	207
38	143	171	172
38	144	37	52
38	145	96	97
38	146	108	109
38	147	108	109
38	148	274	275
38	149	224	225
38	150	242	243
38	151	255	256
38	152	65	66
38	153	212	213
38	154	298	299
38	155	0	0
38	156	0	0
38	157	108	109
38	158	0	0
38	159	0	0
38	160	0	0
38	161	231	232
38	162	68	69
38	163	219	220
38	164	186	187
38	165	31	32
38	166	85	86
38	167	105	106
38	168	120	121
38	169	160	161
38	170	160	161
38	171	0	0
38	172	175	176
38	173	158	159
38	174	105	106
38	175	0	0
38	176	0	0
38	177	120	121
38	178	153	154
38	179	158	159
38	180	0	0
38	181	0	0
38	182	0	0
38	183	0	0
38	184	229	230
38	185	192	193
38	186	0	0
38	187	0	0
38	188	155	156
38	189	148	149
38	190	184	185
38	191	134	135
38	192	296	297
38	193	197	198
38	194	258	259
38	195	0	0
38	196	91	92
38	197	0	0
38	198	0	0
38	199	150	151
38	200	140	141
38	201	158	159
38	202	118	119
38	203	182	183
38	204	197	198
38	205	150	151
38	206	0	0
38	207	0	0
38	208	88	89
38	209	184	185
38	210	186	187
38	211	186	187
38	212	0	0
38	213	0	0
38	214	140	141
38	215	186	187
38	216	118	119
38	217	180	181
38	218	91	92
38	219	0	0
38	220	0	0
38	221	153	154
38	222	0	0
38	223	0	0
38	224	0	0
38	225	0	0
38	226	134	135
38	227	171	172
38	228	163	164
38	229	244	245
38	230	0	0
38	231	0	0
38	232	0	0
38	233	134	135
38	234	153	154
38	235	148	149
38	236	182	183
38	237	102	238
38	238	0	0
38	239	224	225
38	240	194	195
38	241	148	149
38	242	0	0
38	243	253	254
38	244	0	0
38	245	0	0
38	246	155	156
38	247	132	133
38	248	102	238
38	249	180	181
38	250	65	66
38	251	140	141
38	252	51	103
38	253	0	0
38	254	0	0
38	255	0	0
38	256	288	289
38	257	182	183
38	258	0	0
38	259	0	0
38	260	37	52
38	261	142	143
38	262	0	0
38	263	0	0
38	264	192	193
38	265	212	213
38	266	163	164
38	267	197	198
38	268	142	143
38	269	0	0
38	270	0	0
38	271	175	176
38	272	150	151
38	273	160	161
38	274	0	0
38	275	0	0
38	276	222	223
38	277	262	263
38	278	253	254
38	279	155	156
38	280	132	133
38	281	224	225
38	282	253	254
38	283	269	270
38	284	142	143
38	285	171	172
38	286	231	232
38	287	274	275
38	288	0	0
38	289	0	0
38	290	244	245
38	291	132	133
38	292	184	185
38	293	269	270
38	294	212	213
38	295	253	254
38	296	0	0
38	297	0	0
38	298	0	0
38	299	0	0
38	300	0	0
