7	1	0	0
7	2	1	3
7	3	0	0
7	4	1	3
7	5	1	3
7	6	2	7
7	7	11	12
7	8	2	7
7	9	1	3
7	10	2	7
7	11	0	0
7	12	0	0
7	13	6	14
7	14	26	27
7	15	13	16
7	16	17	18
7	17	59	60
7	18	229	230
7	19	13	16
7	20	15	21
7	21	35	36
7	22	15	21
7	23	15	21
7	24	20	25
7	25	64	65
7	26	52	53
7	27	38	39
7	28	2	7
7	29	6	14
7	30	15	21
7	31	26	27
7	32	17	18
7	33	20	25
7	34	20	25
7	35	0	0
7	36	50	51
7	37	26	27
7	38	0	0
7	39	0	0
7	40	24	41
7	41	45	46
7	42	24	41
7	43	35	36
7	44	13	16
7	45	85	86
7	46	77	78
7	47	24	41
7	48	35	36
7	49	38	39
7	50	105	106
7	51	130	131
7	52	0	0
7	53	0	0
7	54	20	25
7	55	11	12
7	56	17	18
7	57	24	41
7	58	17	18
7	59	146	147
7	60	67	68
7	61	11	12
7	62	50	51
7	63	52	53
7	64	90	91
7	65	69	70
7	66	35	36
7	67	0	0
7	68	0	0
7	69	73	74
7	70	87	88
7	71	45	46
7	72	52	53
7	73	117	118
7	74	162	163
7	75	73	74
7	76	45	46
7	77	122	123
7	78	108	109
7	79	11	12
7	80	38	39
7	81	77	78
7	82	69	70
7	83	45	46
7	84	26	27
7	85	199	200
7	86	97	98
7	87	0	0
7	88	166	167
7	89	67	68
7	90	187	188
7	91	149	150
7	92	87	88
7	93	67	68
7	94	73	74
7	95	87	88
7	96	73	74
7	97	135	136
7	98	171	172
7	99	97	98
7	100	64	65
7	101	85	86
7	102	97	98
7	103	64	65
7	104	6	14
7	105	151	152
7	106	220	221
7	107	87	88
7	108	127	128
7	109	179	180
7	110	13	16
7	111	69	70
7	112	64	65
7	113	6	14
7	114	59	60
7	115	90	91
7	116	69	70
7	117	156	157
7	118	0	0
7	119	105	106
7	120	105	106
7	121	108	109
7	122	239	240
7	123	0	0
7	124	77	78
7	125	77	78
7	126	50	51
7	127	195	196
7	128	0	0
7	129	52	53
7	130	204	205
7	131	140	141
7	132	40	133
7	133	168	169
7	134	130	131
7	135	154	155
7	136	177	178
7	137	117	118
7	138	108	109
7	139	67	68
7	140	0	0
7	141	0	0
7	142	132	143
7	143	202	203
7	144	122	123
7	145	132	143
7	146	0	0
7	147	0	0
7	148	59	60
7	149	181	182
7	150	279	280
7	151	0	0
7	152	0	0
7	153	130	131
7	154	241	242
7	155	0	0
7	156	0	0
7	157	0	0
7	158	97	98
7	159	151	152
7	160	122	123
7	161	105	106
7	162	164	165
7	163	192	193
7	164	0	0
7	165	0	0
7	166	275	276
7	167	255	256
7	168	253	254
7	169	0	0
7	170	135	136
7	171	210	211
7	172	225	226
7	173	166	167
7	174	132	143
7	175	90	91
7	176	140	141
7	177	0	0
7	178	214	215
7	179	0	0
7	180	0	0
7	181	233	234
7	182	0	0
7	183	168	169
7	184	149	150
7	185	168	169
7	186	50	51
7	187	0	0
7	188	0	0
7	189	59	60
7	190	132	143
7	191	127	128
7	192	0	0
7	193	0	0
7	194	187	188
7	195	222	223
7	196	0	0
7	197	177	178
7	198	192	193
7	199	208	209
7	200	290	291
7	201	40	133
7	202	237	238
7	203	216	217
7	204	0	0
7	205	0	0
7	206	162	163
7	207	130	131
7	208	261	262
7	209	0	0
7	210	0	0
7	211	0	0
7	212	162	163
7	213	127	128
7	214	0	0
7	215	0	0
7	216	0	0
7	217	0	0
7	218	156	157
7	219	90	91
7	220	0	0
7	221	0	0
7	222	0	0
7	223	0	0
7	224	40	133
7	225	292	293
7	226	0	0
7	227	222	223
7	228	85	86
7	229	0	0
7	230	0	0
7	231	146	147
7	232	127	128
7	233	0	0
7	234	0	0
7	235	162	163
7	236	149	150
7	237	0	0
7	238	299	300
7	239	0	0
7	240	269	270
7	241	0	0
7	242	0	0
7	243	171	172
7	244	166	167
7	245	156	157
7	246	241	242
7	247	195	196
7	248	210	211
7	249	210	211
7	250	181	182
7	251	40	133
7	252	151	152
7	253	296	297
7	254	0	0
7	255	0	0
7	256	0	0
7	257	210	211
7	258	151	152
7	259	222	223
7	260	192	193
7	261	0	0
7	262	0	0
7	263	214	215
7	264	154	155
7	265	222	223
7	266	241	242
7	267	199	200
7	268	135	136
7	269	0	0
7	270	0	0
7	271	181	182
7	272	225	226
7	273	164	165
7	274	117	118
7	275	0	0
7	276	0	0
7	277	85	86
7	278	237	238
7	279	0	0
7	280	288	289
7	281	199	200
7	282	220	221
7	283	225	226
7	284	255	256
7	285	253	254
7	286	181	182
7	287	237	238
7	288	0	0
7	289	0	0
7	290	0	0
7	291	0	0
7	292	0	0
7	293	0	0
7	294	220	221
7	295	135	136
7	296	0	0
7	297	0	0
7	298	239	240
7	299	0	0
7	300	0	0
