14	1	0	0
14	2	1	3
14	3	0	0
14	4	1	3
14	5	1	3
14	6	1	3
14	7	2	8
14	8	12	13
14	9	2	8
14	10	2	8
14	11	2	8
14	12	0	0
14	13	0	0
14	14	12	13
14	15	7	16
14	16	67	68
14	17	7	16
14	18	12	13
14	19	7	16
14	20	15	21
14	21	31	32
14	22	12	13
14	23	7	16
14	24	20	25
14	25	124	125
14	26	15	21
14	27	20	25
14	28	20	25
14	29	24	30
14	30	36	37
14	31	69	70
14	32	38	39
14	33	24	30
14	34	15	21
14	35	15	21
14	36	49	50
14	37	43	44
14	38	40	41
14	39	95	96
14	40	0	0
14	41	0	0
14	42	24	30
14	43	58	59
14	44	54	55
14	45	31	32
14	46	31	32
14	47	24	30
14	48	36	37
14	49	107	108
14	50	52	53
14	51	43	44
14	52	151	152
14	53	0	0
14	54	71	72
14	55	140	141
14	56	49	50
14	57	49	50
14	58	129	130
14	59	0	0
14	60	40	41
14	61	54	55
14	62	20	25
14	63	52	53
14	64	31	32
14	65	52	53
14	66	58	59
14	67	186	187
14	68	75	76
14	69	173	174
14	70	133	134
14	71	87	88
14	72	155	156
14	73	58	59
14	74	67	68
14	75	0	0
14	76	0	0
14	77	29	78
14	78	89	90
14	79	43	44
14	80	54	55
14	81	38	39
14	82	77	83
14	83	0	0
14	84	82	85
14	85	112	113
14	86	38	39
14	87	0	0
14	88	0	0
14	89	0	0
14	90	115	116
14	91	69	70
14	92	43	44
14	93	29	78
14	94	36	37
14	95	0	0
14	96	0	0
14	97	75	76
14	98	71	72
14	99	36	37
14	100	58	59
14	101	29	78
14	102	38	39
14	103	77	83
14	104	69	70
14	105	49	50
14	106	40	41
14	107	159	160
14	108	0	0
14	109	69	70
14	110	77	83
14	111	95	96
14	112	122	123
14	113	0	0
14	114	75	76
14	115	144	145
14	116	0	0
14	117	54	55
14	118	77	83
14	119	84	120
14	120	142	143
14	121	82	85
14	122	177	178
14	123	146	147
14	124	0	0
14	125	0	0
14	126	67	68
14	127	87	88
14	128	95	96
14	129	170	171
14	130	0	0
14	131	89	90
14	132	29	78
14	133	0	0
14	134	0	0
14	135	95	96
14	136	112	113
14	137	115	116
14	138	133	134
14	139	115	116
14	140	0	0
14	141	184	185
14	142	0	0
14	143	0	0
14	144	0	0
14	145	157	158
14	146	188	189
14	147	181	182
14	148	119	149
14	149	190	191
14	150	115	116
14	151	0	0
14	152	0	0
14	153	89	90
14	154	107	108
14	155	0	0
14	156	0	0
14	157	0	0
14	158	0	0
14	159	0	0
14	160	0	0
14	161	84	120
14	162	89	90
14	163	157	158
14	164	84	120
14	165	71	72
14	166	107	108
14	167	142	143
14	168	155	156
14	169	122	123
14	170	0	0
14	171	0	0
14	172	133	134
14	173	0	0
14	174	0	0
14	175	119	149
14	176	71	72
14	177	0	0
14	178	0	0
14	179	133	134
14	180	129	130
14	181	195	196
14	182	0	0
14	183	129	130
14	184	0	0
14	185	0	0
14	186	0	0
14	187	0	0
14	188	198	199
14	189	193	194
14	190	0	0
14	191	0	0
14	192	52	53
14	193	0	0
14	194	0	0
14	195	0	0
14	196	0	0
14	197	151	152
14	198	0	0
14	199	0	0
14	200	112	113
