36	1	0	0
36	2	1	3
36	3	0	0
36	4	1	3
36	5	2	6
36	6	7	8
36	7	0	0
36	8	0	0
36	9	5	10
36	10	35	36
36	11	1	3
36	12	5	10
36	13	5	10
36	14	2	6
36	15	5	10
36	16	9	17
36	17	18	19
36	18	54	55
36	19	29	30
36	20	7	8
36	21	7	8
36	22	7	8
36	23	1	3
36	24	9	17
36	25	18	19
36	26	9	17
36	27	2	6
36	28	2	6
36	29	47	48
36	30	39	40
36	31	18	19
36	32	29	30
36	33	9	17
36	34	29	30
36	35	42	43
36	36	50	51
36	37	29	30
36	38	35	36
36	39	0	0
36	40	0	0
36	41	39	40
36	42	0	0
36	43	0	0
36	44	35	36
36	45	42	43
36	46	39	40
36	47	0	0
36	48	0	0
36	49	47	48
36	50	0	0
36	51	0	0
36	52	35	36
36	53	47	48
36	54	92	93
36	55	69	70
36	56	16	57
36	57	60	61
36	58	16	57
36	59	54	55
36	60	66	67
36	61	0	0
36	62	16	57
36	63	39	40
36	64	50	51
36	65	54	55
36	66	79	80
36	67	0	0
36	68	66	67
36	69	0	0
36	70	0	0
36	71	18	19
36	72	42	43
36	73	50	51
36	74	16	57
36	75	66	67
36	76	47	48
36	77	60	61
36	78	69	70
36	79	0	0
36	80	94	95
36	81	69	70
36	82	60	61
36	83	69	70
36	84	79	80
36	85	60	61
36	86	50	51
36	87	66	67
36	88	42	43
36	89	54	55
36	90	56	91
36	91	0	0
36	92	0	0
36	93	0	0
36	94	0	0
36	95	0	0
36	96	94	95
36	97	56	91
36	98	94	95
36	99	56	91
36	100	0	0
