12	1	0	0
12	2	1	3
12	3	0	0
12	4	1	3
12	5	1	3
12	6	2	7
12	7	31	32
12	8	1	3
12	9	6	10
12	10	22	23
12	11	2	7
12	12	2	7
12	13	6	10
12	14	2	7
12	15	9	16
12	16	17	18
12	17	24	25
12	18	35	36
12	19	6	10
12	20	9	16
12	21	17	18
12	22	141	142
12	23	42	43
12	24	28	29
12	25	91	92
12	26	24	25
12	27	24	25
12	28	0	0
12	29	0	0
12	30	24	25
12	31	0	0
12	32	0	0
12	33	28	29
12	34	31	32
12	35	45	46
12	36	102	103
12	37	31	32
12	38	35	36
12	39	35	36
12	40	15	41
12	41	55	56
12	42	0	0
12	43	0	0
12	44	22	23
12	45	0	0
12	46	0	0
12	47	22	23
12	48	35	36
12	49	17	18
12	50	15	41
12	51	45	46
12	52	42	43
12	53	28	29
12	54	22	23
12	55	60	61
12	56	68	69
12	57	17	18
12	58	9	16
12	59	28	29
12	60	62	63
12	61	111	112
12	62	76	77
12	63	252	253
12	64	40	65
12	65	106	107
12	66	15	41
12	67	15	41
12	68	74	75
12	69	78	79
12	70	62	63
12	71	64	72
12	72	86	87
12	73	9	16
12	74	204	205
12	75	0	0
12	76	0	0
12	77	0	0
12	78	0	0
12	79	121	122
12	80	6	10
12	81	62	63
12	82	60	61
12	83	60	61
12	84	60	61
12	85	62	63
12	86	96	97
12	87	104	105
12	88	42	43
12	89	55	56
12	90	42	43
12	91	0	0
12	92	0	0
12	93	91	92
12	94	74	75
12	95	45	46
12	96	100	101
12	97	175	176
12	98	71	99
12	99	152	153
12	100	183	184
12	101	128	129
12	102	0	0
12	103	0	0
12	104	0	0
12	105	116	117
12	106	159	160
12	107	137	138
12	108	74	75
12	109	71	99
12	110	86	87
12	111	123	124
12	112	0	0
12	113	91	92
12	114	74	75
12	115	91	92
12	116	133	134
12	117	256	257
12	118	45	46
12	119	31	32
12	120	78	79
12	121	0	0
12	122	0	0
12	123	0	0
12	124	0	0
12	125	100	101
12	126	86	87
12	127	86	87
12	128	146	147
12	129	131	132
12	130	55	56
12	131	135	136
12	132	157	158
12	133	144	145
12	134	0	0
12	135	0	0
12	136	0	0
12	137	149	150
12	138	0	0
12	139	96	97
12	140	64	72
12	141	0	0
12	142	0	0
12	143	131	132
12	144	212	213
12	145	226	227
12	146	197	198
12	147	0	0
12	148	133	134
12	149	173	174
12	150	223	224
12	151	102	103
12	152	228	229
12	153	296	297
12	154	106	107
12	155	64	72
12	156	96	97
12	157	0	0
12	158	0	0
12	159	162	163
12	160	164	165
12	161	152	153
12	162	168	169
12	163	193	194
12	164	202	203
12	165	0	0
12	166	64	72
12	167	40	65
12	168	0	0
12	169	286	287
12	170	68	69
12	171	78	79
12	172	146	147
12	173	250	251
12	174	0	0
12	175	206	207
12	176	0	0
12	177	149	150
12	178	40	65
12	179	149	150
12	180	104	105
12	181	68	69
12	182	173	174
12	183	0	0
12	184	221	222
12	185	121	122
12	186	68	69
12	187	76	77
12	188	116	117
12	189	183	184
12	190	55	56
12	191	149	150
12	192	157	158
12	193	243	244
12	194	0	0
12	195	78	79
12	196	128	129
12	197	0	0
12	198	0	0
12	199	116	117
12	200	40	65
12	201	100	101
12	202	0	0
12	203	0	0
12	204	0	0
12	205	0	0
12	206	235	236
12	207	270	271
12	208	183	184
12	209	141	142
12	210	106	107
12	211	128	129
12	212	0	0
12	213	0	0
12	214	96	97
12	215	128	129
12	216	193	194
12	217	106	107
12	218	111	112
12	219	144	145
12	220	71	99
12	221	232	233
12	222	239	240
12	223	0	0
12	224	0	0
12	225	206	207
12	226	0	0
12	227	0	0
12	228	266	267
12	229	0	0
12	230	223	224
12	231	102	103
12	232	0	0
12	233	0	0
12	234	111	112
12	235	0	0
12	236	280	281
12	237	133	134
12	238	137	138
12	239	0	0
12	240	0	0
12	241	221	222
12	242	144	145
12	243	0	0
12	244	0	0
12	245	71	99
12	246	104	105
12	247	121	122
12	248	243	244
12	249	111	112
12	250	0	0
12	251	0	0
12	252	0	0
12	253	0	0
12	254	183	184
12	255	123	124
12	256	274	275
12	257	264	265
12	258	131	132
12	259	146	147
12	260	173	174
12	261	102	103
12	262	175	176
12	263	256	257
12	264	0	0
12	265	0	0
12	266	0	0
12	267	0	0
12	268	152	153
12	269	168	169
12	270	292	293
12	271	283	284
12	272	221	222
12	273	228	229
12	274	0	0
12	275	0	0
12	276	204	205
12	277	232	233
12	278	228	229
12	279	173	174
12	280	0	0
12	281	0	0
12	282	133	134
12	283	0	0
12	284	0	0
12	285	204	205
12	286	0	0
12	287	0	0
12	288	204	205
12	289	197	198
12	290	228	229
12	291	168	169
12	292	0	0
12	293	0	0
12	294	159	160
12	295	266	267
12	296	0	0
12	297	0	0
12	298	144	145
12	299	264	265
12	300	137	138
