45	1	0	0
45	2	1	3
45	3	0	0
45	4	1	3
45	5	1	3
45	6	2	7
45	7	8	9
45	8	0	0
45	9	0	0
45	10	2	7
45	11	8	9
45	12	6	13
45	13	0	0
45	14	8	9
45	15	1	3
45	16	2	7
45	17	2	7
45	18	12	19
45	19	24	25
45	20	18	21
45	21	0	0
45	22	18	21
45	23	8	9
45	24	26	27
45	25	37	38
45	26	32	33
45	27	30	31
45	28	20	29
45	29	0	0
45	30	0	0
45	31	0	0
45	32	0	0
45	33	0	0
45	34	30	31
45	35	30	31
45	36	24	25
45	37	0	0
45	38	44	45
45	39	30	31
45	40	6	13
45	41	12	19
45	42	32	33
45	43	26	27
45	44	0	0
45	45	0	0
45	46	12	19
45	47	24	25
45	48	24	25
45	49	44	45
45	50	0	0
