41	1	0	0
41	2	1	3
41	3	0	0
41	4	1	3
41	5	1	3
41	6	1	3
41	7	2	8
41	8	19	20
41	9	7	10
41	10	14	15
41	11	2	8
41	12	7	10
41	13	2	8
41	14	32	33
41	15	27	28
41	16	2	8
41	17	7	10
41	18	7	10
41	19	0	0
41	20	0	0
41	21	19	20
41	22	14	15
41	23	14	15
41	24	19	20
41	25	14	15
41	26	19	20
41	27	0	0
41	28	0	0
41	29	9	30
41	30	41	42
41	31	27	28
41	32	0	0
41	33	0	0
41	34	32	33
41	35	9	30
41	36	9	30
41	37	32	33
41	38	27	28
41	39	9	30
41	40	32	33
41	41	46	47
41	42	44	45
41	43	41	42
41	44	56	57
41	45	66	67
41	46	191	192
41	47	68	69
41	48	44	45
41	49	41	42
41	50	41	42
41	51	29	52
41	52	154	155
41	53	29	52
41	54	44	45
41	55	27	28
41	56	0	0
41	57	0	0
41	58	46	47
41	59	46	47
41	60	46	47
41	61	56	57
41	62	51	63
41	63	70	71
41	64	29	52
41	65	56	57
41	66	0	0
41	67	0	0
41	68	0	0
41	69	0	0
41	70	95	96
41	71	74	75
41	72	68	69
41	73	68	69
41	74	97	98
41	75	80	81
41	76	29	52
41	77	56	57
41	78	44	45
41	79	70	71
41	80	91	92
41	81	104	105
41	82	51	63
41	83	68	69
41	84	66	67
41	85	51	63
41	86	80	81
41	87	66	67
41	88	80	81
41	89	66	67
41	90	74	75
41	91	264	265
41	92	107	108
41	93	51	63
41	94	70	71
41	95	99	100
41	96	203	204
41	97	133	134
41	98	150	151
41	99	269	270
41	100	129	130
41	101	97	98
41	102	74	75
41	103	91	92
41	104	119	120
41	105	145	146
41	106	91	92
41	107	0	0
41	108	0	0
41	109	80	81
41	110	97	98
41	111	62	112
41	112	286	287
41	113	70	71
41	114	107	108
41	115	62	112
41	116	91	92
41	117	104	105
41	118	104	105
41	119	0	0
41	120	0	0
41	121	97	98
41	122	119	120
41	123	111	124
41	124	249	250
41	125	62	112
41	126	62	112
41	127	119	120
41	128	107	108
41	129	164	165
41	130	131	132
41	131	0	0
41	132	0	0
41	133	206	207
41	134	194	195
41	135	133	134
41	136	133	134
41	137	123	138
41	138	0	0
41	139	99	100
41	140	123	138
41	141	104	105
41	142	95	96
41	143	131	132
41	144	111	124
41	145	0	0
41	146	0	0
41	147	145	146
41	148	119	120
41	149	145	146
41	150	177	178
41	151	174	175
41	152	133	134
41	153	107	108
41	154	168	169
41	155	160	161
41	156	95	96
41	157	137	158
41	158	182	183
41	159	131	132
41	160	199	200
41	161	171	172
41	162	99	100
41	163	154	155
41	164	0	0
41	165	0	0
41	166	154	155
41	167	131	132
41	168	218	219
41	169	196	197
41	170	160	161
41	171	233	234
41	172	186	187
41	173	99	100
41	174	0	0
41	175	0	0
41	176	145	146
41	177	0	0
41	178	0	0
41	179	164	165
41	180	129	130
41	181	95	96
41	182	298	299
41	183	251	252
41	184	174	175
41	185	154	155
41	186	0	0
41	187	0	0
41	188	182	183
41	189	157	190
41	190	0	0
41	191	0	0
41	192	0	0
41	193	164	165
41	194	0	0
41	195	0	0
41	196	0	0
41	197	0	0
41	198	191	192
41	199	0	0
41	200	0	0
41	201	177	178
41	202	111	124
41	203	254	255
41	204	222	223
41	205	191	192
41	206	0	0
41	207	0	0
41	208	189	209
41	209	262	263
41	210	111	124
41	211	191	192
41	212	186	187
41	213	123	138
41	214	208	215
41	215	239	240
41	216	189	209
41	217	150	151
41	218	276	277
41	219	224	225
41	220	203	204
41	221	186	187
41	222	0	0
41	223	245	246
41	224	0	0
41	225	0	0
41	226	160	161
41	227	214	228
41	228	292	293
41	229	224	225
41	230	157	190
41	231	182	183
41	232	214	228
41	233	0	0
41	234	0	0
41	235	123	138
41	236	222	223
41	237	189	209
41	238	177	178
41	239	0	0
41	240	0	0
41	241	239	240
41	242	233	234
41	243	203	204
41	244	74	75
41	245	0	0
41	246	0	0
41	247	196	197
41	248	239	240
41	249	273	274
41	250	0	0
41	251	0	0
41	252	284	285
41	253	186	187
41	254	0	0
41	255	0	0
41	256	168	169
41	257	150	151
41	258	199	200
41	259	174	175
41	260	150	151
41	261	233	234
41	262	0	0
41	263	0	0
41	264	0	0
41	265	0	0
41	266	208	215
41	267	157	190
41	268	182	183
41	269	0	0
41	270	0	0
41	271	206	207
41	272	199	200
41	273	294	295
41	274	0	0
41	275	214	228
41	276	0	0
41	277	0	0
41	278	276	277
41	279	177	178
41	280	254	255
41	281	227	282
41	282	0	0
41	283	189	209
41	284	290	291
41	285	0	0
41	286	0	0
41	287	0	0
41	288	273	274
41	289	174	175
41	290	0	0
41	291	0	0
41	292	0	0
41	293	0	0
41	294	0	0
41	295	0	0
41	296	224	225
41	297	196	197
41	298	0	0
41	299	0	0
41	300	137	158
