46	1	0	0
46	2	1	3
46	3	0	0
46	4	1	3
46	5	1	3
46	6	1	3
46	7	2	8
46	8	10	11
46	9	2	8
46	10	0	0
46	11	0	0
46	12	10	11
46	13	2	8
46	14	2	8
46	15	10	11
46	16	7	17
46	17	31	32
46	18	10	11
46	19	7	17
46	20	7	17
46	21	7	17
46	22	16	23
46	23	27	28
46	24	16	23
46	25	22	26
46	26	39	40
46	27	48	49
46	28	33	34
46	29	22	26
46	30	22	26
46	31	55	56
46	32	53	54
46	33	65	66
46	34	50	51
46	35	33	34
46	36	25	37
46	37	282	283
46	38	33	34
46	39	61	62
46	40	46	47
46	41	36	42
46	42	72	73
46	43	27	28
46	44	16	23
46	45	39	40
46	46	309	310
46	47	57	58
46	48	95	96
46	49	268	269
46	50	0	0
46	51	0	0
46	52	31	32
46	53	0	0
46	54	0	0
46	55	0	0
46	56	0	0
46	57	70	71
46	58	142	143
46	59	22	26
46	60	16	23
46	61	74	75
46	62	266	267
46	63	53	54
46	64	39	40
46	65	0	0
46	66	0	0
46	67	33	34
46	68	39	40
46	69	53	54
46	70	0	0
46	71	0	0
46	72	76	77
46	73	85	86
46	74	91	92
46	75	117	118
46	76	159	160
46	77	284	285
46	78	70	71
46	79	65	66
46	80	70	71
46	81	25	37
46	82	27	28
46	83	31	32
46	84	36	42
46	85	102	103
46	86	97	98
46	87	36	42
46	88	85	86
46	89	65	66
46	90	55	56
46	91	0	0
46	92	0	0
46	93	41	94
46	94	104	105
46	95	0	0
46	96	0	0
46	97	130	131
46	98	120	121
46	99	25	37
46	100	55	56
46	101	50	51
46	102	165	166
46	103	110	111
46	104	127	128
46	105	144	145
46	106	41	94
46	107	27	28
46	108	53	54
46	109	36	42
46	110	133	134
46	111	184	185
46	112	65	66
46	113	48	49
46	114	57	58
46	115	104	105
46	116	110	111
46	117	0	0
46	118	0	0
46	119	31	32
46	120	253	254
46	121	326	327
46	122	110	111
46	123	55	56
46	124	76	77
46	125	50	51
46	126	117	118
46	127	218	219
46	128	347	348
46	129	25	37
46	130	137	138
46	131	301	302
46	132	41	94
46	133	151	152
46	134	198	199
46	135	91	92
46	136	85	86
46	137	186	187
46	138	174	175
46	139	46	47
46	140	61	62
46	141	130	131
46	142	0	0
46	143	0	0
46	144	180	181
46	145	0	0
46	146	76	77
46	147	130	131
46	148	85	86
46	149	61	62
46	150	95	96
46	151	0	0
46	152	0	0
46	153	117	118
46	154	151	152
46	155	110	111
46	156	74	75
46	157	142	143
46	158	91	92
46	159	0	0
46	160	244	245
46	161	91	92
46	162	70	71
46	163	97	98
46	164	104	105
46	165	200	201
46	166	178	179
46	167	117	118
46	168	95	96
46	169	144	145
46	170	142	143
46	171	137	138
46	172	48	49
46	173	72	73
46	174	0	0
46	175	0	0
46	176	93	177
46	177	272	273
46	178	242	243
46	179	411	412
46	180	451	452
46	181	316	317
46	182	57	58
46	183	180	181
46	184	224	225
46	185	222	223
46	186	0	0
46	187	0	0
46	188	142	143
46	189	97	98
46	190	41	94
46	191	72	73
46	192	120	121
46	193	159	160
46	194	133	134
46	195	61	62
46	196	174	175
46	197	174	175
46	198	0	0
46	199	0	0
46	200	355	356
46	201	296	297
46	202	95	96
46	203	50	51
46	204	159	160
46	205	184	185
46	206	57	58
46	207	178	179
46	208	159	160
46	209	174	175
46	210	198	199
46	211	186	187
46	212	74	75
46	213	48	49
46	214	198	199
46	215	198	199
46	216	200	201
46	217	178	179
46	218	227	228
46	219	259	260
46	220	127	128
46	221	137	138
46	222	0	0
46	223	0	0
46	224	0	0
46	225	0	0
46	226	74	75
46	227	239	240
46	228	494	495
46	229	224	225
46	230	222	223
46	231	46	47
46	232	218	219
46	233	120	121
46	234	93	177
46	235	218	219
46	236	176	237
46	237	419	420
46	238	222	223
46	239	261	262
46	240	311	312
46	241	176	237
46	242	0	0
46	243	0	0
46	244	0	0
46	245	277	278
46	246	176	237
46	247	130	131
46	248	127	128
46	249	144	145
46	250	242	243
46	251	186	187
46	252	151	152
46	253	0	0
46	254	255	256
46	255	0	0
46	256	0	0
46	257	227	228
46	258	97	98
46	259	299	300
46	260	488	489
46	261	0	0
46	262	291	292
46	263	224	225
46	264	180	181
46	265	227	228
46	266	458	459
46	267	404	405
46	268	0	0
46	269	0	0
46	270	165	166
46	271	261	262
46	272	289	290
46	273	334	335
46	274	176	237
46	275	102	103
46	276	200	201
46	277	319	320
46	278	399	400
46	279	255	256
46	280	242	243
46	281	120	121
46	282	344	345
46	283	342	343
46	284	433	434
46	285	0	0
46	286	259	260
46	287	178	179
46	288	165	166
46	289	329	330
46	290	0	0
46	291	0	0
46	292	0	0
46	293	186	187
46	294	165	166
46	295	151	152
46	296	0	0
46	297	0	0
46	298	296	297
46	299	307	308
46	300	0	0
46	301	406	407
46	302	423	424
46	303	224	225
46	304	299	300
46	305	289	290
46	306	76	77
46	307	0	0
46	308	363	364
46	309	0	0
46	310	353	354
46	311	0	0
46	312	455	456
46	313	291	292
46	314	272	273
46	315	133	134
46	316	0	0
46	317	337	338
46	318	296	297
46	319	0	0
46	320	0	0
46	321	282	283
46	322	184	185
46	323	72	73
46	324	104	105
46	325	227	228
46	326	360	361
46	327	0	0
46	328	319	320
46	329	496	497
46	330	365	366
46	331	272	273
46	332	326	327
46	333	144	145
46	334	467	468
46	335	0	0
46	336	180	181
46	337	0	0
46	338	429	430
46	339	334	335
46	340	137	138
46	341	242	243
46	342	0	0
46	343	368	369
46	344	350	351
46	345	0	0
46	346	309	310
46	347	0	0
46	348	388	389
46	349	133	134
46	350	0	0
46	351	376	377
46	352	244	245
46	353	0	0
46	354	0	0
46	355	0	0
46	356	0	0
46	357	334	335
46	358	93	177
46	359	200	201
46	360	0	0
46	361	0	0
46	362	319	320
46	363	0	0
46	364	0	0
46	365	426	427
46	366	393	394
46	367	316	317
46	368	0	0
46	369	0	0
46	370	289	290
46	371	261	262
46	372	344	345
46	373	309	310
46	374	360	361
46	375	284	285
46	376	0	0
46	377	0	0
46	378	93	177
46	379	272	273
46	380	127	128
46	381	301	302
46	382	222	223
46	383	311	312
46	384	347	348
46	385	261	262
46	386	259	260
46	387	311	312
46	388	474	475
46	389	0	0
46	390	299	300
46	391	326	327
46	392	309	310
46	393	401	402
46	394	413	414
46	395	334	335
46	396	388	389
46	397	376	377
46	398	277	278
46	399	0	0
46	400	0	0
46	401	0	0
46	402	483	484
46	403	307	308
46	404	0	0
46	405	0	0
46	406	0	0
46	407	0	0
46	408	393	394
46	409	404	405
46	410	301	302
46	411	0	0
46	412	0	0
46	413	0	0
46	414	0	0
46	415	102	103
46	416	399	400
46	417	355	356
46	418	337	338
46	419	464	465
46	420	0	0
46	421	253	254
46	422	363	364
46	423	0	0
46	424	0	0
46	425	102	103
46	426	0	0
46	427	0	0
46	428	277	278
46	429	0	0
46	430	0	0
46	431	406	407
46	432	368	369
46	433	449	450
46	434	0	0
46	435	429	430
46	436	291	292
46	437	311	312
46	438	388	389
46	439	433	434
46	440	401	402
46	441	291	292
46	442	46	47
46	443	244	245
46	444	268	269
46	445	337	338
46	446	350	351
46	447	268	269
46	448	368	369
46	449	0	0
46	450	485	486
46	451	0	0
46	452	0	0
46	453	282	283
46	454	353	354
46	455	0	0
46	456	0	0
46	457	355	356
46	458	0	0
46	459	0	0
46	460	365	366
46	461	350	351
46	462	458	459
46	463	266	267
46	464	0	0
46	465	0	0
46	466	355	356
46	467	0	0
46	468	0	0
46	469	259	260
46	470	360	361
46	471	388	389
46	472	326	327
46	473	347	348
46	474	0	0
46	475	0	0
46	476	342	343
46	477	329	330
46	478	423	424
46	479	307	308
46	480	277	278
46	481	296	297
46	482	218	219
46	483	490	491
46	484	0	0
46	485	0	0
46	486	0	0
46	487	449	450
46	488	0	0
46	489	0	0
46	490	0	0
46	491	0	0
46	492	350	351
46	493	284	285
46	494	0	0
46	495	0	0
46	496	0	0
46	497	0	0
46	498	244	245
46	499	455	456
46	500	474	475
