3	1	0	0
3	2	1	3
3	3	0	0
3	4	1	3
3	5	1	3
3	6	1	3
3	7	2	8
3	8	28	29
3	9	2	8
3	10	7	11
3	11	14	15
3	12	7	11
3	13	2	8
3	14	21	22
3	15	19	20
3	16	7	11
3	17	14	15
3	18	7	11
3	19	0	0
3	20	0	0
3	21	0	0
3	22	0	0
3	23	21	22
3	24	14	15
3	25	14	15
3	26	19	20
3	27	21	22
3	28	0	0
3	29	0	0
3	30	2	8
3	31	10	32
3	32	34	35
3	33	28	29
3	34	56	57
3	35	40	41
3	36	19	20
3	37	21	22
3	38	31	39
3	39	44	45
3	40	58	59
3	41	79	80
3	42	31	39
3	43	40	41
3	44	54	55
3	45	50	51
3	46	40	41
3	47	34	35
3	48	34	35
3	49	28	29
3	50	95	96
3	51	104	105
3	52	50	51
3	53	50	51
3	54	67	68
3	55	0	0
3	56	71	72
3	57	61	62
3	58	0	0
3	59	0	0
3	60	34	35
3	61	0	0
3	62	0	0
3	63	40	41
3	64	58	59
3	65	28	29
3	66	54	55
3	67	133	134
3	68	73	74
3	69	58	59
3	70	54	55
3	71	0	0
3	72	0	0
3	73	0	0
3	74	0	0
3	75	19	20
3	76	61	62
3	77	58	59
3	78	73	74
3	79	0	0
3	80	0	0
3	81	79	80
3	82	73	74
3	83	50	51
3	84	67	68
3	85	10	32
3	86	67	68
3	87	10	32
3	88	67	68
3	89	79	80
3	90	71	72
3	91	38	92
3	92	0	0
3	93	73	74
3	94	44	45
3	95	0	0
3	96	161	162
3	97	71	72
3	98	56	57
3	99	61	62
3	100	38	92
3	101	61	62
3	102	71	72
3	103	44	45
3	104	107	108
3	105	142	143
3	106	56	57
3	107	0	0
3	108	0	0
3	109	91	110
3	110	111	112
3	111	116	117
3	112	155	156
3	113	38	92
3	114	44	45
3	115	56	57
3	116	0	0
3	117	153	154
3	118	107	108
3	119	116	117
3	120	10	32
3	121	54	55
3	122	91	110
3	123	91	110
3	124	111	112
3	125	91	110
3	126	109	127
3	127	0	0
3	128	126	129
3	129	159	160
3	130	128	131
3	131	145	146
3	132	79	80
3	133	0	0
3	134	0	0
3	135	133	134
3	136	128	131
3	137	130	138
3	138	164	165
3	139	109	127
3	140	95	96
3	141	128	131
3	142	0	0
3	143	0	0
3	144	109	127
3	145	0	0
3	146	0	0
3	147	126	129
3	148	104	105
3	149	128	131
3	150	31	39
3	151	142	143
3	152	31	39
3	153	0	0
3	154	157	158
3	155	0	0
3	156	0	0
3	157	187	188
3	158	167	168
3	159	0	0
3	160	0	0
3	161	0	0
3	162	0	0
3	163	145	146
3	164	174	175
3	165	172	173
3	166	111	112
3	167	0	0
3	168	0	0
3	169	111	112
3	170	107	108
3	171	126	129
3	172	0	0
3	173	195	196
3	174	181	182
3	175	0	0
3	176	104	105
3	177	167	168
3	178	95	96
3	179	133	134
3	180	155	156
3	181	0	0
3	182	0	0
3	183	181	182
3	184	145	146
3	185	181	182
3	186	159	160
3	187	0	0
3	188	199	200
3	189	130	138
3	190	187	188
3	191	126	129
3	192	145	146
3	193	181	182
3	194	172	173
3	195	0	0
3	196	0	0
3	197	107	108
3	198	153	154
3	199	0	0
3	200	0	0
