48	1	0	0
48	2	1	3
48	3	0	0
48	4	2	5
48	5	6	7
48	6	0	0
48	7	0	0
48	8	2	5
48	9	4	10
48	10	12	13
48	11	6	7
48	12	24	25
48	13	26	27
48	14	2	5
48	15	4	10
48	16	4	10
48	17	4	10
48	18	12	13
48	19	12	13
48	20	1	3
48	21	2	5
48	22	1	3
48	23	1	3
48	24	0	0
48	25	0	0
48	26	0	0
48	27	0	0
48	28	24	25
48	29	6	7
48	30	9	31
48	31	33	34
48	32	9	31
48	33	83	84
48	34	45	46
48	35	30	36
48	36	53	54
48	37	26	27
48	38	35	39
48	39	68	69
48	40	9	31
48	41	9	31
48	42	30	36
48	43	26	27
48	44	6	7
48	45	101	102
48	46	229	230
48	47	35	39
48	48	35	39
48	49	33	34
48	50	24	25
48	51	33	34
48	52	45	46
48	53	56	57
48	54	89	90
48	55	53	54
48	56	79	80
48	57	64	65
48	58	12	13
48	59	35	39
48	60	26	27
48	61	53	54
48	62	33	34
48	63	53	54
48	64	70	71
48	65	156	157
48	66	30	36
48	67	56	57
48	68	81	82
48	69	108	109
48	70	0	0
48	71	0	0
48	72	64	65
48	73	30	36
48	74	56	57
48	75	70	71
48	76	45	46
48	77	64	65
48	78	70	71
48	79	98	99
48	80	137	138
48	81	197	198
48	82	110	111
48	83	308	309
48	84	239	240
48	85	79	80
48	86	64	65
48	87	38	88
48	88	95	96
48	89	154	155
48	90	93	94
48	91	38	88
48	92	56	57
48	93	134	135
48	94	128	129
48	95	203	204
48	96	158	159
48	97	89	90
48	98	0	0
48	99	0	0
48	100	83	84
48	101	0	0
48	102	0	0
48	103	81	82
48	104	83	84
48	105	45	46
48	106	83	84
48	107	70	71
48	108	214	215
48	109	126	127
48	110	147	148
48	111	121	122
48	112	95	96
48	113	93	94
48	114	24	25
48	115	79	80
48	116	101	102
48	117	68	69
48	118	89	90
48	119	68	69
48	120	95	96
48	121	124	125
48	122	140	141
48	123	79	80
48	124	0	0
48	125	0	0
48	126	236	237
48	127	131	132
48	128	0	0
48	129	0	0
48	130	81	82
48	131	297	298
48	132	149	150
48	133	128	129
48	134	0	0
48	135	0	0
48	136	95	96
48	137	0	0
48	138	0	0
48	139	108	109
48	140	0	0
48	141	0	0
48	142	131	132
48	143	121	122
48	144	134	135
48	145	81	82
48	146	126	127
48	147	182	183
48	148	348	349
48	149	0	0
48	150	0	0
48	151	89	90
48	152	68	69
48	153	147	148
48	154	410	411
48	155	172	173
48	156	0	0
48	157	0	0
48	158	200	201
48	159	185	186
48	160	147	148
48	161	93	94
48	162	101	102
48	163	121	122
48	164	140	141
48	165	128	129
48	166	154	155
48	167	137	138
48	168	158	159
48	169	154	155
48	170	110	111
48	171	147	148
48	172	0	0
48	173	0	0
48	174	101	102
48	175	38	88
48	176	128	129
48	177	121	122
48	178	93	94
48	179	156	157
48	180	131	132
48	181	131	132
48	182	0	0
48	183	0	0
48	184	156	157
48	185	192	193
48	186	359	360
48	187	185	186
48	188	140	141
48	189	154	155
48	190	124	125
48	191	38	88
48	192	318	319
48	193	289	290
48	194	192	193
48	195	98	99
48	196	126	127
48	197	328	329
48	198	283	284
48	199	134	135
48	200	294	295
48	201	221	222
48	202	110	111
48	203	247	248
48	204	225	226
48	205	192	193
48	206	197	198
48	207	185	186
48	208	182	183
48	209	172	173
48	210	197	198
48	211	110	111
48	212	108	109
48	213	172	173
48	214	266	267
48	215	216	217
48	216	227	228
48	217	672	673
48	218	182	183
48	219	126	127
48	220	200	201
48	221	243	244
48	222	382	383
48	223	134	135
48	224	172	173
48	225	357	358
48	226	232	233
48	227	0	0
48	228	0	0
48	229	0	0
48	230	0	0
48	231	124	125
48	232	274	275
48	233	413	414
48	234	182	183
48	235	124	125
48	236	271	272
48	237	362	363
48	238	149	150
48	239	0	0
48	240	0	0
48	241	239	240
48	242	140	141
48	243	280	281
48	244	259	260
48	245	149	150
48	246	197	198
48	247	326	327
48	248	250	251
48	249	247	248
48	250	278	279
48	251	264	265
48	252	239	240
48	253	149	150
48	254	203	204
48	255	229	230
48	256	227	228
48	257	185	186
48	258	137	138
48	259	0	0
48	260	0	0
48	261	200	201
48	262	200	201
48	263	229	230
48	264	285	286
48	265	456	457
48	266	342	343
48	267	496	497
48	268	225	226
48	269	232	233
48	270	137	138
48	271	0	0
48	272	0	0
48	273	214	215
48	274	367	368
48	275	375	376
48	276	227	228
48	277	216	217
48	278	312	313
48	279	468	469
48	280	0	0
48	281	0	0
48	282	247	248
48	283	320	321
48	284	315	316
48	285	0	0
48	286	0	0
48	287	259	260
48	288	227	228
48	289	805	806
48	290	406	407
48	291	232	233
48	292	98	99
48	293	259	260
48	294	300	301
48	295	310	311
48	296	278	279
48	297	0	0
48	298	0	0
48	299	236	237
48	300	395	396
48	301	637	638
48	302	236	237
48	303	243	244
48	304	229	230
48	305	214	215
48	306	289	290
48	307	264	265
48	308	0	0
48	309	0	0
48	310	515	516
48	311	354	355
48	312	0	0
48	313	0	0
48	314	247	248
48	315	0	0
48	316	0	0
48	317	250	251
48	318	568	569
48	319	331	332
48	320	0	0
48	321	0	0
48	322	243	244
48	323	259	260
48	324	274	275
48	325	294	295
48	326	466	467
48	327	554	555
48	328	429	430
48	329	575	576
48	330	108	109
48	331	0	0
48	332	0	0
48	333	328	329
48	334	243	244
48	335	310	311
48	336	98	99
48	337	214	215
48	338	285	286
48	339	294	295
48	340	87	341
48	341	550	551
48	342	0	0
48	343	0	0
48	344	271	272
48	345	331	332
48	346	300	301
48	347	239	240
48	348	0	0
48	349	0	0
48	350	308	309
48	351	331	332
48	352	266	267
48	353	310	311
48	354	0	0
48	355	0	0
48	356	312	313
48	357	460	461
48	358	365	366
48	359	731	732
48	360	486	487
48	361	359	360
48	362	0	0
48	363	0	0
48	364	326	327
48	365	441	442
48	366	462	463
48	367	0	0
48	368	0	0
48	369	362	363
48	370	362	363
48	371	342	343
48	372	348	349
48	373	297	298
48	374	331	332
48	375	0	0
48	376	0	0
48	377	278	279
48	378	264	265
48	379	367	368
48	380	156	157
48	381	320	321
48	382	422	423
48	383	448	449
48	384	274	275
48	385	348	349
48	386	264	265
48	387	216	217
48	388	232	233
48	389	274	275
48	390	310	311
48	391	320	321
48	392	342	343
48	393	285	286
48	394	225	226
48	395	0	0
48	396	0	0
48	397	328	329
48	398	395	396
48	399	236	237
48	400	271	272
48	401	340	402
48	402	501	502
48	403	294	295
48	404	285	286
48	405	357	358
48	406	0	0
48	407	0	0
48	408	382	383
48	409	375	376
48	410	0	0
48	411	0	0
48	412	340	402
48	413	547	548
48	414	415	416
48	415	0	0
48	416	0	0
48	417	340	402
48	418	362	363
48	419	225	226
48	420	318	319
48	421	283	284
48	422	0	0
48	423	0	0
48	424	271	272
48	425	354	355
48	426	340	402
48	427	357	358
48	428	410	411
48	429	0	0
48	430	0	0
48	431	354	355
48	432	395	396
48	433	354	355
48	434	289	290
48	435	158	159
48	436	308	309
48	437	326	327
48	438	410	411
48	439	382	383
48	440	357	358
48	441	0	0
48	442	0	0
48	443	406	407
48	444	280	281
48	445	216	217
48	446	429	430
48	447	382	383
48	448	0	0
48	449	0	0
48	450	410	411
48	451	318	319
48	452	342	343
48	453	192	193
48	454	312	313
48	455	158	159
48	456	0	0
48	457	0	0
48	458	367	368
48	459	320	321
48	460	635	636
48	461	510	511
48	462	0	0
48	463	0	0
48	464	415	416
48	465	250	251
48	466	517	518
48	467	498	499
48	468	0	0
48	469	0	0
48	470	297	298
48	471	415	416
48	472	460	461
48	473	413	414
48	474	413	414
48	475	308	309
48	476	359	360
48	477	375	376
48	478	278	279
48	479	289	290
48	480	326	327
48	481	395	396
48	482	250	251
48	483	406	407
48	484	406	407
48	485	456	457
48	486	526	527
48	487	823	824
48	488	328	329
48	489	318	319
48	490	203	204
48	491	297	298
48	492	413	414
48	493	468	469
48	494	359	360
48	495	280	281
48	496	0	0
48	497	0	0
48	498	0	0
48	499	0	0
48	500	315	316
48	501	505	506
48	502	534	535
48	503	401	504
48	504	531	532
48	505	618	619
48	506	538	539
48	507	280	281
48	508	315	316
48	509	312	313
48	510	0	0
48	511	0	0
48	512	203	204
48	513	466	467
48	514	496	497
48	515	0	0
48	516	0	0
48	517	0	0
48	518	0	0
48	519	365	366
48	520	468	469
48	521	422	423
48	522	462	463
48	523	283	284
48	524	367	368
48	525	283	284
48	526	0	0
48	527	0	0
48	528	448	449
48	529	526	527
48	530	266	267
48	531	559	560
48	532	563	564
48	533	429	430
48	534	999	1000
48	535	613	614
48	536	315	316
48	537	501	502
48	538	544	545
48	539	855	856
48	540	462	463
48	541	462	463
48	542	517	518
48	543	422	423
48	544	600	601
48	545	572	573
48	546	429	430
48	547	0	0
48	548	0	0
48	549	515	516
48	550	663	664
48	551	623	624
48	552	515	516
48	553	501	502
48	554	629	630
48	555	706	707
48	556	415	416
48	557	534	535
48	558	496	497
48	559	765	766
48	560	593	594
48	561	266	267
48	562	375	376
48	563	615	616
48	564	608	609
48	565	531	532
48	566	498	499
48	567	466	467
48	568	0	0
48	569	0	0
48	570	538	539
48	571	348	349
48	572	794	795
48	573	674	675
48	574	505	506
48	575	0	0
48	576	0	0
48	577	550	551
48	578	221	222
48	579	448	449
48	580	460	461
48	581	534	535
48	582	441	442
48	583	559	560
48	584	510	511
48	585	498	499
48	586	456	457
48	587	575	576
48	588	460	461
48	589	87	341
48	590	486	487
48	591	526	527
48	592	456	457
48	593	724	725
48	594	611	612
48	595	501	502
48	596	526	527
48	597	448	449
48	598	401	504
48	599	300	301
48	600	967	968
48	601	621	622
48	602	544	545
48	603	87	341
48	604	401	504
48	605	441	442
48	606	554	555
48	607	422	423
48	608	659	660
48	609	708	709
48	610	534	535
48	611	649	650
48	612	667	668
48	613	657	658
48	614	0	0
48	615	721	722
48	616	670	671
48	617	441	442
48	618	0	0
48	619	677	678
48	620	486	487
48	621	626	627
48	622	0	0
48	623	681	682
48	624	758	759
48	625	515	516
48	626	860	861
48	627	633	634
48	628	621	622
48	629	0	0
48	630	0	0
48	631	531	532
48	632	547	548
48	633	0	0
48	634	0	0
48	635	0	0
48	636	0	0
48	637	0	0
48	638	0	0
48	639	554	555
48	640	486	487
48	641	547	548
48	642	633	634
48	643	615	616
48	644	510	511
48	645	87	341
48	646	365	366
48	647	593	594
48	648	563	564
48	649	702	703
48	650	781	782
48	651	637	638
48	652	623	624
48	653	300	301
48	654	637	638
48	655	365	366
48	656	615	616
48	657	753	754
48	658	852	853
48	659	774	775
48	660	756	757
48	661	468	469
48	662	629	630
48	663	695	696
48	664	0	0
48	665	657	658
48	666	568	569
48	667	689	690
48	668	937	938
48	669	466	467
48	670	714	715
48	671	0	0
48	672	0	0
48	673	0	0
48	674	0	0
48	675	0	0
48	676	667	668
48	677	812	813
48	678	821	822
48	679	649	650
48	680	568	569
48	681	866	867
48	682	0	0
48	683	681	682
48	684	568	569
48	685	517	518
48	686	667	668
48	687	575	576
48	688	613	614
48	689	0	0
48	690	738	739
48	691	538	539
48	692	496	497
48	693	550	551
48	694	674	675
48	695	0	0
48	696	700	701
48	697	498	499
48	698	559	560
48	699	608	609
48	700	0	0
48	701	762	763
48	702	735	736
48	703	717	718
48	704	637	638
48	705	221	222
48	706	0	0
48	707	0	0
48	708	747	748
48	709	768	769
48	710	547	548
48	711	554	555
48	712	550	551
48	713	608	609
48	714	0	0
48	715	0	0
48	716	702	703
48	717	846	847
48	718	810	811
48	719	572	573
48	720	674	675
48	721	726	727
48	722	0	0
48	723	572	573
48	724	0	0
48	725	941	942
48	726	0	0
48	727	0	0
48	728	633	634
48	729	600	601
48	730	611	612
48	731	0	0
48	732	0	0
48	733	623	624
48	734	649	650
48	735	0	0
48	736	818	819
48	737	726	727
48	738	777	778
48	739	797	798
48	740	724	725
48	741	626	627
48	742	708	709
48	743	649	650
48	744	503	745
48	745	790	791
48	746	735	736
48	747	771	772
48	748	0	0
48	749	672	673
48	750	735	736
48	751	538	539
48	752	517	518
48	753	783	784
48	754	0	0
48	755	505	506
48	756	862	863
48	757	883	884
48	758	0	0
48	759	0	0
48	760	559	560
48	761	700	701
48	762	844	845
48	763	814	815
48	764	618	619
48	765	0	0
48	766	922	923
48	767	626	627
48	768	885	886
48	769	0	0
48	770	689	690
48	771	816	817
48	772	0	0
48	773	621	622
48	774	0	0
48	775	945	946
48	776	762	763
48	777	786	787
48	778	915	916
48	779	714	715
48	780	503	745
48	781	857	858
48	782	0	0
48	783	976	977
48	784	842	843
48	785	672	673
48	786	0	0
48	787	0	0
48	788	600	601
48	789	510	511
48	790	981	982
48	791	899	900
48	792	621	622
48	793	657	658
48	794	0	0
48	795	984	985
48	796	600	601
48	797	828	829
48	798	833	834
48	799	575	576
48	800	758	759
48	801	657	658
48	802	721	722
48	803	633	634
48	804	663	664
48	805	0	0
48	806	0	0
48	807	805	806
48	808	618	619
48	809	401	504
48	810	848	849
48	811	0	0
48	812	0	0
48	813	836	837
48	814	905	906
48	815	0	0
48	816	0	0
48	817	0	0
48	818	0	0
48	819	0	0
48	820	695	696
48	821	864	865
48	822	890	891
48	823	0	0
48	824	0	0
48	825	629	630
48	826	702	703
48	827	816	817
48	828	0	0
48	829	0	0
48	830	670	671
48	831	731	732
48	832	768	769
48	833	0	0
48	834	0	0
48	835	823	824
48	836	0	0
48	837	876	877
48	838	814	815
48	839	777	778
48	840	814	815
48	841	593	594
48	842	0	0
48	843	0	0
48	844	0	0
48	845	902	903
48	846	0	0
48	847	895	896
48	848	0	0
48	849	0	0
48	850	731	732
48	851	724	725
48	852	927	928
48	853	869	870
48	854	706	707
48	855	0	0
48	856	934	935
48	857	0	0
48	858	925	926
48	859	702	703
48	860	0	0
48	861	0	0
48	862	0	0
48	863	0	0
48	864	0	0
48	865	892	893
48	866	0	0
48	867	918	919
48	868	747	748
48	869	909	910
48	870	0	0
48	871	505	506
48	872	611	612
48	873	828	829
48	874	805	806
48	875	758	759
48	876	957	958
48	877	952	953
48	878	812	813
48	879	717	718
48	880	618	619
48	881	663	664
48	882	721	722
48	883	992	993
48	884	0	0
48	885	931	932
48	886	0	0
48	887	572	573
48	888	681	682
48	889	700	701
48	890	974	975
48	891	0	0
48	892	948	949
48	893	0	0
48	894	821	822
48	895	0	0
48	896	0	0
48	897	823	824
48	898	726	727
48	899	0	0
48	900	0	0
48	901	869	870
48	902	0	0
48	903	0	0
48	904	747	748
48	905	0	0
48	906	0	0
48	907	790	791
48	908	700	701
48	909	0	0
48	910	0	0
48	911	677	678
48	912	828	829
48	913	781	782
48	914	695	696
48	915	0	0
48	916	0	0
48	917	805	806
48	918	0	0
48	919	0	0
48	920	812	813
48	921	659	660
48	922	0	0
48	923	0	0
48	924	689	690
48	925	0	0
48	926	0	0
48	927	0	0
48	928	0	0
48	929	689	690
48	930	862	863
48	931	0	0
48	932	0	0
48	933	531	532
48	934	0	0
48	935	970	971
48	936	786	787
48	937	988	989
48	938	0	0
48	939	629	630
48	940	747	748
48	941	959	960
48	942	0	0
48	943	503	745
48	944	844	845
48	945	0	0
48	946	0	0
48	947	659	660
48	948	0	0
48	949	0	0
48	950	925	926
48	951	670	671
48	952	0	0
48	953	0	0
48	954	925	926
48	955	674	675
48	956	816	817
48	957	0	0
48	958	0	0
48	959	990	991
48	960	0	0
48	961	862	863
48	962	941	942
48	963	756	757
48	964	892	893
48	965	833	834
48	966	635	636
48	967	0	0
48	968	0	0
48	969	931	932
48	970	0	0
48	971	0	0
48	972	663	664
48	973	846	847
48	974	0	0
48	975	0	0
48	976	0	0
48	977	0	0
48	978	771	772
48	979	895	896
48	980	864	865
48	981	0	0
48	982	0	0
48	983	918	919
48	984	0	0
48	985	0	0
48	986	724	725
48	987	922	923
48	988	996	997
48	989	0	0
48	990	0	0
48	991	0	0
48	992	0	0
48	993	0	0
48	994	905	906
48	995	667	668
48	996	0	0
48	997	0	0
48	998	842	843
48	999	0	0
48	1000	0	0
