28	1	0	0
28	2	1	3
28	3	0	0
28	4	2	5
28	5	8	9
28	6	1	3
28	7	2	5
28	8	0	0
28	9	0	0
28	10	8	9
28	11	1	3
28	12	2	5
28	13	8	9
28	14	8	9
28	15	4	16
28	16	18	19
28	17	4	16
28	18	79	80
28	19	24	25
28	20	18	19
28	21	2	5
28	22	4	16
28	23	18	19
28	24	0	0
28	25	0	0
28	26	15	27
28	27	38	39
28	28	26	29
28	29	88	89
28	30	4	16
28	31	28	32
28	32	0	0
28	33	31	34
28	34	57	58
28	35	31	34
28	36	18	19
28	37	24	25
28	38	68	69
28	39	44	45
28	40	1	3
28	41	15	27
28	42	28	32
28	43	28	32
28	44	64	65
28	45	76	77
28	46	24	25
28	47	15	27
28	48	38	39
28	49	44	45
28	50	28	32
28	51	24	25
28	52	33	53
28	53	54	55
28	54	72	73
28	55	0	0
28	56	54	55
28	57	0	0
28	58	0	0
28	59	33	53
28	60	15	27
28	61	44	45
28	62	26	29
28	63	38	39
28	64	0	0
28	65	0	0
28	66	38	39
28	67	33	53
28	68	0	0
28	69	0	0
28	70	33	53
28	71	57	58
28	72	0	0
28	73	86	87
28	74	72	73
28	75	26	29
28	76	0	0
28	77	0	0
28	78	54	55
28	79	0	0
28	80	0	0
28	81	52	82
28	82	0	0
28	83	76	77
28	84	79	80
28	85	44	45
28	86	96	97
28	87	0	0
28	88	0	0
28	89	0	0
28	90	31	34
28	91	54	55
28	92	81	93
28	93	0	0
28	94	52	82
28	95	52	82
28	96	0	0
28	97	0	0
28	98	79	80
28	99	31	34
28	100	64	65
