16	1	0	0
16	2	1	3
16	3	0	0
16	4	2	5
16	5	10	11
16	6	4	7
16	7	18	19
16	8	4	7
16	9	1	3
16	10	0	0
16	11	0	0
16	12	4	7
16	13	1	3
16	14	1	3
16	15	4	7
16	16	6	17
16	17	37	38
16	18	147	148
16	19	449	450
16	20	2	5
16	21	18	19
16	22	16	23
16	23	27	28
16	24	2	5
16	25	16	23
16	26	16	23
16	27	35	36
16	28	310	311
16	29	16	23
16	30	22	31
16	31	52	53
16	32	27	28
16	33	27	28
16	34	18	19
16	35	40	41
16	36	47	48
16	37	172	173
16	38	97	98
16	39	18	19
16	40	193	194
16	41	45	46
16	42	22	31
16	43	27	28
16	44	6	17
16	45	0	0
16	46	0	0
16	47	348	349
16	48	95	96
16	49	2	5
16	50	30	51
16	51	60	61
16	52	112	113
16	53	83	84
16	54	50	55
16	55	56	57
16	56	118	119
16	57	65	66
16	58	40	41
16	59	6	17
16	60	0	0
16	61	70	71
16	62	50	55
16	63	50	55
16	64	6	17
16	65	88	89
16	66	86	87
16	67	60	61
16	68	52	53
16	69	22	31
16	70	75	76
16	71	72	73
16	72	91	92
16	73	383	384
16	74	52	53
16	75	79	80
16	76	174	175
16	77	10	11
16	78	10	11
16	79	457	458
16	80	93	94
16	81	72	73
16	82	10	11
16	83	321	322
16	84	104	105
16	85	83	84
16	86	176	177
16	87	108	109
16	88	208	209
16	89	205	206
16	90	83	84
16	91	289	290
16	92	137	138
16	93	142	143
16	94	127	128
16	95	0	0
16	96	0	0
16	97	183	184
16	98	198	199
16	99	75	76
16	100	75	76
16	101	37	38
16	102	93	94
16	103	72	73
16	104	236	237
16	105	259	260
16	106	35	36
16	107	45	46
16	108	388	389
16	109	110	111
16	110	144	145
16	111	121	122
16	112	431	432
16	113	123	124
16	114	91	92
16	115	97	98
16	116	56	57
16	117	22	31
16	118	420	421
16	119	0	0
16	120	112	113
16	121	166	167
16	122	200	201
16	123	151	152
16	124	135	136
16	125	95	96
16	126	86	87
16	127	0	0
16	128	0	0
16	129	123	124
16	130	88	89
16	131	127	128
16	132	97	98
16	133	118	119
16	134	123	124
16	135	240	241
16	136	179	180
16	137	265	266
16	138	139	140
16	139	0	0
16	140	0	0
16	141	30	51
16	142	0	0
16	143	0	0
16	144	0	0
16	145	155	156
16	146	50	55
16	147	0	0
16	148	0	0
16	149	110	111
16	150	65	66
16	151	247	248
16	152	168	169
16	153	75	76
16	154	135	136
16	155	0	0
16	156	0	0
16	157	104	105
16	158	147	148
16	159	70	71
16	160	60	61
16	161	56	57
16	162	60	61
16	163	104	105
16	164	147	148
16	165	79	80
16	166	0	0
16	167	0	0
16	168	0	0
16	169	0	0
16	170	135	136
16	171	112	113
16	172	350	351
16	173	211	212
16	174	0	0
16	175	250	251
16	176	277	278
16	177	245	246
16	178	56	57
16	179	0	0
16	180	0	0
16	181	127	128
16	182	70	71
16	183	0	0
16	184	0	0
16	185	72	73
16	186	97	98
16	187	45	46
16	188	108	109
16	189	172	173
16	190	174	175
16	191	110	111
16	192	104	105
16	193	0	0
16	194	0	0
16	195	83	84
16	196	52	53
16	197	93	94
16	198	0	0
16	199	0	0
16	200	0	0
16	201	0	0
16	202	70	71
16	203	110	111
16	204	151	152
16	205	296	297
16	206	314	315
16	207	86	87
16	208	0	0
16	209	0	0
16	210	198	199
16	211	0	0
16	212	0	0
16	213	147	148
16	214	211	212
16	215	183	184
16	216	208	209
16	217	208	209
16	218	91	92
16	219	45	46
16	220	47	48
16	221	121	122
16	222	193	194
16	223	54	224
16	224	408	409
16	225	79	80
16	226	193	194
16	227	151	152
16	228	95	96
16	229	112	113
16	230	47	48
16	231	179	180
16	232	211	212
16	233	137	138
16	234	123	124
16	235	88	89
16	236	312	313
16	237	345	346
16	238	91	92
16	239	193	194
16	240	0	0
16	241	0	0
16	242	88	89
16	243	47	48
16	244	135	136
16	245	286	287
16	246	360	361
16	247	0	0
16	248	0	0
16	249	211	212
16	250	252	253
16	251	340	341
16	252	0	0
16	253	0	0
16	254	250	251
16	255	183	184
16	256	168	169
16	257	176	177
16	258	137	138
16	259	492	493
16	260	417	418
16	261	208	209
16	262	30	51
16	263	172	173
16	264	250	251
16	265	0	0
16	266	0	0
16	267	250	251
16	268	174	175
16	269	205	206
16	270	108	109
16	271	137	138
16	272	118	119
16	273	127	128
16	274	176	177
16	275	176	177
16	276	35	36
16	277	0	0
16	278	329	330
16	279	198	199
16	280	155	156
16	281	179	180
16	282	245	246
16	283	183	184
16	284	151	152
16	285	174	175
16	286	355	356
16	287	461	462
16	288	37	38
16	289	291	292
16	290	305	306
16	291	0	0
16	292	0	0
16	293	54	224
16	294	95	96
16	295	265	266
16	296	0	0
16	297	334	335
16	298	277	278
16	299	179	180
16	300	247	248
16	301	168	169
16	302	172	173
16	303	121	122
16	304	86	87
16	305	0	0
16	306	0	0
16	307	200	201
16	308	93	94
16	309	118	119
16	310	0	0
16	311	443	444
16	312	0	0
16	313	0	0
16	314	379	380
16	315	319	320
16	316	35	36
16	317	205	206
16	318	168	169
16	319	0	0
16	320	0	0
16	321	0	0
16	322	323	324
16	323	395	396
16	324	434	435
16	325	142	143
16	326	198	199
16	327	139	140
16	328	319	320
16	329	0	0
16	330	353	354
16	331	265	266
16	332	200	201
16	333	265	266
16	334	0	0
16	335	0	0
16	336	286	287
16	337	155	156
16	338	65	66
16	339	277	278
16	340	0	0
16	341	0	0
16	342	296	297
16	343	319	320
16	344	65	66
16	345	0	0
16	346	0	0
16	347	121	122
16	348	0	0
16	349	0	0
16	350	0	0
16	351	0	0
16	352	245	246
16	353	0	0
16	354	0	0
16	355	0	0
16	356	0	0
16	357	142	143
16	358	353	354
16	359	30	51
16	360	364	365
16	361	393	394
16	362	245	246
16	363	345	346
16	364	0	0
16	365	0	0
16	366	252	253
16	367	259	260
16	368	355	356
16	369	259	260
16	370	166	167
16	371	252	253
16	372	291	292
16	373	139	140
16	374	312	313
16	375	350	351
16	376	37	38
16	377	312	313
16	378	312	313
16	379	0	0
16	380	414	415
16	381	40	41
16	382	79	80
16	383	0	0
16	384	0	0
16	385	277	278
16	386	305	306
16	387	40	41
16	388	0	0
16	389	454	455
16	390	360	361
16	391	139	140
16	392	334	335
16	393	0	0
16	394	0	0
16	395	0	0
16	396	0	0
16	397	296	297
16	398	321	322
16	399	364	365
16	400	54	224
16	401	54	224
16	402	314	315
16	403	108	109
16	404	223	405
16	405	422	423
16	406	353	354
16	407	345	346
16	408	0	0
16	409	0	0
16	410	348	349
16	411	355	356
16	412	321	322
16	413	345	346
16	414	0	0
16	415	0	0
16	416	296	297
16	417	0	0
16	418	0	0
16	419	323	324
16	420	494	495
16	421	0	0
16	422	477	478
16	423	0	0
16	424	422	423
16	425	388	389
16	426	259	260
16	427	240	241
16	428	155	156
16	429	166	167
16	430	289	290
16	431	0	0
16	432	0	0
16	433	417	418
16	434	0	0
16	435	0	0
16	436	350	351
16	437	334	335
16	438	305	306
16	439	383	384
16	440	350	351
16	441	289	290
16	442	395	396
16	443	0	0
16	444	0	0
16	445	393	394
16	446	395	396
16	447	348	349
16	448	252	253
16	449	0	0
16	450	0	0
16	451	142	143
16	452	289	290
16	453	200	201
16	454	0	0
16	455	496	497
16	456	420	421
16	457	0	0
16	458	0	0
16	459	388	389
16	460	240	241
16	461	0	0
16	462	0	0
16	463	457	458
16	464	414	415
16	465	461	462
16	466	334	335
16	467	414	415
16	468	461	462
16	469	353	354
16	470	323	324
16	471	417	418
16	472	321	322
16	473	236	237
16	474	414	415
16	475	395	396
16	476	348	349
16	477	0	0
16	478	0	0
16	479	340	341
16	480	443	444
16	481	443	444
16	482	240	241
16	483	364	365
16	484	314	315
16	485	223	405
16	486	319	320
16	487	223	405
16	488	454	455
16	489	144	145
16	490	364	365
16	491	247	248
16	492	0	0
16	493	0	0
16	494	0	0
16	495	0	0
16	496	0	0
16	497	0	0
16	498	205	206
16	499	223	405
16	500	494	495
