32	1	0	0
32	2	1	3
32	3	0	0
32	4	2	5
32	5	10	11
32	6	2	5
32	7	1	3
32	8	4	9
32	9	21	22
32	10	0	0
32	11	0	0
32	12	4	9
32	13	2	5
32	14	2	5
32	15	1	3
32	16	1	3
32	17	10	11
32	18	8	19
32	19	23	24
32	20	8	19
32	21	49	50
32	22	78	79
32	23	55	56
32	24	70	71
32	25	18	26
32	26	33	34
32	27	4	9
32	28	18	26
32	29	18	26
32	30	10	11
32	31	25	32
32	32	53	54
32	33	36	37
32	34	62	63
32	35	21	22
32	36	106	107
32	37	46	47
32	38	25	32
32	39	10	11
32	40	33	34
32	41	21	22
32	42	33	34
32	43	21	22
32	44	33	34
32	45	18	26
32	46	124	125
32	47	65	66
32	48	25	32
32	49	0	0
32	50	0	0
32	51	31	52
32	52	81	82
32	53	100	101
32	54	88	89
32	55	59	60
32	56	156	157
32	57	36	37
32	58	36	37
32	59	0	0
32	60	0	0
32	61	46	47
32	62	145	146
32	63	74	75
32	64	53	54
32	65	0	0
32	66	0	0
32	67	23	24
32	68	46	47
32	69	25	32
32	70	137	138
32	71	177	178
32	72	49	50
32	73	46	47
32	74	91	92
32	75	129	130
32	76	59	60
32	77	59	60
32	78	0	0
32	79	0	0
32	80	8	19
32	81	97	98
32	82	142	143
32	83	74	75
32	84	65	66
32	85	49	50
32	86	62	63
32	87	49	50
32	88	189	190
32	89	112	113
32	90	65	66
32	91	0	0
32	92	0	0
32	93	81	82
32	94	53	54
32	95	65	66
32	96	78	79
32	97	133	134
32	98	102	103
32	99	81	82
32	100	150	151
32	101	0	0
32	102	126	127
32	103	0	0
32	104	70	71
32	105	4	9
32	106	0	0
32	107	169	170
32	108	100	101
32	109	23	24
32	110	31	52
32	111	59	60
32	112	0	0
32	113	0	0
32	114	97	98
32	115	88	89
32	116	53	54
32	117	74	75
32	118	88	89
32	119	91	92
32	120	74	75
32	121	55	56
32	122	106	107
32	123	70	71
32	124	0	0
32	125	0	0
32	126	0	0
32	127	173	174
32	128	88	89
32	129	0	0
32	130	0	0
32	131	126	127
32	132	8	19
32	133	0	0
32	134	0	0
32	135	106	107
32	136	62	63
32	137	0	0
32	138	0	0
32	139	78	79
32	140	137	138
32	141	137	138
32	142	182	183
32	143	0	0
32	144	133	134
32	145	152	153
32	146	195	196
32	147	97	98
32	148	91	92
32	149	102	103
32	150	158	159
32	151	185	186
32	152	0	0
32	153	0	0
32	154	70	71
32	155	145	146
32	156	0	0
32	157	0	0
32	158	0	0
32	159	175	176
32	160	91	92
32	161	31	52
32	162	55	56
32	163	55	56
32	164	36	37
32	165	152	153
32	166	152	153
32	167	158	159
32	168	158	159
32	169	0	0
32	170	0	0
32	171	62	63
32	172	81	82
32	173	0	0
32	174	0	0
32	175	0	0
32	176	0	0
32	177	0	0
32	178	0	0
32	179	124	125
32	180	156	157
32	181	150	151
32	182	191	192
32	183	0	0
32	184	158	159
32	185	0	0
32	186	198	199
32	187	23	24
32	188	124	125
32	189	0	0
32	190	0	0
32	191	0	0
32	192	0	0
32	193	142	143
32	194	124	125
32	195	0	0
32	196	0	0
32	197	175	176
32	198	0	0
32	199	0	0
32	200	102	103
