17	1	0	0
17	2	1	3
17	3	0	0
17	4	1	3
17	5	1	3
17	6	1	3
17	7	2	8
17	8	14	15
17	9	2	8
17	10	7	11
17	11	16	17
17	12	7	11
17	13	7	11
17	14	0	0
17	15	0	0
17	16	18	19
17	17	28	29
17	18	0	0
17	19	0	0
17	20	16	17
17	21	2	8
17	22	7	11
17	23	10	24
17	24	34	35
17	25	23	26
17	26	46	47
17	27	18	19
17	28	0	0
17	29	0	0
17	30	28	29
17	31	18	19
17	32	23	26
17	33	18	19
17	34	37	38
17	35	0	0
17	36	16	17
17	37	0	0
17	38	39	40
17	39	0	0
17	40	0	0
17	41	16	17
17	42	23	26
17	43	28	29
17	44	14	15
17	45	34	35
17	46	0	0
17	47	0	0
17	48	34	35
17	49	25	50
17	50	0	0
