6	1	0	0
6	2	1	3
6	3	0	0
6	4	1	3
6	5	1	3
6	6	1	3
6	7	2	8
6	8	9	10
6	9	0	0
6	10	0	0
6	11	2	8
6	12	7	13
6	13	18	19
6	14	9	10
6	15	9	10
6	16	2	8
6	17	2	8
6	18	36	37
6	19	25	26
6	20	18	19
6	21	18	19
6	22	9	10
6	23	18	19
6	24	7	13
6	25	0	0
6	26	0	0
6	27	25	26
6	28	12	29
6	29	34	35
6	30	25	26
6	31	7	13
6	32	25	26
6	33	7	13
6	34	38	39
6	35	53	54
6	36	0	0
6	37	0	0
6	38	45	46
6	39	41	42
6	40	34	35
6	41	0	0
6	42	0	0
6	43	38	39
6	44	12	29
6	45	0	0
6	46	0	0
6	47	12	29
6	48	36	37
6	49	34	35
6	50	36	37
6	51	36	37
6	52	34	35
6	53	82	83
6	54	58	59
6	55	45	46
6	56	41	42
6	57	41	42
6	58	0	0
6	59	0	0
6	60	45	46
6	61	12	29
6	62	53	54
6	63	45	46
6	64	41	42
6	65	28	66
6	66	80	81
6	67	58	59
6	68	58	59
6	69	38	39
6	70	65	71
6	71	0	0
6	72	38	39
6	73	53	54
6	74	58	59
6	75	28	66
6	76	53	54
6	77	65	71
6	78	65	71
6	79	65	71
6	80	0	0
6	81	0	0
6	82	0	0
6	83	0	0
6	84	82	83
6	85	82	83
6	86	82	83
6	87	80	81
6	88	80	81
6	89	80	81
6	90	28	66
6	91	28	66
6	92	70	93
6	93	0	0
6	94	92	95
6	95	96	97
6	96	0	0
6	97	0	0
6	98	94	99
6	99	0	0
6	100	92	95
