45	1	0	0
45	2	1	3
45	3	0	0
45	4	1	3
45	5	1	3
45	6	1	3
45	7	2	8
45	8	21	22
45	9	7	10
45	10	13	14
45	11	2	8
45	12	7	10
45	13	15	16
45	14	25	26
45	15	0	0
45	16	0	0
45	17	7	10
45	18	15	16
45	19	13	14
45	20	13	14
45	21	0	0
45	22	0	0
45	23	21	22
45	24	15	16
45	25	0	0
45	26	0	0
45	27	21	22
45	28	2	8
45	29	13	14
45	30	7	10
45	31	25	26
45	32	21	22
45	33	2	8
45	34	15	16
45	35	25	26
45	36	9	37
45	37	38	39
45	38	40	41
45	39	55	56
45	40	45	46
45	41	43	44
45	42	40	41
45	43	0	0
45	44	0	0
45	45	0	0
45	46	0	0
45	47	9	37
45	48	43	44
45	49	43	44
45	50	40	41
45	51	40	41
45	52	36	53
45	53	59	60
45	54	43	44
45	55	120	121
45	56	57	58
45	57	0	0
45	58	0	0
45	59	64	65
45	60	76	77
45	61	59	60
45	62	36	53
45	63	57	58
45	64	81	82
45	65	68	69
45	66	55	56
45	67	36	53
45	68	83	84
45	69	140	141
45	70	36	53
45	71	9	37
45	72	38	39
45	73	59	60
45	74	57	58
45	75	38	39
45	76	86	87
45	77	151	152
45	78	76	77
45	79	76	77
45	80	45	46
45	81	92	93
45	82	94	95
45	83	0	0
45	84	0	0
45	85	25	26
45	86	117	118
45	87	154	155
45	88	86	87
45	89	68	69
45	90	38	39
45	91	59	60
45	92	0	0
45	93	0	0
45	94	0	0
45	95	0	0
45	96	68	69
45	97	64	65
45	98	83	84
45	99	81	82
45	100	57	58
45	101	55	56
45	102	52	103
45	103	107	108
45	104	86	87
45	105	92	93
45	106	76	77
45	107	135	136
45	108	125	126
45	109	86	87
45	110	94	95
45	111	45	46
45	112	68	69
45	113	102	114
45	114	137	138
45	115	107	108
45	116	9	37
45	117	0	0
45	118	0	0
45	119	107	108
45	120	0	0
45	121	0	0
45	122	102	114
45	123	102	114
45	124	120	121
45	125	0	0
45	126	128	129
45	127	120	121
45	128	143	144
45	129	199	200
45	130	125	126
45	131	117	118
45	132	55	56
45	133	94	95
45	134	45	46
45	135	169	170
45	136	172	173
45	137	0	0
45	138	163	164
45	139	83	84
45	140	0	0
45	141	0	0
45	142	81	82
45	143	148	149
45	144	157	158
45	145	137	138
45	146	120	121
45	147	128	129
45	148	0	0
45	149	0	0
45	150	102	114
45	151	181	182
45	152	159	160
45	153	125	126
45	154	0	0
45	155	0	0
45	156	137	138
45	157	0	0
45	158	0	0
45	159	0	0
45	160	0	0
45	161	154	155
45	162	117	118
45	163	0	0
45	164	0	0
45	165	92	93
45	166	135	136
45	167	163	164
45	168	125	126
45	169	0	0
45	170	179	180
45	171	159	160
45	172	0	0
45	173	0	0
45	174	157	158
45	175	140	141
45	176	137	138
45	177	157	158
45	178	157	158
45	179	0	0
45	180	193	194
45	181	0	0
45	182	0	0
45	183	154	155
45	184	81	82
45	185	151	152
45	186	64	65
45	187	154	155
45	188	113	189
45	189	0	0
45	190	107	108
45	191	179	180
45	192	181	182
45	193	0	0
45	194	0	0
45	195	143	144
45	196	113	189
45	197	188	198
45	198	0	0
45	199	0	0
45	200	0	0
