46	1	0	0
46	2	1	3
46	3	0	0
46	4	1	3
46	5	1	3
46	6	2	7
46	7	19	20
46	8	2	7
46	9	6	10
46	10	17	18
46	11	9	12
46	12	28	29
46	13	1	3
46	14	9	12
46	15	11	16
46	16	38	39
46	17	43	44
46	18	0	0
46	19	0	0
46	20	0	0
46	21	2	7
46	22	6	10
46	23	11	16
46	24	11	16
46	25	11	16
46	26	6	10
46	27	9	12
46	28	47	48
46	29	0	0
46	30	17	18
46	31	19	20
46	32	19	20
46	33	9	12
46	34	19	20
46	35	15	36
46	36	0	0
46	37	17	18
46	38	49	50
46	39	0	0
46	40	28	29
46	41	38	39
46	42	6	10
46	43	0	0
46	44	0	0
46	45	35	46
46	46	0	0
46	47	0	0
46	48	0	0
46	49	0	0
46	50	0	0
