20	1	0	0
20	2	1	3
20	3	0	0
20	4	2	5
20	5	6	7
20	6	0	0
20	7	0	0
20	8	6	7
20	9	2	5
20	10	4	11
20	11	12	13
20	12	66	67
20	13	34	35
20	14	1	3
20	15	2	5
20	16	6	7
20	17	12	13
20	18	1	3
20	19	6	7
20	20	4	11
20	21	2	5
20	22	4	11
20	23	1	3
20	24	10	25
20	25	73	74
20	26	12	13
20	27	10	25
20	28	12	13
20	29	4	11
20	30	24	31
20	31	172	173
20	32	30	33
20	33	40	41
20	34	0	0
20	35	0	0
20	36	10	25
20	37	24	31
20	38	10	25
20	39	24	31
20	40	46	47
20	41	57	58
20	42	34	35
20	43	32	44
20	44	50	51
20	45	30	33
20	46	55	56
20	47	96	97
20	48	30	33
20	49	40	41
20	50	0	0
20	51	85	86
20	52	43	53
20	53	75	76
20	54	50	51
20	55	188	189
20	56	82	83
20	57	0	0
20	58	79	80
20	59	55	56
20	60	24	31
20	61	46	47
20	62	32	44
20	63	52	64
20	64	138	139
20	65	32	44
20	66	0	0
20	67	0	0
20	68	52	64
20	69	57	58
20	70	30	33
20	71	40	41
20	72	55	56
20	73	108	109
20	74	121	122
20	75	105	106
20	76	212	213
20	77	55	56
20	78	50	51
20	79	140	141
20	80	237	238
20	81	52	64
20	82	0	0
20	83	88	89
20	84	66	67
20	85	94	95
20	86	100	101
20	87	52	64
20	88	0	0
20	89	0	0
20	90	50	51
20	91	82	83
20	92	43	53
20	93	88	89
20	94	103	104
20	95	156	157
20	96	199	200
20	97	124	125
20	98	75	76
20	99	46	47
20	100	170	171
20	101	265	266
20	102	46	47
20	103	119	120
20	104	242	243
20	105	129	130
20	106	117	118
20	107	43	53
20	108	0	0
20	109	110	111
20	110	0	0
20	111	0	0
20	112	34	35
20	113	32	44
20	114	105	106
20	115	73	74
20	116	66	67
20	117	0	0
20	118	0	0
20	119	270	271
20	120	167	168
20	121	0	0
20	122	148	149
20	123	94	95
20	124	159	160
20	125	195	196
20	126	75	76
20	127	110	111
20	128	117	118
20	129	181	182
20	130	146	147
20	131	73	74
20	132	124	125
20	133	57	58
20	134	117	118
20	135	121	122
20	136	57	58
20	137	117	118
20	138	0	0
20	139	0	0
20	140	154	155
20	141	165	166
20	142	75	76
20	143	66	67
20	144	140	141
20	145	124	125
20	146	230	231
20	147	0	0
20	148	0	0
20	149	0	0
20	150	100	101
20	151	96	97
20	152	40	41
20	153	103	104
20	154	0	0
20	155	0	0
20	156	298	299
20	157	215	216
20	158	79	80
20	159	0	0
20	160	0	0
20	161	154	155
20	162	119	120
20	163	94	95
20	164	96	97
20	165	0	0
20	166	0	0
20	167	0	0
20	168	0	0
20	169	88	89
20	170	0	0
20	171	0	0
20	172	192	193
20	173	0	0
20	174	96	97
20	175	82	83
20	176	119	120
20	177	103	104
20	178	167	168
20	179	138	139
20	180	148	149
20	181	204	205
20	182	227	228
20	183	140	141
20	184	121	122
20	185	34	35
20	186	172	173
20	187	140	141
20	188	0	0
20	189	202	203
20	190	181	182
20	191	156	157
20	192	206	207
20	193	217	218
20	194	124	125
20	195	0	0
20	196	0	0
20	197	159	160
20	198	82	83
20	199	256	257
20	200	282	283
20	201	110	111
20	202	0	0
20	203	0	0
20	204	0	0
20	205	235	236
20	206	0	0
20	207	0	0
20	208	43	53
20	209	159	160
20	210	100	101
20	211	119	120
20	212	261	262
20	213	224	225
20	214	170	171
20	215	289	290
20	216	0	0
20	217	263	264
20	218	0	0
20	219	63	220
20	220	0	0
20	221	181	182
20	222	94	95
20	223	110	111
20	224	253	254
20	225	0	0
20	226	103	104
20	227	248	249
20	228	0	0
20	229	148	149
20	230	0	0
20	231	0	0
20	232	215	216
20	233	172	173
20	234	202	203
20	235	0	0
20	236	0	0
20	237	0	0
20	238	0	0
20	239	105	106
20	240	202	203
20	241	85	86
20	242	267	268
20	243	0	0
20	244	156	157
20	245	230	231
20	246	85	86
20	247	154	155
20	248	277	278
20	249	0	0
20	250	170	171
20	251	224	225
20	252	108	109
20	253	293	294
20	254	0	0
20	255	215	216
20	256	0	0
20	257	0	0
20	258	230	231
20	259	181	182
20	260	79	80
20	261	0	0
20	262	0	0
20	263	0	0
20	264	0	0
20	265	273	274
20	266	0	0
20	267	0	0
20	268	0	0
20	269	215	216
20	270	0	0
20	271	0	0
20	272	253	254
20	273	284	285
20	274	0	0
20	275	148	149
20	276	79	80
20	277	0	0
20	278	0	0
20	279	256	257
20	280	172	173
20	281	188	189
20	282	0	0
20	283	0	0
20	284	0	0
20	285	0	0
20	286	121	122
20	287	85	86
20	288	170	171
20	289	0	0
20	290	0	0
20	291	289	290
20	292	277	278
20	293	0	0
20	294	0	0
20	295	199	200
20	296	165	166
20	297	277	278
20	298	0	0
20	299	0	0
20	300	199	200
