7	1	0	0
7	2	1	3
7	3	0	0
7	4	1	3
7	5	1	3
7	6	2	7
7	7	10	11
7	8	2	7
7	9	2	7
7	10	0	0
7	11	0	0
7	12	10	11
7	13	6	14
7	14	26	27
7	15	10	11
7	16	1	3
7	17	10	11
7	18	2	7
7	19	6	14
7	20	6	14
7	21	6	14
7	22	13	23
7	23	28	29
7	24	22	25
7	25	50	51
7	26	34	35
7	27	62	63
7	28	45	46
7	29	55	56
7	30	26	27
7	31	22	25
7	32	22	25
7	33	26	27
7	34	0	0
7	35	0	0
7	36	24	37
7	37	40	41
7	38	13	23
7	39	34	35
7	40	60	61
7	41	58	59
7	42	34	35
7	43	13	23
7	44	34	35
7	45	110	111
7	46	116	117
7	47	22	25
7	48	26	27
7	49	45	46
7	50	72	73
7	51	68	69
7	52	13	23
7	53	24	37
7	54	45	46
7	55	66	67
7	56	0	0
7	57	45	46
7	58	168	169
7	59	125	126
7	60	0	0
7	61	112	113
7	62	0	0
7	63	0	0
7	64	55	56
7	65	28	29
7	66	0	0
7	67	0	0
7	68	105	106
7	69	0	0
7	70	66	67
7	71	28	29
7	72	77	78
7	73	101	102
7	74	55	56
7	75	60	61
7	76	60	61
7	77	89	90
7	78	108	109
7	79	36	80
7	80	154	155
7	81	60	61
7	82	24	37
7	83	58	59
7	84	50	51
7	85	66	67
7	86	79	87
7	87	94	95
7	88	68	69
7	89	0	0
7	90	0	0
7	91	77	78
7	92	66	67
7	93	50	51
7	94	0	0
7	95	0	0
7	96	40	41
7	97	89	90
7	98	40	41
7	99	68	69
7	100	50	51
7	101	137	138
7	102	199	200
7	103	94	95
7	104	40	41
7	105	147	148
7	106	178	179
7	107	55	56
7	108	0	0
7	109	0	0
7	110	0	0
7	111	0	0
7	112	118	119
7	113	129	130
7	114	24	37
7	115	36	80
7	116	0	0
7	117	0	0
7	118	161	162
7	119	0	0
7	120	68	69
7	121	28	29
7	122	36	80
7	123	58	59
7	124	58	59
7	125	0	0
7	126	133	134
7	127	62	63
7	128	62	63
7	129	0	0
7	130	166	167
7	131	94	95
7	132	110	111
7	133	192	193
7	134	0	0
7	135	125	126
7	136	133	134
7	137	0	0
7	138	0	0
7	139	137	138
7	140	86	141
7	141	143	144
7	142	137	138
7	143	149	150
7	144	176	177
7	145	62	63
7	146	86	141
7	147	0	0
7	148	0	0
7	149	186	187
7	150	0	0
7	151	140	152
7	152	0	0
7	153	149	150
7	154	170	171
7	155	0	0
7	156	101	102
7	157	143	144
7	158	89	90
7	159	137	138
7	160	108	109
7	161	0	0
7	162	0	0
7	163	108	109
7	164	86	141
7	165	143	144
7	166	0	0
7	167	0	0
7	168	0	0
7	169	174	175
7	170	0	0
7	171	0	0
7	172	168	169
7	173	94	95
7	174	0	0
7	175	190	191
7	176	0	0
7	177	0	0
7	178	0	0
7	179	0	0
7	180	112	113
7	181	79	87
7	182	147	148
7	183	149	150
7	184	168	169
7	185	140	152
7	186	0	0
7	187	0	0
7	188	168	169
7	189	176	177
7	190	0	0
7	191	0	0
7	192	0	0
7	193	0	0
7	194	77	78
7	195	89	90
7	196	186	187
7	197	186	187
7	198	178	179
7	199	0	0
7	200	0	0
