46	1	0	0
46	2	1	3
46	3	0	0
46	4	1	3
46	5	1	3
46	6	1	3
46	7	2	8
46	8	28	29
46	9	7	10
46	10	12	13
46	11	2	8
46	12	176	177
46	13	72	73
46	14	9	15
46	15	35	36
46	16	14	17
46	17	57	58
46	18	12	13
46	19	7	10
46	20	7	10
46	21	12	13
46	22	2	8
46	23	14	17
46	24	2	8
46	25	7	10
46	26	16	27
46	27	138	139
46	28	0	0
46	29	0	0
46	30	14	17
46	31	14	17
46	32	28	29
46	33	26	34
46	34	37	38
46	35	63	64
46	36	166	167
46	37	40	41
46	38	66	67
46	39	26	34
46	40	121	122
46	41	74	75
46	42	9	15
46	43	37	38
46	44	40	41
46	45	16	27
46	46	28	29
46	47	33	48
46	48	114	115
46	49	28	29
46	50	47	51
46	51	187	188
46	52	47	51
46	53	26	34
46	54	40	41
46	55	47	51
46	56	33	48
46	57	108	109
46	58	60	61
46	59	12	13
46	60	96	97
46	61	91	92
46	62	47	51
46	63	292	293
46	64	88	89
46	65	33	48
46	66	82	83
46	67	70	71
46	68	66	67
46	69	16	27
46	70	79	80
46	71	185	186
46	72	0	0
46	73	0	0
46	74	132	133
46	75	257	258
46	76	16	27
46	77	40	41
46	78	35	36
46	79	153	154
46	80	102	103
46	81	66	67
46	82	162	163
46	83	117	118
46	84	33	48
46	85	35	36
46	86	74	75
46	87	57	58
46	88	0	0
46	89	0	0
46	90	79	80
46	91	127	128
46	92	259	260
46	93	74	75
46	94	60	61
46	95	9	15
46	96	0	0
46	97	190	191
46	98	70	71
46	99	72	73
46	100	72	73
46	101	57	58
46	102	279	280
46	103	0	0
46	104	37	38
46	105	96	97
46	106	37	38
46	107	79	80
46	108	0	0
46	109	142	143
46	110	72	73
46	111	108	109
46	112	82	83
46	113	26	34
46	114	221	222
46	115	0	0
46	116	96	97
46	117	231	232
46	118	123	124
46	119	74	75
46	120	96	97
46	121	285	286
46	122	130	131
46	123	147	148
46	124	179	180
46	125	117	118
46	126	66	67
46	127	0	0
46	128	0	0
46	129	79	80
46	130	247	248
46	131	160	161
46	132	245	246
46	133	0	0
46	134	117	118
46	135	117	118
46	136	50	137
46	137	0	0
46	138	171	172
46	139	261	262
46	140	70	71
46	141	130	131
46	142	276	277
46	143	215	216
46	144	63	64
46	145	88	89
46	146	70	71
46	147	0	0
46	148	0	0
46	149	121	122
46	150	147	148
46	151	114	115
46	152	63	64
46	153	0	0
46	154	0	0
46	155	121	122
46	156	130	131
46	157	136	158
46	158	0	0
46	159	127	128
46	160	0	0
46	161	0	0
46	162	227	228
46	163	197	198
46	164	9	15
46	165	57	58
46	166	0	0
46	167	212	213
46	168	102	103
46	169	132	133
46	170	138	139
46	171	0	0
46	172	0	0
46	173	132	133
46	174	136	158
46	175	114	115
46	176	0	0
46	177	0	0
46	178	63	64
46	179	0	0
46	180	0	0
46	181	157	182
46	182	210	211
46	183	130	131
46	184	60	61
46	185	223	224
46	186	236	237
46	187	294	295
46	188	0	0
46	189	162	163
46	190	0	0
46	191	0	0
46	192	91	92
46	193	157	182
46	194	108	109
46	195	181	196
46	196	0	0
46	197	203	204
46	198	0	0
46	199	187	188
46	200	121	122
46	201	185	186
46	202	187	188
46	203	0	0
46	204	0	0
46	205	108	109
46	206	153	154
46	207	123	124
46	208	179	180
46	209	190	191
46	210	0	0
46	211	239	240
46	212	0	0
46	213	0	0
46	214	166	167
46	215	0	0
46	216	0	0
46	217	91	92
46	218	138	139
46	219	166	167
46	220	147	148
46	221	0	0
46	222	0	0
46	223	0	0
46	224	0	0
46	225	221	222
46	226	181	196
46	227	0	0
46	228	0	0
46	229	102	103
46	230	147	148
46	231	268	269
46	232	0	0
46	233	227	228
46	234	157	182
46	235	82	83
46	236	281	282
46	237	0	0
46	238	166	167
46	239	0	0
46	240	0	0
46	241	197	198
46	242	162	163
46	243	195	244
46	244	0	0
46	245	265	266
46	246	250	251
46	247	0	0
46	248	0	0
46	249	60	61
46	250	0	0
46	251	0	0
46	252	136	158
46	253	195	244
46	254	181	196
46	255	250	251
46	256	187	188
46	257	0	0
46	258	0	0
46	259	0	0
46	260	0	0
46	261	0	0
46	262	0	0
46	263	190	191
46	264	195	244
46	265	0	0
46	266	0	0
46	267	136	158
46	268	0	0
46	269	0	0
46	270	257	258
46	271	190	191
46	272	123	124
46	273	221	222
46	274	197	198
46	275	231	232
46	276	0	0
46	277	0	0
46	278	268	269
46	279	0	0
46	280	0	0
46	281	0	0
46	282	0	0
46	283	223	224
46	284	162	163
46	285	297	298
46	286	0	0
46	287	203	204
46	288	245	246
46	289	268	269
46	290	138	139
46	291	236	237
46	292	0	0
46	293	0	0
46	294	0	0
46	295	0	0
46	296	185	186
46	297	0	0
46	298	0	0
46	299	197	198
46	300	285	286
