24	1	0	0
24	2	1	3
24	3	0	0
24	4	2	5
24	5	6	7
24	6	0	0
24	7	0	0
24	8	2	5
24	9	6	7
24	10	6	7
24	11	4	12
24	12	17	18
24	13	6	7
24	14	1	3
24	15	2	5
24	16	1	3
24	17	19	20
24	18	26	27
24	19	0	0
24	20	0	0
24	21	4	12
24	22	2	5
24	23	19	20
24	24	11	25
24	25	87	88
24	26	0	0
24	27	0	0
24	28	26	27
24	29	26	27
24	30	17	18
24	31	4	12
24	32	17	18
24	33	17	18
24	34	4	12
24	35	19	20
24	36	11	25
24	37	11	25
24	38	11	25
24	39	1	3
24	40	26	27
24	41	24	42
24	42	43	44
24	43	50	51
24	44	47	48
24	45	24	42
24	46	43	44
24	47	62	63
24	48	76	77
24	49	43	44
24	50	54	55
24	51	52	53
24	52	56	57
24	53	85	86
24	54	101	102
24	55	117	118
24	56	0	0
24	57	0	0
24	58	19	20
24	59	52	53
24	60	43	44
24	61	50	51
24	62	65	66
24	63	79	80
24	64	62	63
24	65	0	0
24	66	0	0
24	67	24	42
24	68	50	51
24	69	50	51
24	70	54	55
24	71	47	48
24	72	24	42
24	73	54	55
24	74	47	48
24	75	56	57
24	76	89	90
24	77	98	99
24	78	65	66
24	79	0	0
24	80	0	0
24	81	76	77
24	82	65	66
24	83	41	84
24	84	115	116
24	85	0	0
24	86	0	0
24	87	132	133
24	88	93	94
24	89	0	0
24	90	0	0
24	91	76	77
24	92	62	63
24	93	177	178
24	94	0	0
24	95	87	88
24	96	79	80
24	97	76	77
24	98	0	0
24	99	0	0
24	100	47	48
24	101	0	0
24	102	0	0
24	103	83	104
24	104	111	112
24	105	103	106
24	106	284	285
24	107	83	104
24	108	89	90
24	109	85	86
24	110	98	99
24	111	164	165
24	112	142	143
24	113	79	80
24	114	83	104
24	115	123	124
24	116	213	214
24	117	0	0
24	118	0	0
24	119	56	57
24	120	89	90
24	121	79	80
24	122	54	55
24	123	146	147
24	124	167	168
24	125	62	63
24	126	101	102
24	127	87	88
24	128	52	53
24	129	83	104
24	130	105	131
24	131	201	202
24	132	149	150
24	133	162	163
24	134	56	57
24	135	52	53
24	136	103	106
24	137	123	124
24	138	87	88
24	139	105	131
24	140	85	86
24	141	111	112
24	142	144	145
24	143	216	217
24	144	191	192
24	145	152	153
24	146	210	211
24	147	205	206
24	148	89	90
24	149	0	0
24	150	0	0
24	151	132	133
24	152	238	239
24	153	227	228
24	154	123	124
24	155	115	116
24	156	132	133
24	157	93	94
24	158	146	147
24	159	144	145
24	160	123	124
24	161	115	116
24	162	0	0
24	163	0	0
24	164	0	0
24	165	0	0
24	166	103	106
24	167	186	187
24	168	255	256
24	169	93	94
24	170	144	145
24	171	164	165
24	172	101	102
24	173	132	133
24	174	167	168
24	175	105	131
24	176	152	153
24	177	0	0
24	178	0	0
24	179	146	147
24	180	142	143
24	181	85	86
24	182	152	153
24	183	149	150
24	184	167	168
24	185	115	116
24	186	281	282
24	187	0	0
24	188	152	153
24	189	117	118
24	190	111	112
24	191	220	221
24	192	0	0
24	193	65	66
24	194	162	163
24	195	130	196
24	196	207	208
24	197	101	102
24	198	98	99
24	199	167	168
24	200	162	163
24	201	287	288
24	202	231	232
24	203	117	118
24	204	111	112
24	205	0	0
24	206	224	225
24	207	260	261
24	208	0	0
24	209	146	147
24	210	272	273
24	211	0	0
24	212	210	211
24	213	0	0
24	214	241	242
24	215	210	211
24	216	245	246
24	217	0	0
24	218	207	208
24	219	162	163
24	220	0	0
24	221	0	0
24	222	105	131
24	223	144	145
24	224	0	0
24	225	0	0
24	226	142	143
24	227	298	299
24	228	0	0
24	229	207	208
24	230	201	202
24	231	0	0
24	232	0	0
24	233	149	150
24	234	213	214
24	235	213	214
24	236	93	94
24	237	130	196
24	238	263	264
24	239	0	0
24	240	103	106
24	241	0	0
24	242	0	0
24	243	191	192
24	244	231	232
24	245	0	0
24	246	289	290
24	247	149	150
24	248	117	118
24	249	201	202
24	250	238	239
24	251	191	192
24	252	213	214
24	253	205	206
24	254	220	221
24	255	279	280
24	256	0	0
24	257	255	256
24	258	41	84
24	259	205	206
24	260	0	0
24	261	0	0
24	262	41	84
24	263	0	0
24	264	0	0
24	265	255	256
24	266	205	206
24	267	210	211
24	268	216	217
24	269	255	256
24	270	231	232
24	271	142	143
24	272	0	0
24	273	0	0
24	274	186	187
24	275	41	84
24	276	130	196
24	277	164	165
24	278	227	228
24	279	0	0
24	280	0	0
24	281	0	0
24	282	0	0
24	283	279	280
24	284	0	0
24	285	0	0
24	286	260	261
24	287	291	292
24	288	0	0
24	289	0	0
24	290	0	0
24	291	0	0
24	292	0	0
24	293	130	196
24	294	287	288
24	295	201	202
24	296	284	285
24	297	216	217
24	298	0	0
24	299	0	0
24	300	238	239
