14	1	0	0
14	2	1	3
14	3	0	0
14	4	2	5
14	5	6	7
14	6	0	0
14	7	0	0
14	8	1	3
14	9	2	5
14	10	6	7
14	11	6	7
14	12	2	5
14	13	1	3
14	14	6	7
14	15	2	5
14	16	1	3
14	17	4	18
14	18	66	67
14	19	4	18
14	20	4	18
14	21	17	22
14	22	28	29
14	23	4	18
14	24	17	22
14	25	21	26
14	26	37	38
14	27	21	26
14	28	42	43
14	29	30	31
14	30	47	48
14	31	33	34
14	32	21	26
14	33	0	0
14	34	0	0
14	35	33	34
14	36	28	29
14	37	185	186
14	38	58	59
14	39	28	29
14	40	25	41
14	41	53	54
14	42	60	61
14	43	195	196
14	44	37	38
14	45	21	26
14	46	17	22
14	47	0	0
14	48	0	0
14	49	42	43
14	50	33	34
14	51	40	52
14	52	87	88
14	53	62	63
14	54	69	70
14	55	30	31
14	56	51	57
14	57	92	93
14	58	111	112
14	59	315	316
14	60	0	0
14	61	0	0
14	62	313	314
14	63	89	90
14	64	25	41
14	65	30	31
14	66	83	84
14	67	188	189
14	68	40	52
14	69	73	74
14	70	263	264
14	71	42	43
14	72	58	59
14	73	98	99
14	74	118	119
14	75	51	57
14	76	73	74
14	77	51	57
14	78	42	43
14	79	47	48
14	80	53	54
14	81	25	41
14	82	40	52
14	83	0	0
14	84	0	0
14	85	62	63
14	86	73	74
14	87	127	128
14	88	102	103
14	89	107	108
14	90	0	0
14	91	89	90
14	92	125	126
14	93	158	159
14	94	51	57
14	95	53	54
14	96	30	31
14	97	89	90
14	98	113	114
14	99	341	342
14	100	56	101
14	101	116	117
14	102	180	181
14	103	155	156
14	104	47	48
14	105	58	59
14	106	33	34
14	107	148	149
14	108	236	237
14	109	102	103
14	110	60	61
14	111	202	203
14	112	240	241
14	113	0	0
14	114	0	0
14	115	89	90
14	116	137	138
14	117	153	154
14	118	165	166
14	119	120	121
14	120	0	0
14	121	0	0
14	122	25	41
14	123	69	70
14	124	98	99
14	125	259	260
14	126	221	222
14	127	173	174
14	128	178	179
14	129	111	112
14	130	120	121
14	131	83	84
14	132	116	117
14	133	92	93
14	134	40	52
14	135	56	101
14	136	58	59
14	137	171	172
14	138	288	289
14	139	47	48
14	140	66	67
14	141	113	114
14	142	102	103
14	143	118	119
14	144	118	119
14	145	127	128
14	146	62	63
14	147	17	22
14	148	0	0
14	149	0	0
14	150	148	149
14	151	69	70
14	152	83	84
14	153	303	304
14	154	424	425
14	155	0	0
14	156	410	411
14	157	127	128
14	158	280	281
14	159	0	0
14	160	148	149
14	161	53	54
14	162	153	154
14	163	28	29
14	164	62	63
14	165	0	0
14	166	0	0
14	167	137	138
14	168	92	93
14	169	153	154
14	170	107	108
14	171	485	486
14	172	253	254
14	173	198	199
14	174	331	332
14	175	87	88
14	176	153	154
14	177	118	119
14	178	217	218
14	179	192	193
14	180	381	382
14	181	238	239
14	182	111	112
14	183	113	114
14	184	158	159
14	185	360	361
14	186	344	345
14	187	98	99
14	188	0	0
14	189	0	0
14	190	100	191
14	191	347	348
14	192	434	435
14	193	270	271
14	194	60	61
14	195	0	0
14	196	0	0
14	197	185	186
14	198	336	337
14	199	205	206
14	200	69	70
14	201	137	138
14	202	0	0
14	203	0	0
14	204	198	199
14	205	308	309
14	206	243	244
14	207	188	189
14	208	148	149
14	209	185	186
14	210	107	108
14	211	127	128
14	212	56	101
14	213	37	38
14	214	178	179
14	215	155	156
14	216	73	74
14	217	250	251
14	218	0	0
14	219	98	99
14	220	107	108
14	221	223	224
14	222	285	286
14	223	261	262
14	224	306	307
14	225	202	203
14	226	37	38
14	227	173	174
14	228	217	218
14	229	173	174
14	230	92	93
14	231	221	222
14	232	120	121
14	233	173	174
14	234	185	186
14	235	223	224
14	236	0	0
14	237	0	0
14	238	0	0
14	239	278	279
14	240	0	0
14	241	0	0
14	242	195	196
14	243	0	0
14	244	0	0
14	245	195	196
14	246	113	114
14	247	238	239
14	248	158	159
14	249	155	156
14	250	255	256
14	251	257	258
14	252	111	112
14	253	0	0
14	254	0	0
14	255	0	0
14	256	0	0
14	257	0	0
14	258	0	0
14	259	292	293
14	260	355	356
14	261	0	0
14	262	489	490
14	263	0	0
14	264	0	0
14	265	102	103
14	266	255	256
14	267	83	84
14	268	221	222
14	269	178	179
14	270	0	0
14	271	377	378
14	272	165	166
14	273	236	237
14	274	259	260
14	275	158	159
14	276	180	181
14	277	56	101
14	278	401	402
14	279	0	0
14	280	0	0
14	281	394	395
14	282	255	256
14	283	180	181
14	284	60	61
14	285	429	430
14	286	413	414
14	287	238	239
14	288	405	406
14	289	0	0
14	290	116	117
14	291	100	191
14	292	0	0
14	293	320	321
14	294	178	179
14	295	253	254
14	296	250	251
14	297	198	199
14	298	100	191
14	299	180	181
14	300	195	196
14	301	217	218
14	302	100	191
14	303	358	359
14	304	0	0
14	305	171	172
14	306	0	0
14	307	452	453
14	308	0	0
14	309	0	0
14	310	250	251
14	311	285	286
14	312	198	199
14	313	0	0
14	314	417	418
14	315	368	369
14	316	482	483
14	317	303	304
14	318	257	258
14	319	66	67
14	320	334	335
14	321	0	0
14	322	259	260
14	323	285	286
14	324	315	316
14	325	120	121
14	326	263	264
14	327	116	117
14	328	253	254
14	329	205	206
14	330	288	289
14	331	408	409
14	332	0	0
14	333	306	307
14	334	0	0
14	335	0	0
14	336	0	0
14	337	0	0
14	338	334	335
14	339	261	262
14	340	192	193
14	341	0	0
14	342	0	0
14	343	250	251
14	344	0	0
14	345	349	350
14	346	205	206
14	347	371	372
14	348	494	495
14	349	0	0
14	350	0	0
14	351	306	307
14	352	261	262
14	353	221	222
14	354	313	314
14	355	403	404
14	356	0	0
14	357	347	348
14	358	399	400
14	359	0	0
14	360	0	0
14	361	476	477
14	362	308	309
14	363	285	286
14	364	238	239
14	365	188	189
14	366	240	241
14	367	243	244
14	368	0	0
14	369	0	0
14	370	313	314
14	371	464	465
14	372	392	393
14	373	190	374
14	374	0	0
14	375	270	271
14	376	334	335
14	377	0	0
14	378	0	0
14	379	377	378
14	380	355	356
14	381	0	0
14	382	0	0
14	383	278	279
14	384	315	316
14	385	355	356
14	386	188	189
14	387	288	289
14	388	217	218
14	389	192	193
14	390	355	356
14	391	358	359
14	392	471	472
14	393	450	451
14	394	0	0
14	395	0	0
14	396	270	271
14	397	202	203
14	398	347	348
14	399	0	0
14	400	0	0
14	401	0	0
14	402	0	0
14	403	0	0
14	404	415	416
14	405	446	447
14	406	444	445
14	407	315	316
14	408	0	0
14	409	0	0
14	410	0	0
14	411	474	475
14	412	313	314
14	413	0	0
14	414	0	0
14	415	0	0
14	416	0	0
14	417	468	469
14	418	0	0
14	419	417	418
14	420	331	332
14	421	257	258
14	422	410	411
14	423	381	382
14	424	442	443
14	425	0	0
14	426	401	402
14	427	377	378
14	428	347	348
14	429	0	0
14	430	0	0
14	431	288	289
14	432	87	88
14	433	405	406
14	434	0	0
14	435	0	0
14	436	349	350
14	437	413	414
14	438	137	138
14	439	202	203
14	440	401	402
14	441	261	262
14	442	0	0
14	443	0	0
14	444	0	0
14	445	0	0
14	446	0	0
14	447	0	0
14	448	306	307
14	449	253	254
14	450	455	456
14	451	0	0
14	452	0	0
14	453	0	0
14	454	331	332
14	455	0	0
14	456	0	0
14	457	446	447
14	458	240	241
14	459	320	321
14	460	358	359
14	461	394	395
14	462	259	260
14	463	417	418
14	464	0	0
14	465	499	500
14	466	320	321
14	467	415	416
14	468	0	0
14	469	0	0
14	470	413	414
14	471	0	0
14	472	0	0
14	473	236	237
14	474	0	0
14	475	496	497
14	476	0	0
14	477	0	0
14	478	360	361
14	479	303	304
14	480	155	156
14	481	303	304
14	482	0	0
14	483	0	0
14	484	413	414
14	485	0	0
14	486	491	492
14	487	444	445
14	488	408	409
14	489	0	0
14	490	0	0
14	491	0	0
14	492	0	0
14	493	392	393
14	494	0	0
14	495	0	0
14	496	0	0
14	497	0	0
14	498	377	378
14	499	0	0
14	500	0	0
