42	1	0	0
42	2	1	3
42	3	0	0
42	4	2	5
42	5	12	13
42	6	2	5
42	7	4	8
42	8	21	22
42	9	1	3
42	10	2	5
42	11	1	3
42	12	0	0
42	13	0	0
42	14	12	13
42	15	1	3
42	16	12	13
42	17	2	5
42	18	12	13
42	19	4	8
42	20	4	8
42	21	25	26
42	22	32	33
42	23	7	24
42	24	61	62
42	25	0	0
42	26	0	0
42	27	25	26
42	28	7	24
42	29	4	8
42	30	23	31
42	31	96	97
42	32	0	0
42	33	0	0
42	34	30	35
42	35	40	41
42	36	32	33
42	37	25	26
42	38	21	22
42	39	23	31
42	40	48	49
42	41	94	95
42	42	40	41
42	43	40	41
42	44	30	35
42	45	7	24
42	46	25	26
42	47	7	24
42	48	53	54
42	49	51	52
42	50	21	22
42	51	143	144
42	52	215	216
42	53	78	79
42	54	65	66
42	55	40	41
42	56	23	31
42	57	48	49
42	58	23	31
42	59	30	35
42	60	30	35
42	61	234	235
42	62	63	64
42	63	119	120
42	64	108	109
42	65	84	85
42	66	86	87
42	67	53	54
42	68	32	33
42	69	34	70
42	70	111	112
42	71	63	64
42	72	21	22
42	73	34	70
42	74	63	64
42	75	48	49
42	76	34	70
42	77	51	52
42	78	168	169
42	79	176	177
42	80	65	66
42	81	78	79
42	82	78	79
42	83	51	52
42	84	0	0
42	85	0	0
42	86	0	0
42	87	0	0
42	88	32	33
42	89	84	85
42	90	84	85
42	91	65	66
42	92	51	52
42	93	86	87
42	94	104	105
42	95	229	230
42	96	190	191
42	97	207	208
42	98	86	87
42	99	69	100
42	100	429	430
42	101	78	79
42	102	53	54
42	103	65	66
42	104	187	188
42	105	117	118
42	106	53	54
42	107	96	97
42	108	0	0
42	109	0	0
42	110	94	95
42	111	121	122
42	112	244	245
42	113	34	70
42	114	86	87
42	115	104	105
42	116	96	97
42	117	147	148
42	118	165	166
42	119	0	0
42	120	0	0
42	121	217	218
42	122	132	133
42	123	121	122
42	124	63	64
42	125	111	112
42	126	84	85
42	127	48	49
42	128	111	112
42	129	69	100
42	130	94	95
42	131	69	100
42	132	305	306
42	133	139	140
42	134	108	109
42	135	94	95
42	136	119	120
42	137	61	62
42	138	108	109
42	139	141	142
42	140	163	164
42	141	183	184
42	142	152	153
42	143	599	600
42	144	145	146
42	145	0	0
42	146	0	0
42	147	0	0
42	148	0	0
42	149	119	120
42	150	108	109
42	151	119	120
42	152	0	0
42	153	0	0
42	154	69	100
42	155	99	156
42	156	157	158
42	157	210	211
42	158	285	286
42	159	121	122
42	160	111	112
42	161	117	118
42	162	61	62
42	163	181	182
42	164	227	228
42	165	0	0
42	166	0	0
42	167	104	105
42	168	0	0
42	169	0	0
42	170	121	122
42	171	104	105
42	172	143	144
42	173	61	62
42	174	165	166
42	175	117	118
42	176	0	0
42	177	0	0
42	178	99	156
42	179	163	164
42	180	163	164
42	181	0	0
42	182	0	0
42	183	0	0
42	184	0	0
42	185	183	184
42	186	168	169
42	187	232	233
42	188	195	196
42	189	168	169
42	190	267	268
42	191	203	204
42	192	190	191
42	193	157	158
42	194	96	97
42	195	0	0
42	196	0	0
42	197	176	177
42	198	139	140
42	199	176	177
42	200	152	153
42	201	168	169
42	202	190	191
42	203	223	224
42	204	221	222
42	205	145	146
42	206	203	204
42	207	496	497
42	208	346	347
42	209	157	158
42	210	282	283
42	211	475	476
42	212	210	211
42	213	190	191
42	214	132	133
42	215	271	272
42	216	505	506
42	217	796	797
42	218	380	381
42	219	145	146
42	220	217	218
42	221	0	0
42	222	0	0
42	223	0	0
42	224	0	0
42	225	165	166
42	226	217	218
42	227	0	0
42	228	0	0
42	229	274	275
42	230	241	242
42	231	132	133
42	232	0	0
42	233	0	0
42	234	248	249
42	235	256	257
42	236	155	237
42	237	328	329
42	238	165	166
42	239	234	235
42	240	234	235
42	241	355	356
42	242	253	254
42	243	139	140
42	244	618	619
42	245	280	281
42	246	147	148
42	247	241	242
42	248	0	0
42	249	0	0
42	250	195	196
42	251	155	237
42	252	143	144
42	253	0	0
42	254	0	0
42	255	217	218
42	256	0	0
42	257	0	0
42	258	203	204
42	259	183	184
42	260	132	133
42	261	207	208
42	262	163	164
42	263	143	144
42	264	152	153
42	265	215	216
42	266	141	142
42	267	368	369
42	268	366	367
42	269	187	188
42	270	244	245
42	271	0	0
42	272	0	0
42	273	157	158
42	274	310	311
42	275	959	960
42	276	147	148
42	277	229	230
42	278	248	249
42	279	203	204
42	280	420	421
42	281	307	308
42	282	296	297
42	283	323	324
42	284	280	281
42	285	293	294
42	286	0	0
42	287	145	146
42	288	229	230
42	289	181	182
42	290	152	153
42	291	256	257
42	292	271	272
42	293	299	300
42	294	364	365
42	295	227	228
42	296	316	317
42	297	333	334
42	298	117	118
42	299	518	519
42	300	488	489
42	301	229	230
42	302	253	254
42	303	274	275
42	304	147	148
42	305	319	320
42	306	426	427
42	307	326	327
42	308	313	314
42	309	307	308
42	310	0	0
42	311	0	0
42	312	99	156
42	313	372	373
42	314	664	665
42	315	296	297
42	316	563	564
42	317	357	358
42	318	155	237
42	319	395	396
42	320	384	385
42	321	293	294
42	322	267	268
42	323	561	562
42	324	529	530
42	325	232	233
42	326	388	389
42	327	337	338
42	328	594	595
42	329	393	394
42	330	141	142
42	331	141	142
42	332	326	327
42	333	335	336
42	334	930	931
42	335	0	0
42	336	341	342
42	337	0	0
42	338	0	0
42	339	244	245
42	340	333	334
42	341	660	661
42	342	377	378
42	343	335	336
42	344	256	257
42	345	181	182
42	346	374	375
42	347	589	590
42	348	207	208
42	349	223	224
42	350	187	188
42	351	282	283
42	352	207	208
42	353	267	268
42	354	223	224
42	355	0	0
42	356	0	0
42	357	402	403
42	358	438	439
42	359	215	216
42	360	223	224
42	361	234	235
42	362	307	308
42	363	210	211
42	364	537	538
42	365	0	0
42	366	0	0
42	367	0	0
42	368	0	0
42	369	0	0
42	370	227	228
42	371	253	254
42	372	0	0
42	373	0	0
42	374	0	0
42	375	0	0
42	376	187	188
42	377	0	0
42	378	0	0
42	379	183	184
42	380	433	434
42	381	480	481
42	382	366	367
42	383	337	338
42	384	0	0
42	385	0	0
42	386	364	365
42	387	99	156
42	388	0	0
42	389	0	0
42	390	236	391
42	391	411	412
42	392	346	347
42	393	523	524
42	394	482	483
42	395	0	0
42	396	0	0
42	397	380	381
42	398	313	314
42	399	355	356
42	400	267	268
42	401	366	367
42	402	450	451
42	403	453	454
42	404	355	356
42	405	307	308
42	406	368	369
42	407	293	294
42	408	337	338
42	409	323	324
42	410	227	228
42	411	908	909
42	412	460	461
42	413	357	358
42	414	346	347
42	415	244	245
42	416	236	391
42	417	299	300
42	418	337	338
42	419	335	336
42	420	648	649
42	421	447	448
42	422	335	336
42	423	256	257
42	424	420	421
42	425	319	320
42	426	466	467
42	427	431	432
42	428	241	242
42	429	532	533
42	430	555	556
42	431	0	0
42	432	0	0
42	433	441	442
42	434	444	445
42	435	271	272
42	436	236	391
42	437	411	412
42	438	0	0
42	439	542	543
42	440	438	439
42	441	0	0
42	442	0	0
42	443	431	432
42	444	0	0
42	445	0	0
42	446	426	427
42	447	997	998
42	448	473	474
42	449	366	367
42	450	0	0
42	451	0	0
42	452	357	358
42	453	0	0
42	454	0	0
42	455	305	306
42	456	328	329
42	457	453	454
42	458	176	177
42	459	181	182
42	460	485	486
42	461	0	0
42	462	393	394
42	463	364	365
42	464	316	317
42	465	333	334
42	466	0	0
42	467	0	0
42	468	333	334
42	469	341	342
42	470	210	211
42	471	411	412
42	472	453	454
42	473	0	0
42	474	0	0
42	475	546	547
42	476	0	0
42	477	274	275
42	478	431	432
42	479	346	347
42	480	565	566
42	481	905	906
42	482	0	0
42	483	516	517
42	484	328	329
42	485	883	884
42	486	700	701
42	487	326	327
42	488	737	738
42	489	0	0
42	490	248	249
42	491	460	461
42	492	328	329
42	493	388	389
42	494	282	283
42	495	296	297
42	496	569	570
42	497	640	641
42	498	466	467
42	499	438	439
42	500	323	324
42	501	368	369
42	502	426	427
42	503	326	327
42	504	377	378
42	505	0	0
42	506	0	0
42	507	285	286
42	508	296	297
42	509	310	311
42	510	341	342
42	511	482	483
42	512	139	140
42	513	316	317
42	514	395	396
42	515	485	486
42	516	754	755
42	517	746	747
42	518	678	679
42	519	748	749
42	520	450	451
42	521	319	320
42	522	280	281
42	523	694	695
42	524	0	0
42	525	523	524
42	526	319	320
42	527	482	483
42	528	280	281
42	529	862	863
42	530	544	545
42	531	482	483
42	532	558	559
42	533	718	719
42	534	384	385
42	535	310	311
42	536	377	378
42	537	603	604
42	538	764	765
42	539	390	540
42	540	819	820
42	541	466	467
42	542	0	0
42	543	0	0
42	544	898	899
42	545	628	629
42	546	760	761
42	547	625	626
42	548	523	524
42	549	388	389
42	550	341	342
42	551	253	254
42	552	293	294
42	553	271	272
42	554	460	461
42	555	579	580
42	556	712	713
42	557	453	454
42	558	686	687
42	559	616	617
42	560	393	394
42	561	824	825
42	562	582	583
42	563	0	0
42	564	0	0
42	565	0	0
42	566	0	0
42	567	236	391
42	568	529	530
42	569	0	0
42	570	0	0
42	571	377	378
42	572	372	373
42	573	431	432
42	574	518	519
42	575	523	524
42	576	460	461
42	577	285	286
42	578	393	394
42	579	0	0
42	580	688	689
42	581	433	434
42	582	662	663
42	583	642	643
42	584	485	486
42	585	357	358
42	586	232	233
42	587	579	580
42	588	447	448
42	589	0	0
42	590	0	0
42	591	155	237
42	592	589	590
42	593	429	430
42	594	703	704
42	595	945	946
42	596	232	233
42	597	594	595
42	598	374	375
42	599	0	0
42	600	0	0
42	601	529	530
42	602	372	373
42	603	634	635
42	604	0	0
42	605	372	373
42	606	374	375
42	607	420	421
42	608	402	403
42	609	305	306
42	610	555	556
42	611	313	314
42	612	532	533
42	613	420	421
42	614	374	375
42	615	485	486
42	616	828	829
42	617	706	707
42	618	0	0
42	619	928	929
42	620	215	216
42	621	475	476
42	622	395	396
42	623	537	538
42	624	542	543
42	625	0	0
42	626	636	637
42	627	441	442
42	628	0	0
42	629	0	0
42	630	628	629
42	631	616	617
42	632	195	196
42	633	563	564
42	634	786	787
42	635	644	645
42	636	680	681
42	637	0	0
42	638	618	619
42	639	426	427
42	640	0	0
42	641	0	0
42	642	0	0
42	643	776	777
42	644	0	0
42	645	0	0
42	646	546	547
42	647	388	389
42	648	814	815
42	649	722	723
42	650	316	317
42	651	563	564
42	652	634	635
42	653	625	626
42	654	364	365
42	655	299	300
42	656	594	595
42	657	628	629
42	658	616	617
42	659	441	442
42	660	0	0
42	661	0	0
42	662	0	0
42	663	0	0
42	664	0	0
42	665	0	0
42	666	565	566
42	667	542	543
42	668	488	489
42	669	561	562
42	670	221	222
42	671	305	306
42	672	628	629
42	673	594	595
42	674	569	570
42	675	395	396
42	676	368	369
42	677	299	300
42	678	0	0
42	679	0	0
42	680	724	725
42	681	735	736
42	682	680	681
42	683	589	590
42	684	411	412
42	685	221	222
42	686	0	0
42	687	698	699
42	688	857	858
42	689	0	0
42	690	195	196
42	691	390	540
42	692	558	559
42	693	355	356
42	694	743	744
42	695	836	837
42	696	241	242
42	697	660	661
42	698	0	0
42	699	990	991
42	700	770	771
42	701	901	902
42	702	390	540
42	703	0	0
42	704	788	789
42	705	640	641
42	706	866	867
42	707	874	875
42	708	662	663
42	709	603	604
42	710	644	645
42	711	664	665
42	712	878	879
42	713	714	715
42	714	841	842
42	715	822	823
42	716	505	506
42	717	616	617
42	718	838	839
42	719	0	0
42	720	274	275
42	721	285	286
42	722	0	0
42	723	0	0
42	724	0	0
42	725	0	0
42	726	505	506
42	727	433	434
42	728	686	687
42	729	558	559
42	730	450	451
42	731	546	547
42	732	700	701
42	733	662	663
42	734	384	385
42	735	0	0
42	736	0	0
42	737	850	851
42	738	756	757
42	739	380	381
42	740	589	590
42	741	221	222
42	742	703	704
42	743	0	0
42	744	0	0
42	745	537	538
42	746	0	0
42	747	807	808
42	748	0	0
42	749	762	763
42	750	748	749
42	751	735	736
42	752	310	311
42	753	625	626
42	754	0	0
42	755	783	784
42	756	812	813
42	757	0	0
42	758	662	663
42	759	248	249
42	760	0	0
42	761	0	0
42	762	790	791
42	763	0	0
42	764	922	923
42	765	766	767
42	766	802	803
42	767	0	0
42	768	743	744
42	769	680	681
42	770	0	0
42	771	0	0
42	772	438	439
42	773	625	626
42	774	282	283
42	775	323	324
42	776	0	0
42	777	0	0
42	778	686	687
42	779	640	641
42	780	703	704
42	781	488	489
42	782	688	689
42	783	868	869
42	784	0	0
42	785	770	771
42	786	0	0
42	787	0	0
42	788	859	860
42	789	896	897
42	790	0	0
42	791	0	0
42	792	786	787
42	793	473	474
42	794	466	467
42	795	737	738
42	796	855	856
42	797	974	975
42	798	544	545
42	799	644	645
42	800	788	789
42	801	642	643
42	802	0	0
42	803	0	0
42	804	579	580
42	805	450	451
42	806	664	665
42	807	0	0
42	808	0	0
42	809	660	661
42	810	640	641
42	811	542	543
42	812	0	0
42	813	0	0
42	814	0	0
42	815	0	0
42	816	488	489
42	817	700	701
42	818	644	645
42	819	0	0
42	820	969	970
42	821	764	765
42	822	915	916
42	823	0	0
42	824	0	0
42	825	0	0
42	826	770	771
42	827	819	820
42	828	0	0
42	829	0	0
42	830	518	519
42	831	698	699
42	832	390	540
42	833	475	476
42	834	433	434
42	835	746	747
42	836	0	0
42	837	0	0
42	838	0	0
42	839	890	891
42	840	537	538
42	841	993	994
42	842	0	0
42	843	783	784
42	844	724	725
42	845	642	643
42	846	680	681
42	847	582	583
42	848	565	566
42	849	841	842
42	850	0	0
42	851	942	943
42	852	746	747
42	853	790	791
42	854	582	583
42	855	0	0
42	856	0	0
42	857	0	0
42	858	980	981
42	859	0	0
42	860	870	871
42	861	565	566
42	862	0	0
42	863	0	0
42	864	802	803
42	865	516	517
42	866	0	0
42	867	926	927
42	868	0	0
42	869	0	0
42	870	0	0
42	871	0	0
42	872	688	689
42	873	569	570
42	874	982	983
42	875	0	0
42	876	862	863
42	877	429	430
42	878	964	965
42	879	0	0
42	880	788	789
42	881	313	314
42	882	868	869
42	883	966	967
42	884	894	895
42	885	558	559
42	886	582	583
42	887	874	875
42	888	788	789
42	889	660	661
42	890	924	925
42	891	0	0
42	892	569	570
42	893	822	823
42	894	0	0
42	895	999	1000
42	896	0	0
42	897	0	0
42	898	0	0
42	899	0	0
42	900	764	765
42	901	0	0
42	902	957	958
42	903	694	695
42	904	544	545
42	905	0	0
42	906	0	0
42	907	700	701
42	908	0	0
42	909	0	0
42	910	480	481
42	911	518	519
42	912	766	767
42	913	836	837
42	914	402	403
42	915	0	0
42	916	984	985
42	917	724	725
42	918	599	600
42	919	636	637
42	920	447	448
42	921	384	385
42	922	0	0
42	923	0	0
42	924	0	0
42	925	0	0
42	926	0	0
42	927	0	0
42	928	940	941
42	929	0	0
42	930	0	0
42	931	0	0
42	932	922	923
42	933	496	497
42	934	664	665
42	935	790	791
42	936	762	763
42	937	802	803
42	938	516	517
42	939	706	707
42	940	0	0
42	941	0	0
42	942	0	0
42	943	0	0
42	944	698	699
42	945	0	0
42	946	0	0
42	947	915	916
42	948	743	744
42	949	718	719
42	950	796	797
42	951	532	533
42	952	737	738
42	953	634	635
42	954	905	906
42	955	756	757
42	956	878	879
42	957	0	0
42	958	0	0
42	959	0	0
42	960	0	0
42	961	746	747
42	962	636	637
42	963	714	715
42	964	0	0
42	965	0	0
42	966	0	0
42	967	0	0
42	968	748	749
42	969	0	0
42	970	0	0
42	971	636	637
42	972	618	619
42	973	924	925
42	974	0	0
42	975	0	0
42	976	532	533
42	977	496	497
42	978	964	965
42	979	905	906
42	980	0	0
42	981	0	0
42	982	0	0
42	983	0	0
42	984	0	0
42	985	0	0
42	986	850	851
42	987	760	761
42	988	814	815
42	989	473	474
42	990	0	0
42	991	0	0
42	992	776	777
42	993	0	0
42	994	0	0
42	995	447	448
42	996	796	797
42	997	0	0
42	998	0	0
42	999	0	0
42	1000	0	0
