41	1	0	0
41	2	1	3
41	3	0	0
41	4	1	3
41	5	1	3
41	6	2	7
41	7	10	11
41	8	2	7
41	9	1	3
41	10	0	0
41	11	0	0
41	12	2	7
41	13	6	14
41	14	15	16
41	15	20	21
41	16	29	30
41	17	13	18
41	18	23	24
41	19	6	14
41	20	0	0
41	21	0	0
41	22	20	21
41	23	107	108
41	24	42	43
41	25	23	24
41	26	13	18
41	27	17	28
41	28	48	49
41	29	0	0
41	30	0	0
41	31	10	11
41	32	23	24
41	33	2	7
41	34	17	28
41	35	6	14
41	36	23	24
41	37	27	38
41	38	77	78
41	39	37	40
41	40	44	45
41	41	15	16
41	42	65	66
41	43	0	0
41	44	56	57
41	45	46	47
41	46	102	103
41	47	137	138
41	48	0	0
41	49	82	83
41	50	10	11
41	51	13	18
41	52	17	28
41	53	6	14
41	54	29	30
41	55	46	47
41	56	199	200
41	57	58	59
41	58	89	90
41	59	116	117
41	60	10	11
41	61	37	40
41	62	20	21
41	63	46	47
41	64	15	16
41	65	0	0
41	66	0	0
41	67	29	30
41	68	15	16
41	69	20	21
41	70	65	66
41	71	46	47
41	72	44	45
41	73	42	43
41	74	48	49
41	75	65	66
41	76	27	38
41	77	91	92
41	78	95	96
41	79	42	43
41	80	65	66
41	81	37	40
41	82	145	146
41	83	0	0
41	84	44	45
41	85	48	49
41	86	44	45
41	87	37	40
41	88	56	57
41	89	99	100
41	90	164	165
41	91	123	124
41	92	185	186
41	93	17	28
41	94	13	18
41	95	0	0
41	96	128	129
41	97	27	38
41	98	29	30
41	99	120	121
41	100	150	151
41	101	82	83
41	102	104	105
41	103	112	113
41	104	162	163
41	105	0	0
41	106	95	96
41	107	191	192
41	108	110	111
41	109	99	100
41	110	0	0
41	111	0	0
41	112	118	119
41	113	126	127
41	114	99	100
41	115	82	83
41	116	0	0
41	117	0	0
41	118	0	0
41	119	0	0
41	120	0	0
41	121	0	0
41	122	27	38
41	123	130	131
41	124	159	160
41	125	48	49
41	126	0	0
41	127	0	0
41	128	0	0
41	129	0	0
41	130	0	0
41	131	133	134
41	132	112	113
41	133	0	0
41	134	0	0
41	135	58	59
41	136	128	129
41	137	196	197
41	138	0	0
41	139	137	138
41	140	128	129
41	141	77	78
41	142	56	57
41	143	42	43
41	144	82	83
41	145	182	183
41	146	0	0
41	147	58	59
41	148	56	57
41	149	58	59
41	150	0	0
41	151	0	0
41	152	123	124
41	153	145	146
41	154	120	121
41	155	39	156
41	156	0	0
41	157	150	151
41	158	118	119
41	159	170	171
41	160	0	0
41	161	133	134
41	162	166	167
41	163	0	0
41	164	0	0
41	165	0	0
41	166	0	0
41	167	0	0
41	168	77	78
41	169	126	127
41	170	0	0
41	171	0	0
41	172	150	151
41	173	39	156
41	174	120	121
41	175	110	111
41	176	130	131
41	177	95	96
41	178	112	113
41	179	99	100
41	180	107	108
41	181	159	160
41	182	0	0
41	183	0	0
41	184	182	183
41	185	0	0
41	186	187	188
41	187	0	0
41	188	0	0
41	189	89	90
41	190	185	186
41	191	0	0
41	192	0	0
41	193	102	103
41	194	191	192
41	195	187	188
41	196	0	0
41	197	0	0
41	198	166	167
41	199	0	0
41	200	0	0
