42	1	0	0
42	2	1	3
42	3	0	0
42	4	1	3
42	5	1	3
42	6	2	7
42	7	12	13
42	8	1	3
42	9	2	7
42	10	2	7
42	11	2	7
42	12	0	0
42	13	0	0
42	14	12	13
42	15	12	13
42	16	12	13
42	17	6	18
42	18	20	21
42	19	6	18
42	20	24	25
42	21	27	28
42	22	17	23
42	23	98	99
42	24	0	0
42	25	0	0
42	26	20	21
42	27	0	0
42	28	0	0
42	29	22	30
42	30	32	33
42	31	24	25
42	32	39	40
42	33	43	44
42	34	22	30
42	35	29	36
42	36	0	0
42	37	6	18
42	38	29	36
42	39	50	51
42	40	85	86
42	41	39	40
42	42	17	23
42	43	73	74
42	44	55	56
42	45	17	23
42	46	29	36
42	47	6	18
42	48	20	21
42	49	29	36
42	50	0	0
42	51	0	0
42	52	22	30
42	53	43	44
42	54	50	51
42	55	62	63
42	56	60	61
42	57	20	21
42	58	35	59
42	59	0	0
42	60	0	0
42	61	0	0
42	62	0	0
42	63	0	0
42	64	43	44
42	65	27	28
42	66	24	25
42	67	35	59
42	68	39	40
42	69	39	40
42	70	27	28
42	71	27	28
42	72	50	51
42	73	79	80
42	74	0	0
42	75	55	56
42	76	24	25
42	77	55	56
42	78	62	63
42	79	0	0
42	80	0	0
42	81	43	44
42	82	60	61
42	83	60	61
42	84	35	59
42	85	96	97
42	86	0	0
42	87	79	80
42	88	22	30
42	89	79	80
42	90	50	51
42	91	60	61
42	92	73	74
42	93	32	33
42	94	62	63
42	95	17	23
42	96	0	0
42	97	0	0
42	98	0	0
42	99	0	0
42	100	96	97
