26	1	0	0
26	2	1	3
26	3	0	0
26	4	1	3
26	5	1	3
26	6	1	3
26	7	2	8
26	8	52	53
26	9	7	10
26	10	28	29
26	11	7	10
26	12	9	13
26	13	55	56
26	14	9	13
26	15	2	8
26	16	7	10
26	17	7	10
26	18	12	19
26	19	22	23
26	20	18	21
26	21	49	50
26	22	33	34
26	23	178	179
26	24	9	13
26	25	9	13
26	26	12	19
26	27	22	23
26	28	30	31
26	29	175	176
26	30	0	0
26	31	0	0
26	32	30	31
26	33	35	36
26	34	305	306
26	35	44	45
26	36	39	40
26	37	20	38
26	38	95	96
26	39	0	0
26	40	0	0
26	41	28	29
26	42	22	23
26	43	22	23
26	44	0	0
26	45	0	0
26	46	2	8
26	47	37	48
26	48	73	74
26	49	70	71
26	50	105	106
26	51	12	19
26	52	0	0
26	53	0	0
26	54	33	34
26	55	67	68
26	56	224	225
26	57	20	38
26	58	12	19
26	59	18	21
26	60	44	45
26	61	35	36
26	62	18	21
26	63	55	56
26	64	35	36
26	65	49	50
26	66	39	40
26	67	221	222
26	68	86	87
26	69	37	48
26	70	422	423
26	71	103	104
26	72	52	53
26	73	77	78
26	74	81	82
26	75	30	31
26	76	20	38
26	77	112	113
26	78	79	80
26	79	110	111
26	80	143	144
26	81	233	234
26	82	88	89
26	83	52	53
26	84	18	21
26	85	79	80
26	86	0	0
26	87	0	0
26	88	503	504
26	89	129	130
26	90	33	34
26	91	2	8
26	92	70	71
26	93	44	45
26	94	88	89
26	95	134	135
26	96	186	187
26	97	79	80
26	98	44	45
26	99	33	34
26	100	81	82
26	101	86	87
26	102	37	48
26	103	126	127
26	104	132	133
26	105	122	123
26	106	359	360
26	107	95	96
26	108	81	82
26	109	105	106
26	110	330	331
26	111	153	154
26	112	120	121
26	113	453	454
26	114	79	80
26	115	55	56
26	116	39	40
26	117	20	38
26	118	49	50
26	119	30	31
26	120	303	304
26	121	165	166
26	122	211	212
26	123	252	253
26	124	49	50
26	125	52	53
26	126	328	329
26	127	149	150
26	128	103	104
26	129	156	157
26	130	638	639
26	131	77	78
26	132	136	137
26	133	138	139
26	134	247	248
26	135	158	159
26	136	0	0
26	137	0	0
26	138	0	0
26	139	0	0
26	140	81	82
26	141	73	74
26	142	88	89
26	143	415	416
26	144	927	928
26	145	70	71
26	146	143	144
26	147	73	74
26	148	39	40
26	149	0	0
26	150	0	0
26	151	126	127
26	152	105	106
26	153	236	237
26	154	188	189
26	155	105	106
26	156	214	215
26	157	513	514
26	158	170	171
26	159	284	285
26	160	73	74
26	161	149	150
26	162	67	68
26	163	77	78
26	164	143	144
26	165	480	481
26	166	202	203
26	167	110	111
26	168	134	135
26	169	70	71
26	170	443	444
26	171	184	185
26	172	134	135
26	173	143	144
26	174	126	127
26	175	0	0
26	176	0	0
26	177	156	157
26	178	369	370
26	179	192	193
26	180	132	133
26	181	153	154
26	182	67	68
26	183	165	166
26	184	266	267
26	185	197	198
26	186	195	196
26	187	0	0
26	188	199	200
26	189	509	510
26	190	126	127
26	191	88	89
26	192	599	600
26	193	349	350
26	194	28	29
26	195	205	206
26	196	243	244
26	197	0	0
26	198	0	0
26	199	0	0
26	200	0	0
26	201	170	171
26	202	208	209
26	203	464	465
26	204	67	68
26	205	877	878
26	206	650	651
26	207	110	111
26	208	0	0
26	209	0	0
26	210	120	121
26	211	486	487
26	212	380	381
26	213	211	212
26	214	634	635
26	215	401	402
26	216	55	56
26	217	195	196
26	218	170	171
26	219	165	166
26	220	178	179
26	221	0	0
26	222	0	0
26	223	208	209
26	224	367	368
26	225	0	0
26	226	158	159
26	227	47	228
26	228	245	246
26	229	120	121
26	230	211	212
26	231	28	29
26	232	197	198
26	233	412	413
26	234	286	287
26	235	103	104
26	236	425	426
26	237	505	506
26	238	236	237
26	239	236	237
26	240	175	176
26	241	227	242
26	242	260	261
26	243	299	300
26	244	278	279
26	245	341	342
26	246	0	0
26	247	270	271
26	248	0	0
26	249	95	96
26	250	192	193
26	251	129	130
26	252	301	302
26	253	275	276
26	254	224	225
26	255	95	96
26	256	103	104
26	257	110	111
26	258	224	225
26	259	136	137
26	260	345	346
26	261	291	292
26	262	149	150
26	263	149	150
26	264	136	137
26	265	224	225
26	266	0	0
26	267	0	0
26	268	243	244
26	269	120	121
26	270	939	940
26	271	352	353
26	272	178	179
26	273	252	253
26	274	202	203
26	275	0	0
26	276	0	0
26	277	77	78
26	278	281	282
26	279	542	543
26	280	266	267
26	281	0	0
26	282	0	0
26	283	214	215
26	284	518	519
26	285	336	337
26	286	389	390
26	287	399	400
26	288	245	246
26	289	243	244
26	290	158	159
26	291	973	974
26	292	611	612
26	293	122	123
26	294	208	209
26	295	132	133
26	296	252	253
26	297	291	292
26	298	158	159
26	299	373	374
26	300	469	470
26	301	0	0
26	302	0	0
26	303	494	495
26	304	333	334
26	305	462	463
26	306	386	387
26	307	243	244
26	308	278	279
26	309	211	212
26	310	156	157
26	311	286	287
26	312	270	271
26	313	284	285
26	314	284	285
26	315	303	304
26	316	299	300
26	317	192	193
26	318	138	139
26	319	156	157
26	320	195	196
26	321	301	302
26	322	266	267
26	323	247	248
26	324	270	271
26	325	165	166
26	326	136	137
26	327	192	193
26	328	0	0
26	329	0	0
26	330	339	340
26	331	554	555
26	332	303	304
26	333	396	397
26	334	439	440
26	335	305	306
26	336	343	344
26	337	363	364
26	338	245	246
26	339	895	896
26	340	0	0
26	341	853	854
26	342	347	348
26	343	0	0
26	344	0	0
26	345	375	376
26	346	588	589
26	347	816	817
26	348	602	603
26	349	0	0
26	350	0	0
26	351	37	48
26	352	576	577
26	353	780	781
26	354	170	171
26	355	202	203
26	356	347	348
26	357	122	123
26	358	197	198
26	359	507	508
26	360	384	385
26	361	247	248
26	362	305	306
26	363	0	0
26	364	0	0
26	365	299	300
26	366	305	306
26	367	0	0
26	368	0	0
26	369	621	622
26	370	561	562
26	371	245	246
26	372	205	206
26	373	0	0
26	374	0	0
26	375	378	379
26	376	498	499
26	377	208	209
26	378	0	0
26	379	460	461
26	380	0	0
26	381	0	0
26	382	178	179
26	383	303	304
26	384	675	676
26	385	429	430
26	386	0	0
26	387	0	0
26	388	134	135
26	389	642	643
26	390	827	828
26	391	227	242
26	392	129	130
26	393	241	394
26	394	545	546
26	395	112	113
26	396	0	0
26	397	0	0
26	398	347	348
26	399	535	536
26	400	681	682
26	401	0	0
26	402	0	0
26	403	301	302
26	404	188	189
26	405	301	302
26	406	343	344
26	407	278	279
26	408	389	390
26	409	384	385
26	410	284	285
26	411	266	267
26	412	657	658
26	413	628	629
26	414	396	397
26	415	551	552
26	416	677	678
26	417	363	364
26	418	389	390
26	419	396	397
26	420	330	331
26	421	373	374
26	422	0	0
26	423	0	0
26	424	197	198
26	425	0	0
26	426	0	0
26	427	286	287
26	428	241	394
26	429	0	0
26	430	0	0
26	431	380	381
26	432	373	374
26	433	343	344
26	434	112	113
26	435	380	381
26	436	333	334
26	437	188	189
26	438	373	374
26	439	0	0
26	440	0	0
26	441	270	271
26	442	345	346
26	443	743	744
26	444	849	850
26	445	389	390
26	446	399	400
26	447	425	426
26	448	422	423
26	449	47	228
26	450	241	394
26	451	333	334
26	452	252	253
26	453	0	0
26	454	669	670
26	455	369	370
26	456	375	376
26	457	439	440
26	458	415	416
26	459	195	196
26	460	0	0
26	461	652	653
26	462	0	0
26	463	0	0
26	464	0	0
26	465	0	0
26	466	462	463
26	467	275	276
26	468	112	113
26	469	0	0
26	470	0	0
26	471	345	346
26	472	122	123
26	473	378	379
26	474	460	461
26	475	363	364
26	476	396	397
26	477	399	400
26	478	422	423
26	479	328	329
26	480	579	580
26	481	569	570
26	482	153	154
26	483	343	344
26	484	339	340
26	485	349	350
26	486	0	0
26	487	0	0
26	488	286	287
26	489	138	139
26	490	236	237
26	491	330	331
26	492	175	176
26	493	132	133
26	494	667	668
26	495	549	550
26	496	412	413
26	497	35	36
26	498	617	618
26	499	700	701
26	500	380	381
26	501	415	416
26	502	227	242
26	503	630	631
26	504	914	915
26	505	0	0
26	506	0	0
26	507	872	873
26	508	941	942
26	509	0	0
26	510	0	0
26	511	153	154
26	512	336	337
26	513	538	539
26	514	0	0
26	515	480	481
26	516	462	463
26	517	386	387
26	518	609	610
26	519	645	646
26	520	260	261
26	521	439	440
26	522	518	519
26	523	247	248
26	524	227	242
26	525	425	426
26	526	498	499
26	527	453	454
26	528	138	139
26	529	359	360
26	530	352	353
26	531	339	340
26	532	503	504
26	533	186	187
26	534	347	348
26	535	585	586
26	536	754	755
26	537	486	487
26	538	0	0
26	539	0	0
26	540	299	300
26	541	202	203
26	542	0	0
26	543	0	0
26	544	281	282
26	545	607	608
26	546	624	625
26	547	367	368
26	548	415	416
26	549	0	0
26	550	0	0
26	551	696	697
26	552	671	672
26	553	538	539
26	554	981	982
26	555	806	807
26	556	375	376
26	557	233	234
26	558	425	426
26	559	241	394
26	560	498	499
26	561	0	0
26	562	0	0
26	563	349	350
26	564	199	200
26	565	503	504
26	566	551	552
26	567	363	364
26	568	480	481
26	569	0	0
26	570	0	0
26	571	386	387
26	572	375	376
26	573	554	555
26	574	399	400
26	575	453	454
26	576	0	0
26	577	0	0
26	578	569	570
26	579	0	0
26	580	0	0
26	581	47	228
26	582	333	334
26	583	233	234
26	584	214	215
26	585	0	0
26	586	0	0
26	587	494	495
26	588	595	596
26	589	605	606
26	590	505	506
26	591	47	228
26	592	535	536
26	593	545	546
26	594	188	189
26	595	0	0
26	596	869	870
26	597	352	353
26	598	386	387
26	599	0	0
26	600	0	0
26	601	328	329
26	602	0	0
26	603	0	0
26	604	278	279
26	605	659	660
26	606	756	757
26	607	0	0
26	608	0	0
26	609	0	0
26	610	0	0
26	611	691	692
26	612	847	848
26	613	393	614
26	614	950	951
26	615	538	539
26	616	214	215
26	617	728	729
26	618	693	694
26	619	86	87
26	620	330	331
26	621	0	0
26	622	0	0
26	623	621	622
26	624	723	724
26	625	0	0
26	626	86	87
26	627	513	514
26	628	970	971
26	629	804	805
26	630	830	831
26	631	0	0
26	632	393	614
26	633	422	423
26	634	0	0
26	635	0	0
26	636	579	580
26	637	275	276
26	638	794	795
26	639	0	0
26	640	281	282
26	641	328	329
26	642	734	735
26	643	934	935
26	644	453	454
26	645	0	0
26	646	0	0
26	647	345	346
26	648	275	276
26	649	617	618
26	650	0	0
26	651	0	0
26	652	654	655
26	653	0	0
26	654	715	716
26	655	0	0
26	656	549	550
26	657	0	0
26	658	0	0
26	659	0	0
26	660	784	785
26	661	585	586
26	662	518	519
26	663	439	440
26	664	654	655
26	665	645	646
26	666	505	506
26	667	0	0
26	668	0	0
26	669	825	826
26	670	0	0
26	671	0	0
26	672	0	0
26	673	579	580
26	674	199	200
26	675	0	0
26	676	0	0
26	677	707	708
26	678	0	0
26	679	339	340
26	680	175	176
26	681	929	930
26	682	0	0
26	683	551	552
26	684	336	337
26	685	486	487
26	686	513	514
26	687	378	379
26	688	184	185
26	689	186	187
26	690	642	643
26	691	0	0
26	692	0	0
26	693	0	0
26	694	718	719
26	695	545	546
26	696	0	0
26	697	0	0
26	698	677	678
26	699	341	342
26	700	778	779
26	701	936	937
26	702	429	430
26	703	621	622
26	704	654	655
26	705	551	552
26	706	412	413
26	707	0	0
26	708	0	0
26	709	542	543
26	710	613	711
26	711	0	0
26	712	518	519
26	713	281	282
26	714	700	701
26	715	759	760
26	716	741	742
26	717	443	444
26	718	0	0
26	719	863	864
26	720	599	600
26	721	624	625
26	722	349	350
26	723	738	739
26	724	732	733
26	725	624	625
26	726	638	639
26	727	652	653
26	728	0	0
26	729	747	748
26	730	367	368
26	731	336	337
26	732	776	777
26	733	766	767
26	734	0	0
26	735	0	0
26	736	549	550
26	737	561	562
26	738	787	788
26	739	0	0
26	740	696	697
26	741	0	0
26	742	0	0
26	743	0	0
26	744	0	0
26	745	630	631
26	746	494	495
26	747	789	790
26	748	769	770
26	749	401	402
26	750	505	506
26	751	545	546
26	752	715	716
26	753	588	589
26	754	0	0
26	755	0	0
26	756	884	885
26	757	0	0
26	758	645	646
26	759	0	0
26	760	0	0
26	761	260	261
26	762	429	430
26	763	723	724
26	764	561	562
26	765	628	629
26	766	0	0
26	767	818	819
26	768	747	748
26	769	0	0
26	770	0	0
26	771	599	600
26	772	634	635
26	773	462	463
26	774	221	222
26	775	756	757
26	776	820	821
26	777	924	925
26	778	0	0
26	779	0	0
26	780	0	0
26	781	0	0
26	782	359	360
26	783	741	742
26	784	0	0
26	785	968	969
26	786	657	658
26	787	999	1000
26	788	0	0
26	789	0	0
26	790	0	0
26	791	754	755
26	792	747	748
26	793	429	430
26	794	960	961
26	795	890	891
26	796	464	465
26	797	609	610
26	798	715	716
26	799	754	755
26	800	412	413
26	801	595	596
26	802	769	770
26	803	443	444
26	804	907	908
26	805	946	947
26	806	0	0
26	807	0	0
26	808	657	658
26	809	681	682
26	810	804	805
26	811	542	543
26	812	659	660
26	813	184	185
26	814	369	370
26	815	260	261
26	816	0	0
26	817	893	894
26	818	0	0
26	819	882	883
26	820	0	0
26	821	0	0
26	822	549	550
26	823	221	222
26	824	700	701
26	825	910	911
26	826	0	0
26	827	837	838
26	828	0	0
26	829	588	589
26	830	0	0
26	831	0	0
26	832	710	833
26	833	0	0
26	834	503	504
26	835	384	385
26	836	784	785
26	837	0	0
26	838	0	0
26	839	480	481
26	840	715	716
26	841	691	692
26	842	738	739
26	843	221	222
26	844	830	831
26	845	486	487
26	846	738	739
26	847	0	0
26	848	944	945
26	849	0	0
26	850	0	0
26	851	806	807
26	852	602	603
26	853	0	0
26	854	0	0
26	855	732	733
26	856	778	779
26	857	847	848
26	858	816	817
26	859	605	606
26	860	233	234
26	861	654	655
26	862	205	206
26	863	0	0
26	864	0	0
26	865	498	499
26	866	369	370
26	867	645	646
26	868	538	539
26	869	0	0
26	870	0	0
26	871	700	701
26	872	0	0
26	873	0	0
26	874	794	795
26	875	595	596
26	876	569	570
26	877	953	954
26	878	976	977
26	879	291	292
26	880	832	881
26	881	0	0
26	882	0	0
26	883	0	0
26	884	0	0
26	885	0	0
26	886	602	603
26	887	754	755
26	888	657	658
26	889	599	600
26	890	0	0
26	891	0	0
26	892	628	629
26	893	0	0
26	894	932	933
26	895	0	0
26	896	0	0
26	897	776	777
26	898	794	795
26	899	723	724
26	900	507	508
26	901	741	742
26	902	659	660
26	903	401	402
26	904	460	461
26	905	738	739
26	906	677	678
26	907	0	0
26	908	0	0
26	909	756	757
26	910	0	0
26	911	0	0
26	912	576	577
26	913	595	596
26	914	990	991
26	915	0	0
26	916	787	788
26	917	877	878
26	918	624	625
26	919	747	748
26	920	669	670
26	921	734	735
26	922	630	631
26	923	613	711
26	924	0	0
26	925	0	0
26	926	778	779
26	927	0	0
26	928	0	0
26	929	0	0
26	930	0	0
26	931	830	831
26	932	0	0
26	933	0	0
26	934	0	0
26	935	0	0
26	936	0	0
26	937	0	0
26	938	910	911
26	939	0	0
26	940	0	0
26	941	0	0
26	942	0	0
26	943	869	870
26	944	0	0
26	945	0	0
26	946	0	0
26	947	0	0
26	948	579	580
26	949	830	831
26	950	966	967
26	951	0	0
26	952	827	828
26	953	0	0
26	954	0	0
26	955	882	883
26	956	602	603
26	957	794	795
26	958	820	821
26	959	494	495
26	960	0	0
26	961	0	0
26	962	944	945
26	963	642	643
26	964	535	536
26	965	341	342
26	966	0	0
26	967	0	0
26	968	0	0
26	969	0	0
26	970	0	0
26	971	0	0
26	972	884	885
26	973	0	0
26	974	0	0
26	975	611	612
26	976	0	0
26	977	0	0
26	978	741	742
26	979	895	896
26	980	976	977
26	981	0	0
26	982	0	0
26	983	186	187
26	984	732	733
26	985	605	606
26	986	932	933
26	987	630	631
26	988	784	785
26	989	787	788
26	990	0	0
26	991	0	0
26	992	966	967
26	993	509	510
26	994	941	942
26	995	924	925
26	996	990	991
26	997	613	711
26	998	869	870
26	999	0	0
26	1000	0	0
