40	1	0	0
40	2	1	3
40	3	0	0
40	4	1	3
40	5	1	3
40	6	2	7
40	7	10	11
40	8	1	3
40	9	2	7
40	10	0	0
40	11	0	0
40	12	2	7
40	13	10	11
40	14	2	7
40	15	6	16
40	16	30	31
40	17	10	11
40	18	10	11
40	19	6	16
40	20	6	16
40	21	6	16
40	22	15	23
40	23	27	28
40	24	15	23
40	25	15	23
40	26	15	23
40	27	57	58
40	28	32	33
40	29	27	28
40	30	78	79
40	31	54	55
40	32	35	36
40	33	40	41
40	34	30	31
40	35	0	0
40	36	0	0
40	37	35	36
40	38	35	36
40	39	35	36
40	40	0	0
40	41	0	0
40	42	27	28
40	43	32	33
40	44	27	28
40	45	22	46
40	46	48	49
40	47	40	41
40	48	64	65
40	49	119	120
40	50	22	46
40	51	45	52
40	52	101	102
40	53	40	41
40	54	0	0
40	55	0	0
40	56	22	46
40	57	75	76
40	58	88	89
40	59	54	55
40	60	54	55
40	61	32	33
40	62	48	49
40	63	48	49
40	64	66	67
40	65	72	73
40	66	115	116
40	67	96	97
40	68	48	49
40	69	51	70
40	70	113	114
40	71	66	67
40	72	92	93
40	73	144	145
40	74	45	52
40	75	0	0
40	76	0	0
40	77	32	33
40	78	0	0
40	79	0	0
40	80	69	81
40	81	207	208
40	82	51	70
40	83	51	70
40	84	66	67
40	85	51	70
40	86	40	41
40	87	72	73
40	88	0	0
40	89	0	0
40	90	66	67
40	91	64	65
40	92	0	0
40	93	0	0
40	94	80	95
40	95	117	118
40	96	0	0
40	97	0	0
40	98	80	95
40	99	72	73
40	100	69	81
40	101	130	131
40	102	168	169
40	103	72	73
40	104	30	31
40	105	57	58
40	106	96	97
40	107	64	65
40	108	57	58
40	109	64	65
40	110	22	46
40	111	96	97
40	112	30	31
40	113	0	0
40	114	0	0
40	115	0	0
40	116	0	0
40	117	141	142
40	118	162	163
40	119	191	192
40	120	134	135
40	121	101	102
40	122	92	93
40	123	80	95
40	124	45	52
40	125	101	102
40	126	113	114
40	127	75	76
40	128	69	81
40	129	80	95
40	130	164	165
40	131	209	210
40	132	94	133
40	133	257	258
40	134	0	0
40	135	136	137
40	136	0	0
40	137	0	0
40	138	119	120
40	139	115	116
40	140	113	114
40	141	241	242
40	142	147	148
40	143	88	89
40	144	0	0
40	145	0	0
40	146	94	133
40	147	0	0
40	148	158	159
40	149	92	93
40	150	96	97
40	151	141	142
40	152	147	148
40	153	54	55
40	154	101	102
40	155	78	79
40	156	78	79
40	157	94	133
40	158	189	190
40	159	177	178
40	160	92	93
40	161	144	145
40	162	201	202
40	163	214	215
40	164	0	0
40	165	223	224
40	166	57	58
40	167	75	76
40	168	0	0
40	169	216	217
40	170	132	171
40	171	239	240
40	172	88	89
40	173	170	174
40	174	0	0
40	175	94	133
40	176	132	171
40	177	0	0
40	178	0	0
40	179	134	135
40	180	69	81
40	181	75	76
40	182	141	142
40	183	88	89
40	184	132	171
40	185	134	135
40	186	136	137
40	187	170	174
40	188	158	159
40	189	205	206
40	190	229	230
40	191	0	0
40	192	267	268
40	193	144	145
40	194	191	192
40	195	170	174
40	196	134	135
40	197	132	171
40	198	170	174
40	199	113	114
40	200	130	131
40	201	0	0
40	202	0	0
40	203	164	165
40	204	144	145
40	205	0	0
40	206	220	221
40	207	0	0
40	208	0	0
40	209	0	0
40	210	264	265
40	211	164	165
40	212	117	118
40	213	117	118
40	214	235	236
40	215	0	0
40	216	251	252
40	217	0	0
40	218	147	148
40	219	214	215
40	220	0	0
40	221	0	0
40	222	205	206
40	223	0	0
40	224	0	0
40	225	216	217
40	226	201	202
40	227	205	206
40	228	191	192
40	229	243	244
40	230	0	0
40	231	223	224
40	232	45	52
40	233	136	137
40	234	191	192
40	235	275	276
40	236	248	249
40	237	229	230
40	238	216	217
40	239	269	270
40	240	0	0
40	241	0	0
40	242	246	247
40	243	0	0
40	244	0	0
40	245	136	137
40	246	260	261
40	247	255	256
40	248	0	0
40	249	0	0
40	250	229	230
40	251	0	0
40	252	0	0
40	253	130	131
40	254	130	131
40	255	290	291
40	256	279	280
40	257	262	263
40	258	0	0
40	259	177	178
40	260	0	0
40	261	0	0
40	262	0	0
40	263	0	0
40	264	0	0
40	265	0	0
40	266	158	159
40	267	0	0
40	268	0	0
40	269	0	0
40	270	271	272
40	271	277	278
40	272	286	287
40	273	248	249
40	274	243	244
40	275	0	0
40	276	0	0
40	277	0	0
40	278	288	289
40	279	0	0
40	280	0	0
40	281	205	206
40	282	117	118
40	283	239	240
40	284	257	258
40	285	275	276
40	286	0	0
40	287	0	0
40	288	0	0
40	289	0	0
40	290	0	0
40	291	0	0
40	292	255	256
40	293	214	215
40	294	119	120
40	295	277	278
40	296	246	247
40	297	241	242
40	298	275	276
40	299	216	217
40	300	277	278
