45	1	0	0
45	2	1	3
45	3	0	0
45	4	2	5
45	5	8	9
45	6	4	7
45	7	23	24
45	8	0	0
45	9	0	0
45	10	6	11
45	11	33	34
45	12	8	9
45	13	1	3
45	14	2	5
45	15	1	3
45	16	8	9
45	17	6	11
45	18	4	7
45	19	2	5
45	20	6	11
45	21	2	5
45	22	1	3
45	23	26	27
45	24	28	29
45	25	4	7
45	26	0	0
45	27	0	0
45	28	0	0
45	29	0	0
45	30	8	9
45	31	4	7
45	32	23	24
45	33	39	40
45	34	61	62
45	35	6	11
45	36	28	29
45	37	26	27
45	38	23	24
45	39	48	49
45	40	46	47
45	41	28	29
45	42	23	24
45	43	10	44
45	44	56	57
45	45	28	29
45	46	0	0
45	47	0	0
45	48	0	0
45	49	0	0
45	50	26	27
45	51	48	49
45	52	46	47
45	53	10	44
45	54	26	27
45	55	10	44
45	56	110	111
45	57	63	64
45	58	10	44
45	59	46	47
45	60	46	47
45	61	65	66
45	62	81	82
45	63	94	95
45	64	86	87
45	65	0	0
45	66	0	0
45	67	63	64
45	68	48	49
45	69	33	34
45	70	65	66
45	71	33	34
45	72	39	40
45	73	65	66
45	74	39	40
45	75	65	66
45	76	33	34
45	77	39	40
45	78	61	62
45	79	63	64
45	80	48	49
45	81	0	0
45	82	0	0
45	83	81	82
45	84	81	82
45	85	81	82
45	86	88	89
45	87	104	105
45	88	0	0
45	89	0	0
45	90	86	87
45	91	56	57
45	92	56	57
45	93	56	57
45	94	102	103
45	95	132	133
45	96	94	95
45	97	88	89
45	98	94	95
45	99	63	64
45	100	61	62
45	101	61	62
45	102	0	0
45	103	0	0
45	104	0	0
45	105	0	0
45	106	88	89
45	107	86	87
45	108	104	105
45	109	86	87
45	110	119	120
45	111	114	115
45	112	110	111
45	113	104	105
45	114	124	125
45	115	167	168
45	116	110	111
45	117	110	111
45	118	102	103
45	119	154	155
45	120	127	128
45	121	102	103
45	122	94	95
45	123	114	115
45	124	0	0
45	125	0	0
45	126	114	115
45	127	0	0
45	128	0	0
45	129	102	103
45	130	124	125
45	131	114	115
45	132	0	0
45	133	0	0
45	134	124	125
45	135	88	89
45	136	104	105
45	137	43	138
45	138	164	165
45	139	119	120
45	140	127	128
45	141	127	128
45	142	119	120
45	143	119	120
45	144	43	138
45	145	137	146
45	146	147	148
45	147	152	153
45	148	156	157
45	149	132	133
45	150	124	125
45	151	43	138
45	152	0	0
45	153	170	171
45	154	0	0
45	155	0	0
45	156	326	327
45	157	162	163
45	158	127	128
45	159	137	146
45	160	132	133
45	161	147	148
45	162	204	205
45	163	0	0
45	164	227	228
45	165	181	182
45	166	164	165
45	167	0	0
45	168	0	0
45	169	162	163
45	170	267	268
45	171	199	200
45	172	164	165
45	173	145	174
45	174	379	380
45	175	173	176
45	176	240	241
45	177	164	165
45	178	132	133
45	179	147	148
45	180	154	155
45	181	192	193
45	182	190	191
45	183	162	163
45	184	167	168
45	185	167	168
45	186	145	174
45	187	137	146
45	188	156	157
45	189	147	148
45	190	392	393
45	191	202	203
45	192	194	195
45	193	255	256
45	194	250	251
45	195	218	219
45	196	194	195
45	197	194	195
45	198	192	193
45	199	322	323
45	200	231	232
45	201	154	155
45	202	313	314
45	203	275	276
45	204	229	230
45	205	288	289
45	206	192	193
45	207	175	208
45	208	0	0
45	209	202	203
45	210	207	211
45	211	214	215
45	212	190	191
45	213	202	203
45	214	386	387
45	215	334	335
45	216	154	155
45	217	173	176
45	218	0	0
45	219	0	0
45	220	145	174
45	221	199	200
45	222	194	195
45	223	145	174
45	224	156	157
45	225	170	171
45	226	162	163
45	227	248	249
45	228	0	0
45	229	259	260
45	230	263	264
45	231	257	258
45	232	290	291
45	233	156	157
45	234	173	176
45	235	229	230
45	236	173	176
45	237	199	200
45	238	152	153
45	239	218	219
45	240	320	321
45	241	269	270
45	242	218	219
45	243	231	232
45	244	152	153
45	245	231	232
45	246	202	203
45	247	152	153
45	248	273	274
45	249	277	278
45	250	0	0
45	251	0	0
45	252	204	205
45	253	170	171
45	254	43	138
45	255	271	272
45	256	349	350
45	257	0	0
45	258	0	0
45	259	0	0
45	260	0	0
45	261	207	211
45	262	207	211
45	263	0	0
45	264	0	0
45	265	199	200
45	266	248	249
45	267	473	474
45	268	0	0
45	269	294	295
45	270	310	311
45	271	0	0
45	272	0	0
45	273	399	400
45	274	284	285
45	275	0	0
45	276	0	0
45	277	0	0
45	278	427	428
45	279	269	270
45	280	248	249
45	281	231	232
45	282	137	146
45	283	181	182
45	284	0	0
45	285	0	0
45	286	271	272
45	287	190	191
45	288	292	293
45	289	304	305
45	290	0	0
45	291	0	0
45	292	0	0
45	293	0	0
45	294	353	354
45	295	441	442
45	296	190	191
45	297	275	276
45	298	218	219
45	299	227	228
45	300	240	241
45	301	204	205
45	302	248	249
45	303	275	276
45	304	0	0
45	305	0	0
45	306	214	215
45	307	175	208
45	308	250	251
45	309	292	293
45	310	317	318
45	311	361	362
45	312	273	274
45	313	0	0
45	314	0	0
45	315	263	264
45	316	304	305
45	317	0	0
45	318	0	0
45	319	259	260
45	320	340	341
45	321	0	0
45	322	416	417
45	323	424	425
45	324	277	278
45	325	267	268
45	326	469	470
45	327	429	430
45	328	326	327
45	329	263	264
45	330	227	228
45	331	250	251
45	332	214	215
45	333	313	314
45	334	490	491
45	335	370	371
45	336	229	230
45	337	240	241
45	338	204	205
45	339	304	305
45	340	0	0
45	341	0	0
45	342	207	211
45	343	288	289
45	344	334	335
45	345	326	327
45	346	273	274
45	347	192	193
45	348	304	305
45	349	0	0
45	350	0	0
45	351	277	278
45	352	326	327
45	353	0	0
45	354	410	411
45	355	284	285
45	356	167	168
45	357	273	274
45	358	290	291
45	359	322	323
45	360	269	270
45	361	364	365
45	362	377	378
45	363	263	264
45	364	475	476
45	365	368	369
45	366	277	278
45	367	322	323
45	368	375	376
45	369	482	483
45	370	0	0
45	371	438	439
45	372	275	276
45	373	210	374
45	374	0	0
45	375	397	398
45	376	0	0
45	377	388	389
45	378	0	0
45	379	0	0
45	380	0	0
45	381	377	378
45	382	322	323
45	383	250	251
45	384	175	208
45	385	320	321
45	386	406	407
45	387	0	0
45	388	0	0
45	389	418	419
45	390	364	365
45	391	364	365
45	392	0	0
45	393	433	434
45	394	392	393
45	395	388	389
45	396	175	208
45	397	0	0
45	398	0	0
45	399	0	0
45	400	0	0
45	401	320	321
45	402	388	389
45	403	379	380
45	404	310	311
45	405	361	362
45	406	0	0
45	407	0	0
45	408	353	354
45	409	370	371
45	410	0	0
45	411	0	0
45	412	267	268
45	413	210	374
45	414	313	314
45	415	271	272
45	416	0	0
45	417	0	0
45	418	0	0
45	419	421	422
45	420	269	270
45	421	0	0
45	422	0	0
45	423	416	417
45	424	0	0
45	425	0	0
45	426	406	407
45	427	0	0
45	428	0	0
45	429	436	437
45	430	0	0
45	431	334	335
45	432	399	400
45	433	0	0
45	434	0	0
45	435	320	321
45	436	497	498
45	437	0	0
45	438	443	444
45	439	448	449
45	440	181	182
45	441	0	0
45	442	480	481
45	443	463	464
45	444	459	460
45	445	313	314
45	446	399	400
45	447	427	428
45	448	0	0
45	449	0	0
45	450	271	272
45	451	255	256
45	452	424	425
45	453	429	430
45	454	310	311
45	455	292	293
45	456	379	380
45	457	416	417
45	458	379	380
45	459	0	0
45	460	0	0
45	461	364	365
45	462	410	411
45	463	486	487
45	464	0	0
45	465	370	371
45	466	386	387
45	467	386	387
45	468	229	230
45	469	0	0
45	470	0	0
45	471	459	460
45	472	433	434
45	473	0	0
45	474	492	493
45	475	0	0
45	476	0	0
45	477	257	258
45	478	416	417
45	479	257	258
45	480	0	0
45	481	0	0
45	482	0	0
45	483	0	0
45	484	421	422
45	485	294	295
45	486	0	0
45	487	0	0
45	488	459	460
45	489	469	470
45	490	0	0
45	491	0	0
45	492	0	0
45	493	0	0
45	494	210	374
45	495	386	387
45	496	284	285
45	497	0	0
45	498	0	0
45	499	294	295
45	500	482	483
