28	1	0	0
28	2	1	3
28	3	0	0
28	4	1	3
28	5	2	6
28	6	12	13
28	7	1	3
28	8	2	6
28	9	1	3
28	10	2	6
28	11	2	6
28	12	0	0
28	13	0	0
28	14	12	13
28	15	12	13
28	16	5	17
28	17	19	20
28	18	12	13
28	19	28	29
28	20	31	32
28	21	16	22
28	22	45	46
28	23	5	17
28	24	19	20
28	25	21	26
28	26	35	36
28	27	16	22
28	28	0	0
28	29	0	0
28	30	21	26
28	31	0	0
28	32	0	0
28	33	28	29
28	34	19	20
28	35	62	63
28	36	37	38
28	37	43	44
28	38	64	65
28	39	35	36
28	40	16	22
28	41	31	32
28	42	16	22
28	43	88	89
28	44	116	117
28	45	145	146
28	46	59	60
28	47	37	38
28	48	35	36
28	49	21	26
28	50	5	17
28	51	21	26
28	52	43	44
28	53	37	38
28	54	28	29
28	55	31	32
28	56	37	38
28	57	28	29
28	58	35	36
28	59	82	83
28	60	86	87
28	61	5	17
28	62	73	74
28	63	67	68
28	64	78	79
28	65	109	110
28	66	19	20
28	67	71	72
28	68	103	104
28	69	59	60
28	70	62	63
28	71	0	0
28	72	0	0
28	73	93	94
28	74	76	77
28	75	67	68
28	76	0	0
28	77	0	0
28	78	0	0
28	79	0	0
28	80	45	46
28	81	78	79
28	82	0	0
28	83	0	0
28	84	76	77
28	85	67	68
28	86	0	0
28	87	0	0
28	88	0	0
28	89	0	0
28	90	86	87
28	91	88	89
28	92	45	46
28	93	0	0
28	94	0	0
28	95	73	74
28	96	86	87
28	97	64	65
28	98	43	44
28	99	67	68
28	100	76	77
28	101	93	94
28	102	88	89
28	103	0	0
28	104	0	0
28	105	73	74
28	106	62	63
28	107	64	65
28	108	78	79
28	109	0	0
28	110	0	0
28	111	82	83
28	112	86	87
28	113	59	60
28	114	73	74
28	115	76	77
28	116	0	0
28	117	0	0
28	118	64	65
28	119	25	120
28	120	161	162
28	121	25	120
28	122	88	89
28	123	78	79
28	124	62	63
28	125	109	110
28	126	93	94
28	127	82	83
28	128	31	32
28	129	71	72
28	130	71	72
28	131	119	132
28	132	149	150
28	133	71	72
28	134	116	117
28	135	109	110
28	136	116	117
28	137	59	60
28	138	116	117
28	139	25	120
28	140	119	132
28	141	25	120
28	142	43	44
28	143	93	94
28	144	119	132
28	145	157	158
28	146	252	253
28	147	103	104
28	148	82	83
28	149	200	201
28	150	151	152
28	151	174	175
28	152	163	164
28	153	45	46
28	154	145	146
28	155	149	150
28	156	145	146
28	157	0	0
28	158	0	0
28	159	103	104
28	160	103	104
28	161	272	273
28	162	179	180
28	163	166	167
28	164	211	212
28	165	163	164
28	166	193	194
28	167	177	178
28	168	163	164
28	169	149	150
28	170	149	150
28	171	157	158
28	172	157	158
28	173	166	167
28	174	186	187
28	175	190	191
28	176	163	164
28	177	0	0
28	178	184	185
28	179	230	231
28	180	280	281
28	181	157	158
28	182	145	146
28	183	119	132
28	184	0	0
28	185	0	0
28	186	245	246
28	187	202	203
28	188	174	175
28	189	151	152
28	190	0	0
28	191	204	205
28	192	179	180
28	193	213	214
28	194	221	222
28	195	109	110
28	196	179	180
28	197	184	185
28	198	166	167
28	199	184	185
28	200	240	241
28	201	0	0
28	202	256	257
28	203	208	209
28	204	261	262
28	205	232	233
28	206	177	178
28	207	200	201
28	208	0	0
28	209	0	0
28	210	202	203
28	211	242	243
28	212	0	0
28	213	0	0
28	214	0	0
28	215	208	209
28	216	193	194
28	217	200	201
28	218	179	180
28	219	184	185
28	220	190	191
28	221	0	0
28	222	0	0
28	223	166	167
28	224	202	203
28	225	190	191
28	226	211	212
28	227	190	191
28	228	221	222
28	229	221	222
28	230	0	0
28	231	0	0
28	232	0	0
28	233	0	0
28	234	221	222
28	235	193	194
28	236	193	194
28	237	213	214
28	238	204	205
28	239	161	162
28	240	299	300
28	241	282	283
28	242	247	248
28	243	0	0
28	244	174	175
28	245	0	0
28	246	268	269
28	247	0	0
28	248	0	0
28	249	232	233
28	250	177	178
28	251	242	243
28	252	0	0
28	253	0	0
28	254	230	231
28	255	186	187
28	256	0	0
28	257	0	0
28	258	186	187
28	259	208	209
28	260	177	178
28	261	0	0
28	262	0	0
28	263	230	231
28	264	208	209
28	265	213	214
28	266	256	257
28	267	211	212
28	268	0	0
28	269	0	0
28	270	242	243
28	271	247	248
28	272	284	285
28	273	0	0
28	274	186	187
28	275	202	203
28	276	240	241
28	277	174	175
28	278	131	279
28	279	286	287
28	280	0	0
28	281	0	0
28	282	0	0
28	283	0	0
28	284	0	0
28	285	0	0
28	286	0	0
28	287	0	0
28	288	200	201
28	289	256	257
28	290	272	273
28	291	211	212
28	292	161	162
28	293	278	294
28	294	0	0
28	295	247	248
28	296	286	287
28	297	240	241
28	298	161	162
28	299	0	0
28	300	0	0
