43	1	0	0
43	2	1	3
43	3	0	0
43	4	2	5
43	5	34	35
43	6	4	7
43	7	10	11
43	8	4	7
43	9	1	3
43	10	25	26
43	11	14	15
43	12	1	3
43	13	10	11
43	14	0	0
43	15	0	0
43	16	6	17
43	17	18	19
43	18	32	33
43	19	41	42
43	20	6	17
43	21	14	15
43	22	14	15
43	23	16	24
43	24	38	39
43	25	0	0
43	26	0	0
43	27	1	3
43	28	10	11
43	29	18	19
43	30	6	17
43	31	4	7
43	32	54	55
43	33	65	66
43	34	0	0
43	35	0	0
43	36	34	35
43	37	4	7
43	38	143	144
43	39	58	59
43	40	10	11
43	41	49	50
43	42	76	77
43	43	18	19
43	44	14	15
43	45	32	33
43	46	2	5
43	47	38	39
43	48	41	42
43	49	0	0
43	50	0	0
43	51	34	35
43	52	34	35
43	53	49	50
43	54	0	0
43	55	0	0
43	56	41	42
43	57	2	5
43	58	83	84
43	59	87	88
43	60	32	33
43	61	38	39
43	62	32	33
43	63	18	19
43	64	58	59
43	65	0	0
43	66	0	0
43	67	23	68
43	68	70	71
43	69	2	5
43	70	89	90
43	71	116	117
43	72	67	73
43	73	112	113
43	74	49	50
43	75	41	42
43	76	0	0
43	77	0	0
43	78	58	59
43	79	25	26
43	80	54	55
43	81	67	73
43	82	76	77
43	83	0	0
43	84	168	169
43	85	25	26
43	86	54	55
43	87	135	136
43	88	126	127
43	89	97	98
43	90	0	0
43	91	38	39
43	92	67	73
43	93	49	50
43	94	65	66
43	95	23	68
43	96	23	68
43	97	103	104
43	98	0	0
43	99	70	71
43	100	54	55
43	101	58	59
43	102	89	90
43	103	123	124
43	104	147	148
43	105	97	98
43	106	25	26
43	107	83	84
43	108	89	90
43	109	72	110
43	110	158	159
43	111	6	17
43	112	0	0
43	113	178	179
43	114	72	110
43	115	23	68
43	116	141	142
43	117	120	121
43	118	116	117
43	119	83	84
43	120	137	138
43	121	0	0
43	122	89	90
43	123	0	0
43	124	0	0
43	125	112	113
43	126	0	0
43	127	0	0
43	128	67	73
43	129	97	98
43	130	83	84
43	131	123	124
43	132	120	121
43	133	116	117
43	134	16	24
43	135	0	0
43	136	0	0
43	137	160	161
43	138	0	0
43	139	116	117
43	140	72	110
43	141	0	0
43	142	0	0
43	143	0	0
43	144	0	0
43	145	87	88
43	146	135	136
43	147	0	0
43	148	0	0
43	149	143	144
43	150	76	77
43	151	147	148
43	152	97	98
43	153	65	66
43	154	112	113
43	155	103	104
43	156	65	66
43	157	72	110
43	158	164	165
43	159	0	0
43	160	0	0
43	161	0	0
43	162	120	121
43	163	141	142
43	164	198	199
43	165	180	181
43	166	143	144
43	167	164	165
43	168	0	0
43	169	0	0
43	170	158	159
43	171	76	77
43	172	109	173
43	173	0	0
43	174	141	142
43	175	143	144
43	176	120	121
43	177	164	165
43	178	0	0
43	179	189	190
43	180	0	0
43	181	0	0
43	182	147	148
43	183	126	127
43	184	126	127
43	185	158	159
43	186	103	104
43	187	16	24
43	188	126	127
43	189	191	192
43	190	0	0
43	191	0	0
43	192	0	0
43	193	168	169
43	194	178	179
43	195	135	136
43	196	158	159
43	197	16	24
43	198	0	0
43	199	0	0
43	200	147	148
