5	1	0	0
5	2	1	3
5	3	0	0
5	4	1	3
5	5	1	3
5	6	1	3
5	7	2	8
5	8	13	14
5	9	7	10
5	10	11	12
5	11	24	25
5	12	87	88
5	13	0	0
5	14	0	0
5	15	11	12
5	16	9	17
5	17	21	22
5	18	2	8
5	19	13	14
5	20	11	12
5	21	107	108
5	22	31	32
5	23	13	14
5	24	0	0
5	25	0	0
5	26	11	12
5	27	13	14
5	28	21	22
5	29	7	10
5	30	21	22
5	31	52	53
5	32	36	37
5	33	16	34
5	34	57	58
5	35	24	25
5	36	0	0
5	37	0	0
5	38	16	34
5	39	36	37
5	40	31	32
5	41	36	37
5	42	9	17
5	43	16	34
5	44	16	34
5	45	31	32
5	46	33	47
5	47	162	163
5	48	36	37
5	49	33	47
5	50	7	10
5	51	2	8
5	52	0	0
5	53	0	0
5	54	24	25
5	55	52	53
5	56	52	53
5	57	68	69
5	58	101	102
5	59	24	25
5	60	52	53
5	61	57	58
5	62	57	58
5	63	31	32
5	64	9	17
5	65	57	58
5	66	7	10
5	67	2	8
5	68	70	71
5	69	74	75
5	70	78	79
5	71	84	85
5	72	21	22
5	73	9	17
5	74	76	77
5	75	120	121
5	76	0	0
5	77	0	0
5	78	0	0
5	79	0	0
5	80	76	77
5	81	33	47
5	82	76	77
5	83	33	47
5	84	0	0
5	85	0	0
5	86	74	75
5	87	0	0
5	88	0	0
5	89	70	71
5	90	78	79
5	91	74	75
5	92	76	77
5	93	78	79
5	94	84	85
5	95	46	96
5	96	137	138
5	97	95	98
5	98	203	204
5	99	46	96
5	100	84	85
5	101	125	126
5	102	123	124
5	103	78	79
5	104	97	105
5	105	140	141
5	106	95	98
5	107	127	128
5	108	152	153
5	109	84	85
5	110	70	71
5	111	74	75
5	112	87	88
5	113	101	102
5	114	107	108
5	115	46	96
5	116	87	88
5	117	46	96
5	118	107	108
5	119	107	108
5	120	0	0
5	121	0	0
5	122	120	121
5	123	186	187
5	124	231	232
5	125	241	242
5	126	130	131
5	127	0	0
5	128	0	0
5	129	95	98
5	130	0	0
5	131	0	0
5	132	123	124
5	133	125	126
5	134	68	69
5	135	68	69
5	136	127	128
5	137	183	184
5	138	214	215
5	139	70	71
5	140	190	191
5	141	146	147
5	142	95	98
5	143	127	128
5	144	130	131
5	145	68	69
5	146	461	462
5	147	194	195
5	148	97	105
5	149	123	124
5	150	123	124
5	151	140	141
5	152	0	0
5	153	0	0
5	154	140	141
5	155	125	126
5	156	120	121
5	157	146	147
5	158	97	105
5	159	120	121
5	160	104	161
5	161	166	167
5	162	262	263
5	163	199	200
5	164	137	138
5	165	130	131
5	166	170	171
5	167	173	174
5	168	97	105
5	169	130	131
5	170	233	234
5	171	177	178
5	172	125	126
5	173	181	182
5	174	255	256
5	175	127	128
5	176	137	138
5	177	247	248
5	178	0	0
5	179	162	163
5	180	104	161
5	181	0	0
5	182	225	226
5	183	192	193
5	184	267	268
5	185	162	163
5	186	0	0
5	187	0	0
5	188	101	102
5	189	140	141
5	190	379	380
5	191	343	344
5	192	0	0
5	193	0	0
5	194	361	362
5	195	238	239
5	196	137	138
5	197	152	153
5	198	192	193
5	199	207	208
5	200	235	236
5	201	87	88
5	202	192	193
5	203	243	244
5	204	210	211
5	205	170	171
5	206	146	147
5	207	253	254
5	208	0	0
5	209	190	191
5	210	313	314
5	211	229	230
5	212	173	174
5	213	210	211
5	214	271	272
5	215	227	228
5	216	162	163
5	217	104	161
5	218	166	167
5	219	199	200
5	220	101	102
5	221	194	195
5	222	207	208
5	223	173	174
5	224	190	191
5	225	321	322
5	226	259	260
5	227	0	0
5	228	0	0
5	229	285	286
5	230	356	357
5	231	0	0
5	232	0	0
5	233	0	0
5	234	390	391
5	235	0	0
5	236	0	0
5	237	194	195
5	238	269	270
5	239	249	250
5	240	177	178
5	241	0	0
5	242	0	0
5	243	302	303
5	244	308	309
5	245	170	171
5	246	233	234
5	247	429	430
5	248	290	291
5	249	453	454
5	250	427	428
5	251	207	208
5	252	243	244
5	253	276	277
5	254	282	283
5	255	337	338
5	256	298	299
5	257	166	167
5	258	181	182
5	259	274	275
5	260	0	0
5	261	181	182
5	262	0	0
5	263	265	266
5	264	181	182
5	265	300	301
5	266	278	279
5	267	0	0
5	268	306	307
5	269	0	0
5	270	0	0
5	271	0	0
5	272	319	320
5	273	166	167
5	274	280	281
5	275	451	452
5	276	0	0
5	277	0	0
5	278	468	469
5	279	358	359
5	280	471	472
5	281	0	0
5	282	0	0
5	283	0	0
5	284	243	244
5	285	292	293
5	286	329	330
5	287	233	234
5	288	227	228
5	289	259	260
5	290	296	297
5	291	0	0
5	292	497	498
5	293	485	486
5	294	210	211
5	295	227	228
5	296	304	305
5	297	352	353
5	298	0	0
5	299	350	351
5	300	0	0
5	301	0	0
5	302	0	0
5	303	0	0
5	304	0	0
5	305	0	0
5	306	323	324
5	307	399	400
5	308	0	0
5	309	348	349
5	310	243	244
5	311	247	248
5	312	285	286
5	313	363	364
5	314	335	336
5	315	186	187
5	316	247	248
5	317	278	279
5	318	229	230
5	319	447	448
5	320	413	414
5	321	370	371
5	322	0	0
5	323	0	0
5	324	417	418
5	325	214	215
5	326	259	260
5	327	170	171
5	328	255	256
5	329	0	0
5	330	0	0
5	331	298	299
5	332	262	263
5	333	199	200
5	334	194	195
5	335	438	439
5	336	383	384
5	337	449	450
5	338	397	398
5	339	265	266
5	340	296	297
5	341	104	161
5	342	146	147
5	343	0	0
5	344	0	0
5	345	259	260
5	346	214	215
5	347	233	234
5	348	0	0
5	349	456	457
5	350	0	0
5	351	493	494
5	352	401	402
5	353	415	416
5	354	241	242
5	355	319	320
5	356	0	0
5	357	366	367
5	358	0	0
5	359	0	0
5	360	231	232
5	361	0	0
5	362	0	0
5	363	388	389
5	364	408	409
5	365	292	293
5	366	473	474
5	367	0	0
5	368	249	250
5	369	190	191
5	370	0	0
5	371	0	0
5	372	348	349
5	373	350	351
5	374	267	268
5	375	304	305
5	376	335	336
5	377	177	178
5	378	214	215
5	379	432	433
5	380	423	424
5	381	253	254
5	382	265	266
5	383	0	0
5	384	488	489
5	385	350	351
5	386	186	187
5	387	231	232
5	388	0	0
5	389	0	0
5	390	0	0
5	391	443	444
5	392	229	230
5	393	265	266
5	394	290	291
5	395	255	256
5	396	319	320
5	397	0	0
5	398	0	0
5	399	0	0
5	400	0	0
5	401	0	0
5	402	0	0
5	403	304	305
5	404	361	362
5	405	296	297
5	406	292	293
5	407	356	357
5	408	0	0
5	409	0	0
5	410	282	283
5	411	255	256
5	412	348	349
5	413	0	0
5	414	0	0
5	415	0	0
5	416	0	0
5	417	0	0
5	418	0	0
5	419	361	362
5	420	300	301
5	421	300	301
5	422	388	389
5	423	0	0
5	424	0	0
5	425	415	416
5	426	363	364
5	427	0	0
5	428	0	0
5	429	0	0
5	430	0	0
5	431	292	293
5	432	0	0
5	433	459	460
5	434	343	344
5	435	203	204
5	436	383	384
5	437	366	367
5	438	0	0
5	439	476	477
5	440	271	272
5	441	298	299
5	442	335	336
5	443	0	0
5	444	0	0
5	445	343	344
5	446	225	226
5	447	0	0
5	448	0	0
5	449	0	0
5	450	0	0
5	451	0	0
5	452	0	0
5	453	0	0
5	454	0	0
5	455	432	433
5	456	0	0
5	457	479	480
5	458	199	200
5	459	0	0
5	460	0	0
5	461	0	0
5	462	464	465
5	463	278	279
5	464	0	0
5	465	0	0
5	466	350	351
5	467	304	305
5	468	0	0
5	469	0	0
5	470	453	454
5	471	0	0
5	472	0	0
5	473	0	0
5	474	0	0
5	475	207	208
5	476	0	0
5	477	0	0
5	478	461	462
5	479	0	0
5	480	0	0
5	481	319	320
5	482	321	322
5	483	192	193
5	484	417	418
5	485	0	0
5	486	0	0
5	487	461	462
5	488	0	0
5	489	0	0
5	490	160	491
5	491	0	0
5	492	231	232
5	493	0	0
5	494	0	0
5	495	453	454
5	496	271	272
5	497	0	0
5	498	0	0
5	499	280	281
5	500	432	433
