30	1	0	0
30	2	1	3
30	3	0	0
30	4	1	3
30	5	2	6
30	6	7	8
30	7	0	0
30	8	0	0
30	9	1	3
30	10	2	6
30	11	2	6
30	12	2	6
30	13	5	14
30	14	44	45
30	15	1	3
30	16	5	14
30	17	7	8
30	18	7	8
30	19	13	20
30	20	22	23
30	21	13	20
30	22	38	39
30	23	28	29
30	24	5	14
30	25	13	20
30	26	22	23
30	27	13	20
30	28	46	47
30	29	0	0
30	30	19	31
30	31	40	41
30	32	5	14
30	33	22	23
30	34	19	31
30	35	7	8
30	36	22	23
30	37	28	29
30	38	0	0
30	39	0	0
30	40	0	0
30	41	0	0
30	42	19	31
30	43	38	39
30	44	0	0
30	45	0	0
30	46	0	0
30	47	0	0
30	48	38	39
30	49	44	45
30	50	0	0
