0	1	0	0
0	2	1	3
0	3	0	0
0	4	1	3
0	5	2	6
0	6	7	8
0	7	0	0
0	8	0	0
0	9	7	8
0	10	7	8
0	11	1	3
0	12	2	6
0	13	1	3
0	14	2	6
0	15	7	8
0	16	5	17
0	17	21	22
0	18	5	17
0	19	2	6
0	20	5	17
0	21	32	33
0	22	23	24
0	23	0	0
0	24	0	0
0	25	23	24
0	26	21	22
0	27	21	22
0	28	5	17
0	29	21	22
0	30	23	24
0	31	23	24
0	32	0	0
0	33	0	0
0	34	32	33
0	35	16	36
0	36	40	41
0	37	35	38
0	38	51	52
0	39	35	38
0	40	61	62
0	41	145	146
0	42	35	38
0	43	32	33
0	44	32	33
0	45	16	36
0	46	37	47
0	47	358	359
0	48	35	38
0	49	46	50
0	50	53	54
0	51	84	85
0	52	59	60
0	53	57	58
0	54	64	65
0	55	16	36
0	56	51	52
0	57	314	315
0	58	78	79
0	59	268	269
0	60	193	194
0	61	81	82
0	62	205	206
0	63	57	58
0	64	70	71
0	65	95	96
0	66	61	62
0	67	53	54
0	68	57	58
0	69	61	62
0	70	86	87
0	71	73	74
0	72	51	52
0	73	116	117
0	74	112	113
0	75	40	41
0	76	51	52
0	77	46	50
0	78	182	183
0	79	133	134
0	80	61	62
0	81	0	0
0	82	0	0
0	83	57	58
0	84	109	110
0	85	100	101
0	86	178	179
0	87	93	94
0	88	86	87
0	89	46	50
0	90	37	47
0	91	16	36
0	92	37	47
0	93	203	204
0	94	127	128
0	95	103	104
0	96	323	324
0	97	49	98
0	98	119	120
0	99	81	82
0	100	346	347
0	101	201	202
0	102	81	82
0	103	105	106
0	104	261	262
0	105	282	283
0	106	160	161
0	107	53	54
0	108	78	79
0	109	114	115
0	110	135	136
0	111	78	79
0	112	167	168
0	113	0	0
0	114	0	0
0	115	0	0
0	116	212	213
0	117	0	0
0	118	86	87
0	119	169	170
0	120	197	198
0	121	64	65
0	122	116	117
0	123	109	110
0	124	59	60
0	125	86	87
0	126	81	82
0	127	0	0
0	128	0	0
0	129	70	71
0	130	84	85
0	131	49	98
0	132	37	47
0	133	153	154
0	134	229	230
0	135	0	0
0	136	0	0
0	137	93	94
0	138	64	65
0	139	133	134
0	140	114	115
0	141	112	113
0	142	49	98
0	143	84	85
0	144	84	85
0	145	147	148
0	146	445	446
0	147	0	0
0	148	0	0
0	149	135	136
0	150	145	146
0	151	127	128
0	152	119	120
0	153	0	0
0	154	162	163
0	155	109	110
0	156	119	120
0	157	147	148
0	158	59	60
0	159	147	148
0	160	0	0
0	161	0	0
0	162	0	0
0	163	0	0
0	164	97	165
0	165	430	431
0	166	145	146
0	167	0	0
0	168	0	0
0	169	0	0
0	170	297	298
0	171	116	117
0	172	70	71
0	173	169	170
0	174	95	96
0	175	114	115
0	176	169	170
0	177	160	161
0	178	214	215
0	179	290	291
0	180	112	113
0	181	64	65
0	182	190	191
0	183	248	249
0	184	59	60
0	185	114	115
0	186	103	104
0	187	135	136
0	188	49	98
0	189	127	128
0	190	439	440
0	191	235	236
0	192	70	71
0	193	384	385
0	194	295	296
0	195	116	117
0	196	78	79
0	197	374	375
0	198	293	294
0	199	190	191
0	200	197	198
0	201	0	0
0	202	0	0
0	203	0	0
0	204	0	0
0	205	0	0
0	206	0	0
0	207	162	163
0	208	100	101
0	209	164	210
0	210	276	277
0	211	167	168
0	212	0	0
0	213	0	0
0	214	0	0
0	215	0	0
0	216	169	170
0	217	164	210
0	218	164	210
0	219	100	101
0	220	153	154
0	221	40	41
0	222	201	202
0	223	93	94
0	224	190	191
0	225	214	215
0	226	73	74
0	227	105	106
0	228	160	161
0	229	351	352
0	230	285	286
0	231	201	202
0	232	197	198
0	233	212	213
0	234	105	106
0	235	0	0
0	236	0	0
0	237	182	183
0	238	95	96
0	239	190	191
0	240	235	236
0	241	153	154
0	242	46	50
0	243	127	128
0	244	203	204
0	245	197	198
0	246	167	168
0	247	214	215
0	248	303	304
0	249	265	266
0	250	40	41
0	251	235	236
0	252	93	94
0	253	109	110
0	254	53	54
0	255	153	154
0	256	164	210
0	257	105	106
0	258	112	113
0	259	133	134
0	260	182	183
0	261	387	388
0	262	481	482
0	263	73	74
0	264	97	165
0	265	0	0
0	266	0	0
0	267	193	194
0	268	442	443
0	269	288	289
0	270	147	148
0	271	265	266
0	272	160	161
0	273	209	274
0	274	300	301
0	275	97	165
0	276	458	459
0	277	415	416
0	278	119	120
0	279	214	215
0	280	145	146
0	281	178	179
0	282	0	0
0	283	0	0
0	284	100	101
0	285	0	0
0	286	0	0
0	287	162	163
0	288	0	0
0	289	0	0
0	290	0	0
0	291	0	0
0	292	103	104
0	293	495	496
0	294	353	354
0	295	0	0
0	296	0	0
0	297	329	330
0	298	332	333
0	299	95	96
0	300	0	0
0	301	371	372
0	302	73	74
0	303	0	0
0	304	0	0
0	305	103	104
0	306	295	296
0	307	290	291
0	308	285	286
0	309	290	291
0	310	248	249
0	311	229	230
0	312	209	274
0	313	293	294
0	314	395	396
0	315	0	0
0	316	276	277
0	317	182	183
0	318	201	202
0	319	295	296
0	320	248	249
0	321	229	230
0	322	297	298
0	323	402	403
0	324	367	368
0	325	203	204
0	326	303	304
0	327	167	168
0	328	229	230
0	329	0	0
0	330	0	0
0	331	297	298
0	332	343	344
0	333	338	339
0	334	273	335
0	335	460	461
0	336	297	298
0	337	235	236
0	338	398	399
0	339	0	0
0	340	209	274
0	341	295	296
0	342	300	301
0	343	376	377
0	344	427	428
0	345	332	333
0	346	0	0
0	347	0	0
0	348	205	206
0	349	314	315
0	350	338	339
0	351	0	0
0	352	0	0
0	353	0	0
0	354	0	0
0	355	178	179
0	356	293	294
0	357	329	330
0	358	0	0
0	359	419	420
0	360	282	283
0	361	265	266
0	362	162	163
0	363	133	134
0	364	212	213
0	365	178	179
0	366	209	274
0	367	454	455
0	368	483	484
0	369	338	339
0	370	290	291
0	371	390	391
0	372	404	405
0	373	273	335
0	374	0	0
0	375	380	381
0	376	435	436
0	377	421	422
0	378	273	335
0	379	346	347
0	380	0	0
0	381	0	0
0	382	332	333
0	383	97	165
0	384	0	0
0	385	0	0
0	386	212	213
0	387	0	0
0	388	0	0
0	389	343	344
0	390	487	488
0	391	475	476
0	392	205	206
0	393	193	194
0	394	193	194
0	395	462	463
0	396	0	0
0	397	265	266
0	398	0	0
0	399	0	0
0	400	384	385
0	401	276	277
0	402	0	0
0	403	456	457
0	404	0	0
0	405	0	0
0	406	276	277
0	407	390	391
0	408	395	396
0	409	205	206
0	410	293	294
0	411	323	324
0	412	261	262
0	413	332	333
0	414	261	262
0	415	0	0
0	416	0	0
0	417	376	377
0	418	268	269
0	419	0	0
0	420	0	0
0	421	0	0
0	422	0	0
0	423	303	304
0	424	421	422
0	425	367	368
0	426	398	399
0	427	468	469
0	428	0	0
0	429	358	359
0	430	0	0
0	431	433	434
0	432	303	304
0	433	0	0
0	434	479	480
0	435	0	0
0	436	0	0
0	437	367	368
0	438	430	431
0	439	0	0
0	440	0	0
0	441	421	422
0	442	0	0
0	443	0	0
0	444	384	385
0	445	0	0
0	446	0	0
0	447	433	434
0	448	248	249
0	449	380	381
0	450	261	262
0	451	314	315
0	452	398	399
0	453	435	436
0	454	0	0
0	455	0	0
0	456	0	0
0	457	0	0
0	458	0	0
0	459	0	0
0	460	0	0
0	461	0	0
0	462	0	0
0	463	0	0
0	464	430	431
0	465	430	431
0	466	135	136
0	467	282	283
0	468	0	0
0	469	0	0
0	470	358	359
0	471	358	359
0	472	456	457
0	473	433	434
0	474	460	461
0	475	0	0
0	476	0	0
0	477	300	301
0	478	374	375
0	479	0	0
0	480	0	0
0	481	0	0
0	482	0	0
0	483	0	0
0	484	0	0
0	485	404	405
0	486	390	391
0	487	0	0
0	488	0	0
0	489	479	480
0	490	203	204
0	491	367	368
0	492	421	422
0	493	475	476
0	494	475	476
0	495	0	0
0	496	0	0
0	497	329	330
0	498	343	344
0	499	285	286
0	500	0	0
