42	1	0	0
42	2	1	3
42	3	0	0
42	4	1	3
42	5	1	3
42	6	2	7
42	7	10	11
42	8	6	9
42	9	36	37
42	10	0	0
42	11	0	0
42	12	8	13
42	13	18	19
42	14	10	11
42	15	2	7
42	16	12	17
42	17	117	118
42	18	71	72
42	19	29	30
42	20	16	21
42	21	50	51
42	22	1	3
42	23	20	24
42	24	46	47
42	25	10	11
42	26	2	7
42	27	20	24
42	28	2	7
42	29	38	39
42	30	131	132
42	31	12	17
42	32	20	24
42	33	12	17
42	34	18	19
42	35	16	21
42	36	139	140
42	37	153	154
42	38	0	0
42	39	0	0
42	40	38	39
42	41	8	13
42	42	10	11
42	43	38	39
42	44	8	13
42	45	36	37
42	46	59	60
42	47	164	165
42	48	36	37
42	49	12	17
42	50	62	63
42	51	0	0
42	52	20	24
42	53	18	19
42	54	16	21
42	55	38	39
42	56	6	9
42	57	8	13
42	58	16	21
42	59	64	65
42	60	79	80
42	61	59	60
42	62	82	83
42	63	91	92
42	64	86	87
42	65	183	184
42	66	6	9
42	67	23	68
42	68	74	75
42	69	36	37
42	70	46	47
42	71	242	243
42	72	263	264
42	73	59	60
42	74	84	85
42	75	111	112
42	76	50	51
42	77	67	78
42	78	89	90
42	79	147	148
42	80	220	221
42	81	79	80
42	82	318	319
42	83	106	107
42	84	226	227
42	85	96	97
42	86	114	115
42	87	101	102
42	88	62	63
42	89	195	196
42	90	145	146
42	91	236	237
42	92	173	174
42	93	23	68
42	94	84	85
42	95	46	47
42	96	198	199
42	97	103	104
42	98	50	51
42	99	79	80
42	100	59	60
42	101	126	127
42	102	108	109
42	103	0	0
42	104	275	276
42	105	103	104
42	106	119	120
42	107	143	144
42	108	0	0
42	109	0	0
42	110	108	109
42	111	128	129
42	112	212	213
42	113	74	75
42	114	156	157
42	115	0	0
42	116	64	65
42	117	141	142
42	118	122	123
42	119	0	0
42	120	0	0
42	121	91	92
42	122	181	182
42	123	0	0
42	124	18	19
42	125	89	90
42	126	0	0
42	127	0	0
42	128	158	159
42	129	175	176
42	130	62	63
42	131	0	0
42	132	0	0
42	133	103	104
42	134	77	135
42	135	395	396
42	136	64	65
42	137	79	80
42	138	23	68
42	139	0	0
42	140	0	0
42	141	327	328
42	142	209	210
42	143	0	0
42	144	0	0
42	145	193	194
42	146	332	333
42	147	0	0
42	148	309	310
42	149	119	120
42	150	106	107
42	151	145	146
42	152	117	118
42	153	0	0
42	154	0	0
42	155	103	104
42	156	0	0
42	157	0	0
42	158	0	0
42	159	0	0
42	160	74	75
42	161	6	9
42	162	147	148
42	163	145	146
42	164	249	250
42	165	349	350
42	166	141	142
42	167	29	30
42	168	96	97
42	169	91	92
42	170	147	148
42	171	153	154
42	172	67	78
42	173	190	191
42	174	280	281
42	175	428	429
42	176	278	279
42	177	111	112
42	178	108	109
42	179	89	90
42	180	117	118
42	181	261	262
42	182	205	206
42	183	233	234
42	184	421	422
42	185	117	118
42	186	62	63
42	187	101	102
42	188	50	51
42	189	175	176
42	190	0	0
42	191	0	0
42	192	131	132
42	193	356	357
42	194	238	239
42	195	288	289
42	196	360	361
42	197	181	182
42	198	0	0
42	199	362	363
42	200	86	87
42	201	147	148
42	202	193	194
42	203	77	135
42	204	89	90
42	205	0	0
42	206	0	0
42	207	195	196
42	208	145	146
42	209	0	0
42	210	330	331
42	211	86	87
42	212	267	268
42	213	338	339
42	214	82	83
42	215	209	210
42	216	181	182
42	217	143	144
42	218	108	109
42	219	193	194
42	220	0	0
42	221	253	254
42	222	131	132
42	223	193	194
42	224	153	154
42	225	212	213
42	226	351	352
42	227	251	252
42	228	82	83
42	229	82	83
42	230	74	75
42	231	175	176
42	232	181	182
42	233	245	246
42	234	0	0
42	235	91	92
42	236	320	321
42	237	341	342
42	238	0	0
42	239	265	266
42	240	106	107
42	241	86	87
42	242	0	0
42	243	0	0
42	244	131	132
42	245	0	0
42	246	0	0
42	247	67	78
42	248	96	97
42	249	453	454
42	250	291	292
42	251	417	418
42	252	365	366
42	253	286	287
42	254	0	0
42	255	242	243
42	256	139	140
42	257	96	97
42	258	251	252
42	259	236	237
42	260	126	127
42	261	0	0
42	262	0	0
42	263	0	0
42	264	0	0
42	265	0	0
42	266	293	294
42	267	0	0
42	268	273	274
42	269	242	243
42	270	111	112
42	271	143	144
42	272	251	252
42	273	346	347
42	274	296	297
42	275	344	345
42	276	0	0
42	277	64	65
42	278	0	0
42	279	482	483
42	280	0	0
42	281	0	0
42	282	141	142
42	283	141	142
42	284	29	30
42	285	46	47
42	286	0	0
42	287	0	0
42	288	0	0
42	289	380	381
42	290	238	239
42	291	0	0
42	292	0	0
42	293	0	0
42	294	0	0
42	295	158	159
42	296	0	0
42	297	0	0
42	298	265	266
42	299	175	176
42	300	263	264
42	301	293	294
42	302	296	297
42	303	198	199
42	304	263	264
42	305	273	274
42	306	195	196
42	307	288	289
42	308	195	196
42	309	374	375
42	310	475	476
42	311	286	287
42	312	242	243
42	313	288	289
42	314	29	30
42	315	67	78
42	316	278	279
42	317	143	144
42	318	0	0
42	319	442	443
42	320	0	0
42	321	0	0
42	322	209	210
42	323	280	281
42	324	106	107
42	325	291	292
42	326	164	165
42	327	0	0
42	328	389	390
42	329	263	264
42	330	0	0
42	331	0	0
42	332	0	0
42	333	0	0
42	334	245	246
42	335	126	127
42	336	198	199
42	337	273	274
42	338	0	0
42	339	0	0
42	340	122	123
42	341	0	0
42	342	0	0
42	343	238	239
42	344	414	415
42	345	0	0
42	346	0	0
42	347	0	0
42	348	341	342
42	349	386	387
42	350	435	436
42	351	0	0
42	352	406	407
42	353	288	289
42	354	293	294
42	355	114	115
42	356	0	0
42	357	371	372
42	358	267	268
42	359	156	157
42	360	400	401
42	361	0	0
42	362	0	0
42	363	0	0
42	364	338	339
42	365	439	440
42	366	377	378
42	367	360	361
42	368	77	135
42	369	128	129
42	370	205	206
42	371	0	0
42	372	0	0
42	373	318	319
42	374	0	0
42	375	0	0
42	376	198	199
42	377	0	0
42	378	0	0
42	379	238	239
42	380	0	0
42	381	0	0
42	382	173	174
42	383	164	165
42	384	318	319
42	385	291	292
42	386	423	424
42	387	0	0
42	388	386	387
42	389	0	0
42	390	0	0
42	391	275	276
42	392	114	115
42	393	346	347
42	394	280	281
42	395	0	0
42	396	0	0
42	397	212	213
42	398	220	221
42	399	338	339
42	400	409	410
42	401	457	458
42	402	309	310
42	403	134	404
42	404	0	0
42	405	71	72
42	406	0	0
42	407	0	0
42	408	374	375
42	409	0	0
42	410	0	0
42	411	309	310
42	412	209	210
42	413	183	184
42	414	0	0
42	415	0	0
42	416	173	174
42	417	0	0
42	418	425	426
42	419	360	361
42	420	374	375
42	421	461	462
42	422	0	0
42	423	0	0
42	424	0	0
42	425	0	0
42	426	489	490
42	427	253	254
42	428	0	0
42	429	0	0
42	430	425	426
42	431	101	102
42	432	71	72
42	433	341	342
42	434	377	378
42	435	0	0
42	436	0	0
42	437	71	72
42	438	261	262
42	439	0	0
42	440	0	0
42	441	212	213
42	442	0	0
42	443	0	0
42	444	122	123
42	445	349	350
42	446	371	372
42	447	320	321
42	448	128	129
42	449	261	262
42	450	356	357
42	451	365	366
42	452	341	342
42	453	0	0
42	454	0	0
42	455	153	154
42	456	265	266
42	457	487	488
42	458	0	0
42	459	362	363
42	460	425	426
42	461	0	0
42	462	0	0
42	463	111	112
42	464	403	465
42	465	471	472
42	466	267	268
42	467	349	350
42	468	457	458
42	469	327	328
42	470	362	363
42	471	0	0
42	472	0	0
42	473	245	246
42	474	435	436
42	475	0	0
42	476	0	0
42	477	338	339
42	478	286	287
42	479	205	206
42	480	128	129
42	481	296	297
42	482	0	0
42	483	0	0
42	484	360	361
42	485	293	294
42	486	309	310
42	487	0	0
42	488	0	0
42	489	0	0
42	490	0	0
42	491	346	347
42	492	267	268
42	493	471	472
42	494	156	157
42	495	439	440
42	496	173	174
42	497	126	127
42	498	417	418
42	499	482	483
42	500	0	0
