38	1	0	0
38	2	1	3
38	3	0	0
38	4	2	5
38	5	42	43
38	6	4	7
38	7	21	22
38	8	1	3
38	9	4	7
38	10	4	7
38	11	6	12
38	12	59	60
38	13	4	7
38	14	11	15
38	15	65	66
38	16	1	3
38	17	2	5
38	18	6	12
38	19	6	12
38	20	11	15
38	21	47	48
38	22	45	46
38	23	2	5
38	24	11	15
38	25	14	26
38	26	35	36
38	27	6	12
38	28	2	5
38	29	25	30
38	30	39	40
38	31	14	26
38	32	21	22
38	33	25	30
38	34	25	30
38	35	71	72
38	36	90	91
38	37	25	30
38	38	1	3
38	39	120	121
38	40	57	58
38	41	14	26
38	42	0	0
38	43	0	0
38	44	42	43
38	45	0	0
38	46	0	0
38	47	0	0
38	48	0	0
38	49	35	36
38	50	47	48
38	51	42	43
38	52	35	36
38	53	21	22
38	54	21	22
38	55	39	40
38	56	47	48
38	57	108	109
38	58	203	204
38	59	126	127
38	60	61	62
38	61	169	170
38	62	63	64
38	63	0	0
38	64	0	0
38	65	76	77
38	66	86	87
38	67	14	26
38	68	59	60
38	69	61	62
38	70	63	64
38	71	292	293
38	72	334	335
38	73	47	48
38	74	65	66
38	75	42	43
38	76	83	84
38	77	78	79
38	78	111	112
38	79	88	89
38	80	71	72
38	81	76	77
38	82	59	60
38	83	563	564
38	84	142	143
38	85	76	77
38	86	349	350
38	87	114	115
38	88	0	0
38	89	0	0
38	90	95	96
38	91	136	137
38	92	90	91
38	93	61	62
38	94	83	84
38	95	207	208
38	96	181	182
38	97	88	89
38	98	29	99
38	99	105	106
38	100	57	58
38	101	57	58
38	102	39	40
38	103	39	40
38	104	65	66
38	105	216	217
38	106	177	178
38	107	45	46
38	108	165	166
38	109	398	399
38	110	11	15
38	111	0	0
38	112	0	0
38	113	57	58
38	114	158	159
38	115	139	140
38	116	86	87
38	117	95	96
38	118	65	66
38	119	61	62
38	120	134	135
38	121	547	548
38	122	114	115
38	123	88	89
38	124	59	60
38	125	111	112
38	126	145	146
38	127	156	157
38	128	78	79
38	129	90	91
38	130	88	89
38	131	78	79
38	132	90	91
38	133	126	127
38	134	173	174
38	135	160	161
38	136	153	154
38	137	320	321
38	138	126	127
38	139	0	0
38	140	0	0
38	141	29	99
38	142	0	0
38	143	0	0
38	144	29	99
38	145	0	0
38	146	0	0
38	147	63	64
38	148	63	64
38	149	126	127
38	150	114	115
38	151	114	115
38	152	95	96
38	153	162	163
38	154	256	257
38	155	71	72
38	156	0	0
38	157	0	0
38	158	0	0
38	159	0	0
38	160	223	224
38	161	630	631
38	162	0	0
38	163	0	0
38	164	158	159
38	165	248	249
38	166	192	193
38	167	165	166
38	168	71	72
38	169	0	0
38	170	0	0
38	171	120	121
38	172	76	77
38	173	681	682
38	174	356	357
38	175	139	140
38	176	142	143
38	177	228	229
38	178	219	220
38	179	120	121
38	180	142	143
38	181	196	197
38	182	329	330
38	183	29	99
38	184	86	87
38	185	139	140
38	186	35	36
38	187	95	96
38	188	108	109
38	189	83	84
38	190	105	106
38	191	108	109
38	192	199	200
38	193	244	245
38	194	160	161
38	195	139	140
38	196	0	0
38	197	0	0
38	198	134	135
38	199	0	0
38	200	0	0
38	201	120	121
38	202	177	178
38	203	774	775
38	204	250	251
38	205	45	46
38	206	199	200
38	207	756	757
38	208	209	210
38	209	0	0
38	210	0	0
38	211	169	170
38	212	192	193
38	213	173	174
38	214	105	106
38	215	156	157
38	216	246	247
38	217	268	269
38	218	142	143
38	219	323	324
38	220	241	242
38	221	134	135
38	222	199	200
38	223	297	298
38	224	271	272
38	225	223	224
38	226	169	170
38	227	219	220
38	228	263	264
38	229	236	237
38	230	153	154
38	231	177	178
38	232	228	229
38	233	111	112
38	234	177	178
38	235	181	182
38	236	353	354
38	237	287	288
38	238	111	112
38	239	203	204
38	240	207	208
38	241	261	262
38	242	314	315
38	243	162	163
38	244	0	0
38	245	0	0
38	246	416	417
38	247	483	484
38	248	400	401
38	249	259	260
38	250	676	677
38	251	475	476
38	252	108	109
38	253	223	224
38	254	169	170
38	255	216	217
38	256	0	0
38	257	0	0
38	258	78	79
38	259	0	0
38	260	0	0
38	261	493	494
38	262	525	526
38	263	465	466
38	264	363	364
38	265	207	208
38	266	158	159
38	267	246	247
38	268	991	992
38	269	895	896
38	270	136	137
38	271	0	0
38	272	0	0
38	273	248	249
38	274	244	245
38	275	241	242
38	276	207	208
38	277	209	210
38	278	203	204
38	279	256	257
38	280	153	154
38	281	268	269
38	282	216	217
38	283	236	237
38	284	256	257
38	285	83	84
38	286	105	106
38	287	817	818
38	288	404	405
38	289	156	157
38	290	153	154
38	291	250	251
38	292	342	343
38	293	325	326
38	294	196	197
38	295	156	157
38	296	173	174
38	297	0	0
38	298	0	0
38	299	259	260
38	300	199	200
38	301	86	87
38	302	250	251
38	303	297	298
38	304	241	242
38	305	248	249
38	306	223	224
38	307	228	229
38	308	203	204
38	309	160	161
38	310	136	137
38	311	287	288
38	312	244	245
38	313	268	269
38	314	528	529
38	315	339	340
38	316	173	174
38	317	216	217
38	318	256	257
38	319	297	298
38	320	344	345
38	321	360	361
38	322	165	166
38	323	414	415
38	324	491	492
38	325	380	381
38	326	819	820
38	327	165	166
38	328	297	298
38	329	0	0
38	330	0	0
38	331	98	332
38	332	429	430
38	333	145	146
38	334	453	454
38	335	435	436
38	336	287	288
38	337	228	229
38	338	323	324
38	339	443	444
38	340	486	487
38	341	219	220
38	342	715	716
38	343	530	531
38	344	0	0
38	345	0	0
38	346	250	251
38	347	160	161
38	348	45	46
38	349	643	644
38	350	373	374
38	351	236	237
38	352	287	288
38	353	481	482
38	354	365	366
38	355	259	260
38	356	577	578
38	357	375	376
38	358	244	245
38	359	349	350
38	360	0	0
38	361	0	0
38	362	181	182
38	363	735	736
38	364	388	389
38	365	617	618
38	366	812	813
38	367	209	210
38	368	344	345
38	369	320	321
38	370	353	354
38	371	219	220
38	372	353	354
38	373	0	0
38	374	0	0
38	375	0	0
38	376	0	0
38	377	323	324
38	378	196	197
38	379	246	247
38	380	0	0
38	381	0	0
38	382	363	364
38	383	365	366
38	384	98	332
38	385	380	381
38	386	365	366
38	387	320	321
38	388	523	524
38	389	585	586
38	390	271	272
38	391	259	260
38	392	236	237
38	393	344	345
38	394	196	197
38	395	334	335
38	396	292	293
38	397	353	354
38	398	505	506
38	399	535	536
38	400	0	0
38	401	0	0
38	402	162	163
38	403	248	249
38	404	420	421
38	405	573	574
38	406	380	381
38	407	325	326
38	408	134	135
38	409	158	159
38	410	404	405
38	411	375	376
38	412	349	350
38	413	388	389
38	414	433	434
38	415	591	592
38	416	606	607
38	417	583	584
38	418	209	210
38	419	365	366
38	420	0	0
38	421	0	0
38	422	268	269
38	423	388	389
38	424	363	364
38	425	342	343
38	426	349	350
38	427	356	357
38	428	375	376
38	429	438	439
38	430	539	540
38	431	400	401
38	432	356	357
38	433	519	520
38	434	910	911
38	435	621	622
38	436	470	471
38	437	192	193
38	438	460	461
38	439	537	538
38	440	429	430
38	441	342	343
38	442	375	376
38	443	0	0
38	444	0	0
38	445	192	193
38	446	263	264
38	447	342	343
38	448	261	262
38	449	373	374
38	450	334	335
38	451	360	361
38	452	416	417
38	453	514	515
38	454	740	741
38	455	98	332
38	456	241	242
38	457	339	340
38	458	404	405
38	459	339	340
38	460	882	883
38	461	930	931
38	462	334	335
38	463	162	163
38	464	400	401
38	465	648	649
38	466	877	878
38	467	329	330
38	468	261	262
38	469	329	330
38	470	0	0
38	471	0	0
38	472	400	401
38	473	181	182
38	474	323	324
38	475	823	824
38	476	749	750
38	477	453	454
38	478	314	315
38	479	331	480
38	480	517	518
38	481	499	500
38	482	570	571
38	483	0	0
38	484	575	576
38	485	356	357
38	486	0	0
38	487	0	0
38	488	98	332
38	489	429	430
38	490	416	417
38	491	544	545
38	492	765	766
38	493	501	502
38	494	907	908
38	495	292	293
38	496	292	293
38	497	493	494
38	498	486	487
38	499	0	0
38	500	0	0
38	501	0	0
38	502	0	0
38	503	363	364
38	504	331	480
38	505	552	553
38	506	828	829
38	507	486	487
38	508	481	482
38	509	360	361
38	510	416	417
38	511	470	471
38	512	493	494
38	513	433	434
38	514	0	0
38	515	0	0
38	516	373	374
38	517	678	679
38	518	611	612
38	519	0	0
38	520	0	0
38	521	136	137
38	522	325	326
38	523	0	0
38	524	0	0
38	525	771	772
38	526	711	712
38	527	331	480
38	528	581	582
38	529	752	753
38	530	0	0
38	531	0	0
38	532	433	434
38	533	453	454
38	534	435	436
38	535	692	693
38	536	609	610
38	537	0	0
38	538	793	794
38	539	780	781
38	540	615	616
38	541	325	326
38	542	420	421
38	543	493	494
38	544	561	562
38	545	760	761
38	546	470	471
38	547	668	669
38	548	727	728
38	549	470	471
38	550	329	330
38	551	514	515
38	552	0	0
38	553	0	0
38	554	514	515
38	555	438	439
38	556	535	536
38	557	535	536
38	558	246	247
38	559	552	553
38	560	360	361
38	561	0	0
38	562	0	0
38	563	0	0
38	564	0	0
38	565	539	540
38	566	519	520
38	567	491	492
38	568	523	524
38	569	483	484
38	570	0	0
38	571	0	0
38	572	388	389
38	573	0	0
38	574	0	0
38	575	709	710
38	576	579	580
38	577	0	0
38	578	0	0
38	579	623	624
38	580	754	755
38	581	0	0
38	582	0	0
38	583	815	816
38	584	599	600
38	585	0	0
38	586	0	0
38	587	271	272
38	588	537	538
38	589	483	484
38	590	523	524
38	591	875	876
38	592	594	595
38	593	537	538
38	594	0	0
38	595	0	0
38	596	435	436
38	597	331	480
38	598	481	482
38	599	852	853
38	600	783	784
38	601	491	492
38	602	539	540
38	603	570	571
38	604	420	421
38	605	530	531
38	606	899	900
38	607	808	809
38	608	261	262
38	609	0	0
38	610	0	0
38	611	941	942
38	612	951	952
38	613	344	345
38	614	609	610
38	615	698	699
38	616	858	859
38	617	0	0
38	618	0	0
38	619	563	564
38	620	615	616
38	621	0	0
38	622	0	0
38	623	0	0
38	624	0	0
38	625	443	444
38	626	460	461
38	627	535	536
38	628	465	466
38	629	617	618
38	630	897	898
38	631	0	0
38	632	320	321
38	633	523	524
38	634	517	518
38	635	591	592
38	636	623	624
38	637	404	405
38	638	621	622
38	639	575	576
38	640	561	562
38	641	414	415
38	642	570	571
38	643	0	0
38	644	0	0
38	645	561	562
38	646	630	631
38	647	617	618
38	648	873	874
38	649	672	673
38	650	373	374
38	651	594	595
38	652	486	487
38	653	609	610
38	654	609	610
38	655	481	482
38	656	544	545
38	657	573	574
38	658	537	538
38	659	581	582
38	660	465	466
38	661	314	315
38	662	563	564
38	663	617	618
38	664	648	649
38	665	491	492
38	666	443	444
38	667	263	264
38	668	0	0
38	669	0	0
38	670	599	600
38	671	339	340
38	672	0	0
38	673	0	0
38	674	611	612
38	675	573	574
38	676	718	719
38	677	924	925
38	678	946	947
38	679	0	0
38	680	575	576
38	681	702	703
38	682	0	0
38	683	539	540
38	684	544	545
38	685	668	669
38	686	681	682
38	687	623	624
38	688	615	616
38	689	611	612
38	690	398	399
38	691	561	562
38	692	0	0
38	693	0	0
38	694	517	518
38	695	380	381
38	696	429	430
38	697	606	607
38	698	0	0
38	699	778	779
38	700	435	436
38	701	668	669
38	702	0	0
38	703	0	0
38	704	591	592
38	705	433	434
38	706	479	707
38	707	0	0
38	708	581	582
38	709	725	726
38	710	0	0
38	711	0	0
38	712	0	0
38	713	615	616
38	714	668	669
38	715	0	0
38	716	0	0
38	717	563	564
38	718	0	0
38	719	0	0
38	720	709	710
38	721	517	518
38	722	581	582
38	723	414	415
38	724	314	315
38	725	0	0
38	726	0	0
38	727	837	838
38	728	0	0
38	729	692	693
38	730	501	502
38	731	525	526
38	732	643	644
38	733	621	622
38	734	698	699
38	735	0	0
38	736	868	869
38	737	505	506
38	738	648	649
38	739	530	531
38	740	0	0
38	741	0	0
38	742	544	545
38	743	505	506
38	744	483	484
38	745	499	500
38	746	479	707
38	747	676	677
38	748	475	476
38	749	0	0
38	750	0	0
38	751	725	726
38	752	0	0
38	753	0	0
38	754	0	0
38	755	0	0
38	756	0	0
38	757	0	0
38	758	479	707
38	759	711	712
38	760	0	0
38	761	0	0
38	762	505	506
38	763	585	586
38	764	501	502
38	765	994	995
38	766	960	961
38	767	398	399
38	768	692	693
38	769	698	699
38	770	752	753
38	771	0	0
38	772	0	0
38	773	678	679
38	774	826	827
38	775	0	0
38	776	648	649
38	777	740	741
38	778	830	831
38	779	789	790
38	780	841	842
38	781	948	949
38	782	585	586
38	783	0	0
38	784	0	0
38	785	599	600
38	786	599	600
38	787	715	716
38	788	709	710
38	789	0	0
38	790	983	984
38	791	643	644
38	792	681	682
38	793	0	0
38	794	928	929
38	795	460	461
38	796	271	272
38	797	591	592
38	798	145	146
38	799	643	644
38	800	771	772
38	801	501	502
38	802	263	264
38	803	692	693
38	804	718	719
38	805	780	781
38	806	611	612
38	807	715	716
38	808	0	0
38	809	879	880
38	810	718	719
38	811	547	548
38	812	0	0
38	813	0	0
38	814	575	576
38	815	0	0
38	816	834	835
38	817	0	0
38	818	0	0
38	819	0	0
38	820	0	0
38	821	465	466
38	822	727	728
38	823	0	0
38	824	0	0
38	825	783	784
38	826	0	0
38	827	0	0
38	828	0	0
38	829	0	0
38	830	974	975
38	831	0	0
38	832	740	741
38	833	583	584
38	834	0	0
38	835	0	0
38	836	438	439
38	837	0	0
38	838	934	935
38	839	725	726
38	840	735	736
38	841	0	0
38	842	0	0
38	843	740	741
38	844	606	607
38	845	756	757
38	846	837	838
38	847	672	673
38	848	823	824
38	849	706	850
38	850	0	0
38	851	725	726
38	852	0	0
38	853	0	0
38	854	585	586
38	855	678	679
38	856	519	520
38	857	709	710
38	858	979	980
38	859	0	0
38	860	519	520
38	861	528	529
38	862	514	515
38	863	676	677
38	864	826	827
38	865	453	454
38	866	793	794
38	867	460	461
38	868	0	0
38	869	0	0
38	870	573	574
38	871	420	421
38	872	577	578
38	873	0	0
38	874	0	0
38	875	0	0
38	876	0	0
38	877	0	0
38	878	0	0
38	879	0	0
38	880	0	0
38	881	879	880
38	882	913	914
38	883	981	982
38	884	882	883
38	885	606	607
38	886	834	835
38	887	830	831
38	888	672	673
38	889	875	876
38	890	852	853
38	891	479	707
38	892	583	584
38	893	815	816
38	894	765	766
38	895	0	0
38	896	0	0
38	897	0	0
38	898	0	0
38	899	902	903
38	900	0	0
38	901	879	880
38	902	0	0
38	903	0	0
38	904	583	584
38	905	530	531
38	906	727	728
38	907	0	0
38	908	0	0
38	909	902	903
38	910	0	0
38	911	0	0
38	912	145	146
38	913	919	920
38	914	932	933
38	915	760	761
38	916	756	757
38	917	817	818
38	918	594	595
38	919	0	0
38	920	0	0
38	921	873	874
38	922	913	914
38	923	676	677
38	924	0	0
38	925	0	0
38	926	823	824
38	927	789	790
38	928	0	0
38	929	0	0
38	930	0	0
38	931	976	977
38	932	0	0
38	933	0	0
38	934	0	0
38	935	0	0
38	936	715	716
38	937	875	876
38	938	754	755
38	939	928	929
38	940	398	399
38	941	0	0
38	942	985	986
38	943	756	757
38	944	706	850
38	945	875	876
38	946	971	972
38	947	0	0
38	948	0	0
38	949	0	0
38	950	826	827
38	951	0	0
38	952	0	0
38	953	882	883
38	954	897	898
38	955	765	766
38	956	902	903
38	957	754	755
38	958	754	755
38	959	834	835
38	960	0	0
38	961	0	0
38	962	438	439
38	963	718	719
38	964	873	874
38	965	946	947
38	966	414	415
38	967	919	920
38	968	899	900
38	969	932	933
38	970	877	878
38	971	0	0
38	972	0	0
38	973	621	622
38	974	0	0
38	975	0	0
38	976	0	0
38	977	988	989
38	978	928	929
38	979	0	0
38	980	0	0
38	981	0	0
38	982	0	0
38	983	997	998
38	984	0	0
38	985	0	0
38	986	0	0
38	987	852	853
38	988	0	0
38	989	0	0
38	990	852	853
38	991	0	0
38	992	0	0
38	993	778	779
38	994	0	0
38	995	0	0
38	996	771	772
38	997	0	0
38	998	0	0
38	999	749	750
38	1000	858	859
