26	1	0	0
26	2	1	3
26	3	0	0
26	4	1	3
26	5	1	3
26	6	2	7
26	7	13	14
26	8	2	7
26	9	6	10
26	10	44	45
26	11	6	10
26	12	2	7
26	13	0	0
26	14	0	0
26	15	2	7
26	16	1	3
26	17	13	14
26	18	13	14
26	19	6	10
26	20	9	21
26	21	22	23
26	22	66	67
26	23	24	25
26	24	30	31
26	25	122	123
26	26	6	10
26	27	22	23
26	28	9	21
26	29	22	23
26	30	0	0
26	31	0	0
26	32	20	33
26	33	55	56
26	34	20	33
26	35	32	36
26	36	73	74
26	37	22	23
26	38	9	21
26	39	24	25
26	40	20	33
26	41	9	21
26	42	13	14
26	43	20	33
26	44	57	58
26	45	51	52
26	46	35	47
26	47	158	159
26	48	35	47
26	49	30	31
26	50	24	25
26	51	0	0
26	52	0	0
26	53	51	52
26	54	30	31
26	55	75	76
26	56	177	178
26	57	0	0
26	58	0	0
26	59	35	47
26	60	57	58
26	61	55	56
26	62	35	47
26	63	57	58
26	64	24	25
26	65	57	58
26	66	68	69
26	67	87	88
26	68	0	0
26	69	0	0
26	70	30	31
26	71	68	69
26	72	44	45
26	73	114	115
26	74	77	78
26	75	90	91
26	76	95	96
26	77	103	104
26	78	81	82
26	79	73	74
26	80	75	76
26	81	155	156
26	82	117	118
26	83	75	76
26	84	75	76
26	85	73	74
26	86	55	56
26	87	0	0
26	88	0	0
26	89	68	69
26	90	184	185
26	91	0	0
26	92	90	91
26	93	51	52
26	94	32	36
26	95	120	121
26	96	165	166
26	97	44	45
26	98	81	82
26	99	68	69
26	100	55	56
26	101	32	36
26	102	66	67
26	103	106	107
26	104	161	162
26	105	66	67
26	106	124	125
26	107	0	0
26	108	77	78
26	109	95	96
26	110	103	104
26	111	51	52
26	112	32	36
26	113	95	96
26	114	163	164
26	115	136	137
26	116	103	104
26	117	129	130
26	118	0	0
26	119	114	115
26	120	0	0
26	121	0	0
26	122	0	0
26	123	0	0
26	124	0	0
26	125	0	0
26	126	90	91
26	127	90	91
26	128	87	88
26	129	0	0
26	130	0	0
26	131	117	118
26	132	122	123
26	133	103	104
26	134	81	82
26	135	73	74
26	136	153	154
26	137	150	151
26	138	117	118
26	139	77	78
26	140	122	123
26	141	120	121
26	142	77	78
26	143	122	123
26	144	120	121
26	145	44	45
26	146	106	107
26	147	114	115
26	148	81	82
26	149	136	137
26	150	175	176
26	151	0	0
26	152	114	115
26	153	0	0
26	154	0	0
26	155	0	0
26	156	0	0
26	157	153	154
26	158	0	0
26	159	0	0
26	160	136	137
26	161	0	0
26	162	168	169
26	163	0	0
26	164	0	0
26	165	0	0
26	166	0	0
26	167	95	96
26	168	0	0
26	169	0	0
26	170	87	88
26	171	106	107
26	172	87	88
26	173	124	125
26	174	150	151
26	175	0	0
26	176	0	0
26	177	0	0
26	178	0	0
26	179	177	178
26	180	153	154
26	181	124	125
26	182	161	162
26	183	120	121
26	184	0	0
26	185	0	0
26	186	117	118
26	187	158	159
26	188	177	178
26	189	175	176
26	190	124	125
26	191	165	166
26	192	153	154
26	193	175	176
26	194	163	164
26	195	106	107
26	196	184	185
26	197	163	164
26	198	46	199
26	199	0	0
26	200	46	199
