35	1	0	0
35	2	1	3
35	3	0	0
35	4	1	3
35	5	1	3
35	6	1	3
35	7	2	8
35	8	27	28
35	9	2	8
35	10	7	11
35	11	12	13
35	12	21	22
35	13	32	33
35	14	12	13
35	15	7	11
35	16	2	8
35	17	12	13
35	18	7	11
35	19	7	11
35	20	12	13
35	21	0	0
35	22	0	0
35	23	2	8
35	24	10	25
35	25	34	35
35	26	10	25
35	27	0	0
35	28	0	0
35	29	10	25
35	30	21	22
35	31	10	25
35	32	0	0
35	33	0	0
35	34	39	40
35	35	36	37
35	36	74	75
35	37	64	65
35	38	34	35
35	39	54	55
35	40	48	49
35	41	27	28
35	42	39	40
35	43	32	33
35	44	39	40
35	45	34	35
35	46	36	37
35	47	21	22
35	48	0	0
35	49	0	0
35	50	32	33
35	51	27	28
35	52	27	28
35	53	39	40
35	54	0	0
35	55	0	0
35	56	36	37
35	57	32	33
35	58	36	37
35	59	54	55
35	60	54	55
35	61	34	35
35	62	48	49
35	63	54	55
35	64	0	0
35	65	0	0
35	66	24	67
35	67	90	91
35	68	24	67
35	69	24	67
35	70	21	22
35	71	64	65
35	72	48	49
35	73	24	67
35	74	0	0
35	75	0	0
35	76	74	75
35	77	66	78
35	78	86	87
35	79	74	75
35	80	48	49
35	81	66	78
35	82	64	65
35	83	64	65
35	84	66	78
35	85	66	78
35	86	118	119
35	87	88	89
35	88	95	96
35	89	160	161
35	90	99	100
35	91	149	150
35	92	86	87
35	93	86	87
35	94	88	89
35	95	279	280
35	96	104	105
35	97	86	87
35	98	90	91
35	99	107	108
35	100	116	117
35	101	99	100
35	102	95	96
35	103	74	75
35	104	112	113
35	105	114	115
35	106	90	91
35	107	141	142
35	108	110	111
35	109	95	96
35	110	0	0
35	111	0	0
35	112	0	0
35	113	0	0
35	114	0	0
35	115	0	0
35	116	127	128
35	117	501	502
35	118	183	184
35	119	137	138
35	120	114	115
35	121	110	111
35	122	77	123
35	123	146	147
35	124	104	105
35	125	118	119
35	126	88	89
35	127	0	0
35	128	0	0
35	129	112	113
35	130	95	96
35	131	90	91
35	132	112	113
35	133	88	89
35	134	122	135
35	135	176	177
35	136	107	108
35	137	286	287
35	138	467	468
35	139	134	140
35	140	179	180
35	141	0	0
35	142	0	0
35	143	77	123
35	144	116	117
35	145	77	123
35	146	173	174
35	147	186	187
35	148	77	123
35	149	229	230
35	150	151	152
35	151	207	208
35	152	162	163
35	153	107	108
35	154	118	119
35	155	112	113
35	156	134	140
35	157	137	138
35	158	146	147
35	159	122	135
35	160	221	222
35	161	234	235
35	162	0	0
35	163	0	0
35	164	146	147
35	165	110	111
35	166	149	150
35	167	118	119
35	168	139	169
35	169	532	533
35	170	104	105
35	171	162	163
35	172	139	169
35	173	205	206
35	174	196	197
35	175	104	105
35	176	232	233
35	177	188	189
35	178	127	128
35	179	201	202
35	180	310	311
35	181	122	135
35	182	173	174
35	183	363	364
35	184	539	540
35	185	141	142
35	186	334	335
35	187	331	332
35	188	192	193
35	189	300	301
35	190	107	108
35	191	139	169
35	192	281	282
35	193	723	724
35	194	162	163
35	195	146	147
35	196	702	703
35	197	275	276
35	198	196	197
35	199	183	184
35	200	116	117
35	201	302	303
35	202	210	211
35	203	188	189
35	204	186	187
35	205	223	224
35	206	476	477
35	207	0	0
35	208	0	0
35	209	99	100
35	210	272	273
35	211	598	599
35	212	183	184
35	213	134	140
35	214	127	128
35	215	192	193
35	216	110	111
35	217	149	150
35	218	137	138
35	219	160	161
35	220	127	128
35	221	327	328
35	222	227	228
35	223	289	290
35	224	243	244
35	225	122	135
35	226	205	206
35	227	0	0
35	228	0	0
35	229	236	237
35	230	296	297
35	231	188	189
35	232	346	347
35	233	461	462
35	234	650	651
35	235	394	395
35	236	0	0
35	237	0	0
35	238	229	230
35	239	114	115
35	240	134	140
35	241	179	180
35	242	223	224
35	243	254	255
35	244	250	251
35	245	229	230
35	246	151	152
35	247	196	197
35	248	243	244
35	249	192	193
35	250	0	0
35	251	0	0
35	252	173	174
35	253	149	150
35	254	0	0
35	255	0	0
35	256	160	161
35	257	250	251
35	258	168	259
35	259	0	0
35	260	151	152
35	261	168	259
35	262	207	208
35	263	205	206
35	264	223	224
35	265	139	169
35	266	221	222
35	267	196	197
35	268	188	189
35	269	116	117
35	270	137	138
35	271	179	180
35	272	490	491
35	273	550	551
35	274	114	115
35	275	593	594
35	276	298	299
35	277	99	100
35	278	162	163
35	279	765	766
35	280	418	419
35	281	352	353
35	282	307	308
35	283	234	235
35	284	234	235
35	285	223	224
35	286	304	305
35	287	543	544
35	288	201	202
35	289	317	318
35	290	670	671
35	291	151	152
35	292	227	228
35	293	232	233
35	294	279	280
35	295	227	228
35	296	0	0
35	297	0	0
35	298	410	411
35	299	981	982
35	300	853	854
35	301	495	496
35	302	399	400
35	303	445	446
35	304	0	0
35	305	0	0
35	306	250	251
35	307	655	656
35	308	382	383
35	309	250	251
35	310	487	488
35	311	425	426
35	312	296	297
35	313	302	303
35	314	227	228
35	315	258	316
35	316	437	438
35	317	0	0
35	318	0	0
35	319	192	193
35	320	183	184
35	321	141	142
35	322	232	233
35	323	279	280
35	324	289	290
35	325	310	311
35	326	302	303
35	327	0	0
35	328	0	0
35	329	168	259
35	330	272	273
35	331	554	555
35	332	0	0
35	333	279	280
35	334	340	341
35	335	402	403
35	336	221	222
35	337	317	318
35	338	229	230
35	339	221	222
35	340	344	345
35	341	478	479
35	342	243	244
35	343	340	341
35	344	498	499
35	345	0	0
35	346	459	460
35	347	834	835
35	348	201	202
35	349	234	235
35	350	173	174
35	351	160	161
35	352	373	374
35	353	631	632
35	354	141	142
35	355	331	332
35	356	179	180
35	357	254	255
35	358	286	287
35	359	201	202
35	360	340	341
35	361	317	318
35	362	331	332
35	363	547	548
35	364	817	818
35	365	286	287
35	366	315	367
35	367	760	761
35	368	289	290
35	369	205	206
35	370	236	237
35	371	363	364
35	372	310	311
35	373	995	996
35	374	380	381
35	375	275	276
35	376	344	345
35	377	207	208
35	378	281	282
35	379	207	208
35	380	0	0
35	381	0	0
35	382	636	637
35	383	493	494
35	384	243	244
35	385	275	276
35	386	298	299
35	387	236	237
35	388	352	353
35	389	176	177
35	390	300	301
35	391	258	316
35	392	168	259
35	393	289	290
35	394	0	0
35	395	0	0
35	396	302	303
35	397	286	287
35	398	258	316
35	399	946	947
35	400	422	423
35	401	258	316
35	402	513	514
35	403	447	448
35	404	300	301
35	405	352	353
35	406	307	308
35	407	402	403
35	408	254	255
35	409	402	403
35	410	0	0
35	411	0	0
35	412	304	305
35	413	298	299
35	414	275	276
35	415	327	328
35	416	296	297
35	417	298	299
35	418	0	0
35	419	0	0
35	420	272	273
35	421	315	367
35	422	473	474
35	423	432	433
35	424	334	335
35	425	465	466
35	426	427	428
35	427	774	775
35	428	434	435
35	429	418	419
35	430	210	211
35	431	394	395
35	432	0	0
35	433	698	699
35	434	0	0
35	435	454	455
35	436	236	237
35	437	0	0
35	438	0	0
35	439	317	318
35	440	418	419
35	441	186	187
35	442	352	353
35	443	380	381
35	444	432	433
35	445	522	523
35	446	955	956
35	447	449	450
35	448	694	695
35	449	0	0
35	450	0	0
35	451	394	395
35	452	418	419
35	453	186	187
35	454	570	571
35	455	720	721
35	456	437	438
35	457	272	273
35	458	447	448
35	459	470	471
35	460	561	562
35	461	869	870
35	462	754	755
35	463	454	455
35	464	432	433
35	465	520	521
35	466	674	675
35	467	606	607
35	468	565	566
35	469	176	177
35	470	794	795
35	471	0	0
35	472	449	450
35	473	576	577
35	474	484	485
35	475	310	311
35	476	747	748
35	477	590	591
35	478	745	746
35	479	568	569
35	480	307	308
35	481	304	305
35	482	427	428
35	483	476	477
35	484	780	781
35	485	0	0
35	486	461	462
35	487	0	0
35	488	894	895
35	489	232	233
35	490	557	558
35	491	0	0
35	492	281	282
35	493	0	0
35	494	0	0
35	495	0	0
35	496	642	643
35	497	346	347
35	498	0	0
35	499	0	0
35	500	487	488
35	501	0	0
35	502	0	0
35	503	487	488
35	504	484	485
35	505	410	411
35	506	340	341
35	507	478	479
35	508	490	491
35	509	470	471
35	510	425	426
35	511	315	367
35	512	382	383
35	513	660	661
35	514	750	751
35	515	476	477
35	516	454	455
35	517	432	433
35	518	281	282
35	519	254	255
35	520	646	647
35	521	611	612
35	522	625	626
35	523	527	528
35	524	501	502
35	525	410	411
35	526	363	364
35	527	585	586
35	528	0	0
35	529	382	383
35	530	513	514
35	531	454	455
35	532	711	712
35	533	652	653
35	534	437	438
35	535	434	435
35	536	422	423
35	537	425	426
35	538	493	494
35	539	986	987
35	540	666	667
35	541	366	542
35	542	0	0
35	543	0	0
35	544	0	0
35	545	470	471
35	546	399	400
35	547	0	0
35	548	0	0
35	549	402	403
35	550	638	639
35	551	572	573
35	552	422	423
35	553	547	548
35	554	0	0
35	555	752	753
35	556	484	485
35	557	608	609
35	558	644	645
35	559	539	540
35	560	476	477
35	561	579	580
35	562	0	0
35	563	527	528
35	564	539	540
35	565	0	0
35	566	0	0
35	567	394	395
35	568	0	0
35	569	0	0
35	570	581	582
35	571	676	677
35	572	0	0
35	573	619	620
35	574	550	551
35	575	363	364
35	576	0	0
35	577	595	596
35	578	487	488
35	579	604	605
35	580	971	972
35	581	0	0
35	582	0	0
35	583	543	544
35	584	478	479
35	585	756	757
35	586	860	861
35	587	527	528
35	588	532	533
35	589	467	468
35	590	662	663
35	591	679	680
35	592	579	580
35	593	768	769
35	594	0	0
35	595	0	0
35	596	0	0
35	597	498	499
35	598	814	815
35	599	0	0
35	600	490	491
35	601	449	450
35	602	520	521
35	603	554	555
35	604	0	0
35	605	0	0
35	606	0	0
35	607	0	0
35	608	0	0
35	609	623	624
35	610	176	177
35	611	939	940
35	612	836	837
35	613	608	609
35	614	437	438
35	615	490	491
35	616	520	521
35	617	473	474
35	618	296	297
35	619	948	949
35	620	0	0
35	621	593	594
35	622	585	586
35	623	0	0
35	624	0	0
35	625	915	916
35	626	906	907
35	627	493	494
35	628	606	607
35	629	478	479
35	630	410	411
35	631	0	0
35	632	0	0
35	633	625	626
35	634	606	607
35	635	606	607
35	636	0	0
35	637	0	0
35	638	888	889
35	639	0	0
35	640	445	446
35	641	590	591
35	642	0	0
35	643	731	732
35	644	848	849
35	645	705	706
35	646	0	0
35	647	812	813
35	648	565	566
35	649	493	494
35	650	0	0
35	651	0	0
35	652	0	0
35	653	999	1000
35	654	522	523
35	655	727	728
35	656	0	0
35	657	539	540
35	658	561	562
35	659	543	544
35	660	0	0
35	661	0	0
35	662	0	0
35	663	0	0
35	664	498	499
35	665	461	462
35	666	0	0
35	667	0	0
35	668	568	569
35	669	484	485
35	670	0	0
35	671	0	0
35	672	581	582
35	673	334	335
35	674	872	873
35	675	804	805
35	676	0	0
35	677	0	0
35	678	449	450
35	679	0	0
35	680	0	0
35	681	604	605
35	682	315	367
35	683	662	663
35	684	470	471
35	685	382	383
35	686	473	474
35	687	427	428
35	688	465	466
35	689	619	620
35	690	676	677
35	691	557	558
35	692	399	400
35	693	522	523
35	694	0	0
35	695	0	0
35	696	550	551
35	697	568	569
35	698	896	897
35	699	825	826
35	700	638	639
35	701	608	609
35	702	0	0
35	703	718	719
35	704	638	639
35	705	0	0
35	706	0	0
35	707	513	514
35	708	334	335
35	709	698	699
35	710	611	612
35	711	0	0
35	712	934	935
35	713	650	651
35	714	373	374
35	715	674	675
35	716	576	577
35	717	467	468
35	718	763	764
35	719	736	737
35	720	743	744
35	721	0	0
35	722	380	381
35	723	0	0
35	724	0	0
35	725	447	448
35	726	550	551
35	727	0	0
35	728	0	0
35	729	304	305
35	730	674	675
35	731	0	0
35	732	969	970
35	733	727	728
35	734	467	468
35	735	623	624
35	736	0	0
35	737	0	0
35	738	465	466
35	739	698	699
35	740	595	596
35	741	554	555
35	742	642	643
35	743	0	0
35	744	0	0
35	745	0	0
35	746	0	0
35	747	822	823
35	748	0	0
35	749	590	591
35	750	0	0
35	751	0	0
35	752	991	992
35	753	801	802
35	754	0	0
35	755	862	863
35	756	0	0
35	757	0	0
35	758	655	656
35	759	447	448
35	760	831	832
35	761	880	881
35	762	676	677
35	763	0	0
35	764	0	0
35	765	0	0
35	766	0	0
35	767	754	755
35	768	0	0
35	769	0	0
35	770	619	620
35	771	495	496
35	772	736	737
35	773	662	663
35	774	0	0
35	775	820	821
35	776	473	474
35	777	434	435
35	778	593	594
35	779	366	542
35	780	0	0
35	781	0	0
35	782	756	757
35	783	736	737
35	784	638	639
35	785	765	766
35	786	434	435
35	787	780	781
35	788	676	677
35	789	465	466
35	790	763	764
35	791	568	569
35	792	780	781
35	793	445	446
35	794	798	799
35	795	0	0
35	796	590	591
35	797	425	426
35	798	0	0
35	799	0	0
35	800	625	626
35	801	0	0
35	802	0	0
35	803	346	347
35	804	0	0
35	805	0	0
35	806	501	502
35	807	765	766
35	808	513	514
35	809	501	502
35	810	495	496
35	811	801	802
35	812	0	0
35	813	846	847
35	814	922	923
35	815	0	0
35	816	666	667
35	817	0	0
35	818	0	0
35	819	674	675
35	820	0	0
35	821	0	0
35	822	0	0
35	823	0	0
35	824	631	632
35	825	0	0
35	826	0	0
35	827	427	428
35	828	307	308
35	829	763	764
35	830	812	813
35	831	0	0
35	832	927	928
35	833	660	661
35	834	865	866
35	835	851	852
35	836	0	0
35	837	0	0
35	838	327	328
35	839	794	795
35	840	768	769
35	841	327	328
35	842	666	667
35	843	756	757
35	844	760	761
35	845	532	533
35	846	0	0
35	847	0	0
35	848	0	0
35	849	0	0
35	850	705	706
35	851	0	0
35	852	874	875
35	853	882	883
35	854	0	0
35	855	608	609
35	856	727	728
35	857	798	799
35	858	731	732
35	859	300	301
35	860	0	0
35	861	0	0
35	862	877	878
35	863	0	0
35	864	698	699
35	865	0	0
35	866	0	0
35	867	822	823
35	868	848	849
35	869	0	0
35	870	909	910
35	871	723	724
35	872	0	0
35	873	0	0
35	874	0	0
35	875	924	925
35	876	604	605
35	877	0	0
35	878	0	0
35	879	399	400
35	880	904	905
35	881	0	0
35	882	0	0
35	883	0	0
35	884	846	847
35	885	752	753
35	886	851	852
35	887	346	347
35	888	0	0
35	889	0	0
35	890	541	891
35	891	0	0
35	892	585	586
35	893	862	863
35	894	0	0
35	895	919	920
35	896	0	0
35	897	0	0
35	898	711	712
35	899	366	542
35	900	763	764
35	901	723	724
35	902	718	719
35	903	670	671
35	904	0	0
35	905	0	0
35	906	0	0
35	907	0	0
35	908	611	612
35	909	0	0
35	910	0	0
35	911	874	875
35	912	846	847
35	913	801	802
35	914	623	624
35	915	0	0
35	916	0	0
35	917	210	211
35	918	880	881
35	919	0	0
35	920	0	0
35	921	727	728
35	922	957	958
35	923	0	0
35	924	0	0
35	925	0	0
35	926	662	663
35	927	0	0
35	928	0	0
35	929	909	910
35	930	570	571
35	931	888	889
35	932	754	755
35	933	623	624
35	934	993	994
35	935	0	0
35	936	812	813
35	937	743	744
35	938	498	499
35	939	0	0
35	940	0	0
35	941	909	910
35	942	752	753
35	943	642	643
35	944	731	732
35	945	754	755
35	946	0	0
35	947	0	0
35	948	0	0
35	949	0	0
35	950	520	521
35	951	922	923
35	952	642	643
35	953	380	381
35	954	894	895
35	955	0	0
35	956	0	0
35	957	0	0
35	958	0	0
35	959	836	837
35	960	814	815
35	961	631	632
35	962	572	573
35	963	572	573
35	964	848	849
35	965	666	667
35	966	445	446
35	967	611	612
35	968	904	905
35	969	0	0
35	970	0	0
35	971	0	0
35	972	0	0
35	973	619	620
35	974	919	920
35	975	851	852
35	976	736	737
35	977	572	573
35	978	794	795
35	979	825	826
35	980	495	496
35	981	0	0
35	982	0	0
35	983	331	332
35	984	922	923
35	985	817	818
35	986	0	0
35	987	0	0
35	988	798	799
35	989	541	891
35	990	459	460
35	991	0	0
35	992	0	0
35	993	0	0
35	994	0	0
35	995	0	0
35	996	0	0
35	997	765	766
35	998	522	523
35	999	0	0
35	1000	0	0
