40	1	0	0
40	2	1	3
40	3	0	0
40	4	2	5
40	5	9	10
40	6	2	5
40	7	1	3
40	8	2	5
40	9	0	0
40	10	0	0
40	11	2	5
40	12	9	10
40	13	9	10
40	14	9	10
40	15	1	3
40	16	1	3
40	17	4	18
40	18	64	65
40	19	4	18
40	20	17	21
40	21	22	23
40	22	48	49
40	23	33	34
40	24	4	18
40	25	17	21
40	26	20	27
40	27	46	47
40	28	22	23
40	29	26	30
40	30	71	72
40	31	4	18
40	32	26	30
40	33	41	42
40	34	35	36
40	35	0	0
40	36	0	0
40	37	26	30
40	38	17	21
40	39	35	36
40	40	22	23
40	41	0	0
40	42	0	0
40	43	22	23
40	44	29	45
40	45	86	87
40	46	0	0
40	47	58	59
40	48	77	78
40	49	55	56
40	50	48	49
40	51	46	47
40	52	46	47
40	53	17	21
40	54	35	36
40	55	0	0
40	56	0	0
40	57	46	47
40	58	62	63
40	59	0	0
40	60	35	36
40	61	26	30
40	62	0	0
40	63	0	0
40	64	83	84
40	65	75	76
40	66	29	45
40	67	62	63
40	68	33	34
40	69	64	65
40	70	58	59
40	71	0	0
40	72	0	0
40	73	62	63
40	74	62	63
40	75	0	0
40	76	0	0
40	77	0	0
40	78	0	0
40	79	44	80
40	80	0	0
40	81	20	27
40	82	48	49
40	83	0	0
40	84	0	0
40	85	58	59
40	86	89	90
40	87	0	0
40	88	44	80
40	89	98	99
40	90	0	0
40	91	75	76
40	92	77	78
40	93	44	80
40	94	83	84
40	95	44	80
40	96	48	49
40	97	20	27
40	98	0	0
40	99	0	0
40	100	0	0
