37	1	0	0
37	2	1	3
37	3	0	0
37	4	1	3
37	5	1	3
37	6	2	7
37	7	9	10
37	8	1	3
37	9	0	0
37	10	0	0
37	11	2	7
37	12	2	7
37	13	2	7
37	14	9	10
37	15	9	10
37	16	6	17
37	17	82	83
37	18	6	17
37	19	16	20
37	20	21	22
37	21	26	27
37	22	40	41
37	23	6	17
37	24	19	25
37	25	66	67
37	26	33	34
37	27	79	80
37	28	24	29
37	29	42	43
37	30	16	20
37	31	24	29
37	32	24	29
37	33	0	0
37	34	0	0
37	35	19	25
37	36	16	20
37	37	16	20
37	38	33	34
37	39	21	22
37	40	290	291
37	41	45	46
37	42	64	65
37	43	121	122
37	44	9	10
37	45	0	0
37	46	0	0
37	47	21	22
37	48	28	49
37	49	51	52
37	50	21	22
37	51	181	182
37	52	59	60
37	53	40	41
37	54	19	25
37	55	42	43
37	56	48	57
37	57	134	135
37	58	28	49
37	59	116	117
37	60	98	99
37	61	33	34
37	62	40	41
37	63	26	27
37	64	170	171
37	65	151	152
37	66	72	73
37	67	144	145
37	68	40	41
37	69	24	29
37	70	56	71
37	71	425	426
37	72	195	196
37	73	87	88
37	74	28	49
37	75	66	67
37	76	33	34
37	77	51	52
37	78	64	65
37	79	0	0
37	80	0	0
37	81	66	67
37	82	85	86
37	83	104	105
37	84	45	46
37	85	0	0
37	86	0	0
37	87	89	90
37	88	286	287
37	89	0	0
37	90	0	0
37	91	56	71
37	92	26	27
37	93	72	73
37	94	79	80
37	95	66	67
37	96	82	83
37	97	51	52
37	98	177	178
37	99	185	186
37	100	87	88
37	101	26	27
37	102	45	46
37	103	82	83
37	104	0	0
37	105	0	0
37	106	51	52
37	107	70	108
37	108	281	282
37	109	42	43
37	110	70	108
37	111	64	65
37	112	82	83
37	113	42	43
37	114	104	105
37	115	28	49
37	116	207	208
37	117	158	159
37	118	56	71
37	119	70	108
37	120	59	60
37	121	168	169
37	122	138	139
37	123	85	86
37	124	45	46
37	125	107	126
37	126	211	212
37	127	125	128
37	128	434	435
37	129	19	25
37	130	116	117
37	131	116	117
37	132	6	17
37	133	59	60
37	134	423	424
37	135	197	198
37	136	85	86
37	137	56	71
37	138	166	167
37	139	205	206
37	140	134	135
37	141	116	117
37	142	89	90
37	143	59	60
37	144	546	547
37	145	570	571
37	146	98	99
37	147	87	88
37	148	138	139
37	149	87	88
37	150	64	65
37	151	183	184
37	152	209	210
37	153	98	99
37	154	125	128
37	155	79	80
37	156	138	139
37	157	138	139
37	158	174	175
37	159	288	289
37	160	104	105
37	161	107	126
37	162	72	73
37	163	151	152
37	164	158	159
37	165	104	105
37	166	321	322
37	167	253	254
37	168	179	180
37	169	214	215
37	170	391	392
37	171	633	634
37	172	70	108
37	173	125	128
37	174	982	983
37	175	227	228
37	176	158	159
37	177	338	339
37	178	218	219
37	179	200	201
37	180	506	507
37	181	274	275
37	182	270	271
37	183	614	615
37	184	347	348
37	185	330	331
37	186	314	315
37	187	98	99
37	188	170	171
37	189	48	57
37	190	179	180
37	191	151	152
37	192	107	126
37	193	177	178
37	194	185	186
37	195	236	237
37	196	238	239
37	197	721	722
37	198	371	372
37	199	195	196
37	200	0	0
37	201	0	0
37	202	181	182
37	203	48	57
37	204	168	169
37	205	261	262
37	206	222	223
37	207	247	248
37	208	606	607
37	209	414	415
37	210	467	468
37	211	308	309
37	212	241	242
37	213	200	201
37	214	304	305
37	215	471	472
37	216	121	122
37	217	72	73
37	218	358	359
37	219	243	244
37	220	185	186
37	221	177	178
37	222	0	0
37	223	0	0
37	224	218	219
37	225	85	86
37	226	174	175
37	227	0	0
37	228	0	0
37	229	227	228
37	230	170	171
37	231	177	178
37	232	134	135
37	233	79	80
37	234	211	212
37	235	185	186
37	236	0	0
37	237	0	0
37	238	0	0
37	239	0	0
37	240	222	223
37	241	387	388
37	242	323	324
37	243	0	0
37	244	0	0
37	245	183	184
37	246	151	152
37	247	770	771
37	248	251	252
37	249	121	122
37	250	195	196
37	251	0	0
37	252	0	0
37	253	0	0
37	254	0	0
37	255	200	201
37	256	243	244
37	257	166	167
37	258	174	175
37	259	200	201
37	260	227	228
37	261	0	0
37	262	0	0
37	263	121	122
37	264	209	210
37	265	236	237
37	266	125	128
37	267	183	184
37	268	174	175
37	269	253	254
37	270	300	301
37	271	373	374
37	272	209	210
37	273	168	169
37	274	317	318
37	275	667	668
37	276	270	271
37	277	211	212
37	278	207	208
37	279	183	184
37	280	181	182
37	281	419	420
37	282	485	486
37	283	205	206
37	284	89	90
37	285	261	262
37	286	0	0
37	287	0	0
37	288	378	379
37	289	622	623
37	290	0	0
37	291	0	0
37	292	170	171
37	293	251	252
37	294	107	126
37	295	261	262
37	296	286	287
37	297	261	262
37	298	286	287
37	299	281	282
37	300	480	481
37	301	497	498
37	302	290	291
37	303	205	206
37	304	0	0
37	305	0	0
37	306	179	180
37	307	179	180
37	308	603	604
37	309	355	356
37	310	251	252
37	311	288	289
37	312	181	182
37	313	304	305
37	314	361	362
37	315	695	696
37	316	241	242
37	317	326	327
37	318	511	512
37	319	214	215
37	320	300	301
37	321	0	0
37	322	0	0
37	323	427	428
37	324	0	0
37	325	168	169
37	326	440	441
37	327	735	736
37	328	211	212
37	329	195	196
37	330	344	345
37	331	442	443
37	332	300	301
37	333	89	90
37	334	197	198
37	335	251	252
37	336	218	219
37	337	241	242
37	338	341	342
37	339	558	559
37	340	290	291
37	341	0	0
37	342	0	0
37	343	197	198
37	344	0	0
37	345	0	0
37	346	270	271
37	347	0	0
37	348	0	0
37	349	314	315
37	350	238	239
37	351	308	309
37	352	222	223
37	353	288	289
37	354	304	305
37	355	417	418
37	356	491	492
37	357	300	301
37	358	0	0
37	359	0	0
37	360	355	356
37	361	0	0
37	362	0	0
37	363	238	239
37	364	243	244
37	365	355	356
37	366	326	327
37	367	361	362
37	368	127	369
37	369	499	500
37	370	358	359
37	371	376	377
37	372	645	646
37	373	408	409
37	374	0	0
37	375	326	327
37	376	394	395
37	377	516	517
37	378	0	0
37	379	0	0
37	380	253	254
37	381	304	305
37	382	317	318
37	383	205	206
37	384	323	324
37	385	270	271
37	386	378	379
37	387	790	791
37	388	464	465
37	389	144	145
37	390	321	322
37	391	563	564
37	392	0	0
37	393	378	379
37	394	421	422
37	395	403	404
37	396	274	275
37	397	243	244
37	398	387	388
37	399	144	145
37	400	371	372
37	401	209	210
37	402	347	348
37	403	993	994
37	404	412	413
37	405	347	348
37	406	338	339
37	407	326	327
37	408	483	484
37	409	873	874
37	410	144	145
37	411	344	345
37	412	0	0
37	413	0	0
37	414	0	0
37	415	0	0
37	416	222	223
37	417	457	458
37	418	764	765
37	419	493	494
37	420	437	438
37	421	0	0
37	422	882	883
37	423	549	550
37	424	676	677
37	425	954	955
37	426	444	445
37	427	543	544
37	428	459	460
37	429	358	359
37	430	134	135
37	431	253	254
37	432	408	409
37	433	391	392
37	434	0	0
37	435	525	526
37	436	314	315
37	437	0	0
37	438	847	848
37	439	218	219
37	440	0	0
37	441	0	0
37	442	0	0
37	443	0	0
37	444	611	612
37	445	592	593
37	446	403	404
37	447	412	413
37	448	344	345
37	449	437	438
37	450	207	208
37	451	236	237
37	452	378	379
37	453	236	237
37	454	321	322
37	455	127	369
37	456	444	445
37	457	0	0
37	458	0	0
37	459	469	470
37	460	0	0
37	461	358	359
37	462	414	415
37	463	207	208
37	464	552	553
37	465	643	644
37	466	314	315
37	467	0	0
37	468	0	0
37	469	609	610
37	470	640	641
37	471	0	0
37	472	0	0
37	473	423	424
37	474	469	470
37	475	423	424
37	476	321	322
37	477	48	57
37	478	281	282
37	479	394	395
37	480	574	575
37	481	503	504
37	482	464	465
37	483	0	0
37	484	0	0
37	485	624	625
37	486	674	675
37	487	425	426
37	488	330	331
37	489	417	418
37	490	467	468
37	491	509	510
37	492	912	913
37	493	0	0
37	494	0	0
37	495	290	291
37	496	434	435
37	497	0	0
37	498	782	783
37	499	888	889
37	500	555	556
37	501	493	494
37	502	344	345
37	503	0	0
37	504	0	0
37	505	483	484
37	506	0	0
37	507	0	0
37	508	480	481
37	509	537	538
37	510	752	753
37	511	0	0
37	512	531	532
37	513	434	435
37	514	308	309
37	515	434	435
37	516	0	0
37	517	899	900
37	518	497	498
37	519	166	167
37	520	459	460
37	521	288	289
37	522	308	309
37	523	480	481
37	524	323	324
37	525	590	591
37	526	618	619
37	527	469	470
37	528	408	409
37	529	403	404
37	530	464	465
37	531	0	0
37	532	0	0
37	533	531	532
37	534	469	470
37	535	158	159
37	536	414	415
37	537	710	711
37	538	754	755
37	539	341	342
37	540	421	422
37	541	376	377
37	542	421	422
37	543	0	0
37	544	824	825
37	545	444	445
37	546	0	0
37	547	730	731
37	548	543	544
37	549	579	580
37	550	997	998
37	551	394	395
37	552	598	599
37	553	810	811
37	554	483	484
37	555	0	0
37	556	800	801
37	557	471	472
37	558	0	0
37	559	0	0
37	560	238	239
37	561	483	484
37	562	330	331
37	563	0	0
37	564	0	0
37	565	274	275
37	566	421	422
37	567	511	512
37	568	516	517
37	569	241	242
37	570	827	828
37	571	749	750
37	572	499	500
37	573	403	404
37	574	0	0
37	575	0	0
37	576	543	544
37	577	427	428
37	578	525	526
37	579	691	692
37	580	777	778
37	581	485	486
37	582	371	372
37	583	373	374
37	584	361	362
37	585	555	556
37	586	197	198
37	587	531	532
37	588	412	413
37	589	391	392
37	590	670	671
37	591	972	973
37	592	725	726
37	593	950	951
37	594	387	388
37	595	127	369
37	596	387	388
37	597	546	547
37	598	0	0
37	599	627	628
37	600	506	507
37	601	347	348
37	602	555	556
37	603	0	0
37	604	647	648
37	605	442	443
37	606	741	742
37	607	0	0
37	608	274	275
37	609	678	679
37	610	719	720
37	611	0	0
37	612	637	638
37	613	549	550
37	614	0	0
37	615	0	0
37	616	368	617
37	617	0	0
37	618	0	0
37	619	0	0
37	620	549	550
37	621	419	420
37	622	0	0
37	623	0	0
37	624	737	738
37	625	891	892
37	626	376	377
37	627	773	774
37	628	629	630
37	629	0	0
37	630	0	0
37	631	355	356
37	632	552	553
37	633	684	685
37	634	733	734
37	635	611	612
37	636	506	507
37	637	0	0
37	638	0	0
37	639	552	553
37	640	919	920
37	641	760	761
37	642	603	604
37	643	649	650
37	644	728	729
37	645	757	758
37	646	0	0
37	647	0	0
37	648	795	796
37	649	0	0
37	650	681	682
37	651	368	617
37	652	480	481
37	653	323	324
37	654	546	547
37	655	127	369
37	656	511	512
37	657	317	318
37	658	611	612
37	659	497	498
37	660	376	377
37	661	603	604
37	662	590	591
37	663	574	575
37	664	563	564
37	665	412	413
37	666	417	418
37	667	0	0
37	668	715	716
37	669	629	630
37	670	0	0
37	671	706	707
37	672	670	671
37	673	563	564
37	674	988	989
37	675	0	0
37	676	986	987
37	677	0	0
37	678	0	0
37	679	0	0
37	680	618	619
37	681	703	704
37	682	0	0
37	683	511	512
37	684	0	0
37	685	0	0
37	686	497	498
37	687	373	374
37	688	166	167
37	689	414	415
37	690	611	612
37	691	0	0
37	692	0	0
37	693	563	564
37	694	614	615
37	695	0	0
37	696	0	0
37	697	637	638
37	698	674	675
37	699	437	438
37	700	543	544
37	701	247	248
37	702	503	504
37	703	744	745
37	704	797	798
37	705	549	550
37	706	822	823
37	707	0	0
37	708	609	610
37	709	391	392
37	710	964	965
37	711	0	0
37	712	629	630
37	713	618	619
37	714	506	507
37	715	835	836
37	716	840	841
37	717	417	418
37	718	570	571
37	719	0	0
37	720	0	0
37	721	0	0
37	722	0	0
37	723	361	362
37	724	579	580
37	725	0	0
37	726	0	0
37	727	286	287
37	728	787	788
37	729	0	0
37	730	0	0
37	731	0	0
37	732	579	580
37	733	0	0
37	734	0	0
37	735	0	0
37	736	0	0
37	737	767	768
37	738	793	794
37	739	341	342
37	740	678	679
37	741	0	0
37	742	0	0
37	743	725	726
37	744	0	0
37	745	879	880
37	746	640	641
37	747	637	638
37	748	247	248
37	749	0	0
37	750	0	0
37	751	408	409
37	752	784	785
37	753	0	0
37	754	0	0
37	755	0	0
37	756	622	623
37	757	833	834
37	758	0	0
37	759	493	494
37	760	0	0
37	761	925	926
37	762	725	726
37	763	760	761
37	764	830	831
37	765	0	0
37	766	503	504
37	767	0	0
37	768	816	817
37	769	555	556
37	770	0	0
37	771	0	0
37	772	637	638
37	773	0	0
37	774	0	0
37	775	767	768
37	776	437	438
37	777	0	0
37	778	0	0
37	779	633	634
37	780	706	707
37	781	719	720
37	782	0	0
37	783	0	0
37	784	921	922
37	785	0	0
37	786	645	646
37	787	0	0
37	788	0	0
37	789	674	675
37	790	0	0
37	791	0	0
37	792	676	677
37	793	0	0
37	794	802	803
37	795	0	0
37	796	0	0
37	797	804	805
37	798	0	0
37	799	730	731
37	800	0	0
37	801	864	865
37	802	930	931
37	803	807	808
37	804	0	0
37	805	0	0
37	806	227	228
37	807	0	0
37	808	0	0
37	809	516	517
37	810	0	0
37	811	894	895
37	812	784	785
37	813	681	682
37	814	509	510
37	815	371	372
37	816	0	0
37	817	0	0
37	818	509	510
37	819	760	761
37	820	440	441
37	821	624	625
37	822	842	843
37	823	877	878
37	824	897	898
37	825	0	0
37	826	670	671
37	827	0	0
37	828	0	0
37	829	706	707
37	830	0	0
37	831	0	0
37	832	531	532
37	833	844	845
37	834	974	975
37	835	0	0
37	836	0	0
37	837	419	420
37	838	609	610
37	839	749	750
37	840	0	0
37	841	0	0
37	842	0	0
37	843	884	885
37	844	0	0
37	845	0	0
37	846	725	726
37	847	928	929
37	848	0	0
37	849	592	593
37	850	667	668
37	851	317	318
37	852	721	722
37	853	338	339
37	854	464	465
37	855	570	571
37	856	499	500
37	857	341	342
37	858	427	428
37	859	574	575
37	860	793	794
37	861	710	711
37	862	609	610
37	863	670	671
37	864	871	872
37	865	0	0
37	866	419	420
37	867	592	593
37	868	844	845
37	869	864	865
37	870	703	704
37	871	959	960
37	872	936	937
37	873	0	0
37	874	0	0
37	875	844	845
37	876	735	736
37	877	999	1000
37	878	0	0
37	879	0	0
37	880	0	0
37	881	721	722
37	882	0	0
37	883	0	0
37	884	990	991
37	885	0	0
37	886	373	374
37	887	537	538
37	888	0	0
37	889	0	0
37	890	835	836
37	891	0	0
37	892	932	933
37	893	777	778
37	894	0	0
37	895	962	963
37	896	691	692
37	897	0	0
37	898	0	0
37	899	0	0
37	900	0	0
37	901	491	492
37	902	695	696
37	903	624	625
37	904	691	692
37	905	764	765
37	906	503	504
37	907	574	575
37	908	871	872
37	909	627	628
37	910	491	492
37	911	281	282
37	912	914	915
37	913	0	0
37	914	0	0
37	915	0	0
37	916	616	917
37	917	0	0
37	918	802	803
37	919	0	0
37	920	0	0
37	921	0	0
37	922	0	0
37	923	735	736
37	924	802	803
37	925	0	0
37	926	0	0
37	927	847	848
37	928	984	985
37	929	0	0
37	930	0	0
37	931	0	0
37	932	0	0
37	933	0	0
37	934	649	650
37	935	897	898
37	936	0	0
37	937	0	0
37	938	894	895
37	939	807	808
37	940	579	580
37	941	570	571
37	942	773	774
37	943	884	885
37	944	491	492
37	945	914	915
37	946	427	428
37	947	627	628
37	948	695	696
37	949	627	628
37	950	0	0
37	951	0	0
37	952	800	801
37	953	835	836
37	954	0	0
37	955	0	0
37	956	552	553
37	957	741	742
37	958	844	845
37	959	0	0
37	960	0	0
37	961	633	634
37	962	0	0
37	963	0	0
37	964	0	0
37	965	0	0
37	966	546	547
37	967	537	538
37	968	647	648
37	969	706	707
37	970	537	538
37	971	459	460
37	972	0	0
37	973	0	0
37	974	0	0
37	975	0	0
37	976	590	591
37	977	719	720
37	978	800	801
37	979	493	494
37	980	509	510
37	981	757	758
37	982	0	0
37	983	0	0
37	984	0	0
37	985	0	0
37	986	0	0
37	987	0	0
37	988	0	0
37	989	0	0
37	990	0	0
37	991	0	0
37	992	930	931
37	993	0	0
37	994	0	0
37	995	516	517
37	996	984	985
37	997	0	0
37	998	0	0
37	999	0	0
37	1000	0	0
