0	1	0	0
0	2	1	3
0	3	0	0
0	4	2	5
0	5	8	9
0	6	1	3
0	7	2	5
0	8	0	0
0	9	0	0
0	10	2	5
0	11	8	9
0	12	1	3
0	13	8	9
0	14	2	5
0	15	1	3
0	16	4	17
0	17	18	19
0	18	24	25
0	19	29	30
0	20	8	9
0	21	4	17
0	22	4	17
0	23	4	17
0	24	0	0
0	25	0	0
0	26	24	25
0	27	16	28
0	28	41	42
0	29	0	0
0	30	0	0
0	31	27	32
0	32	60	61
0	33	29	30
0	34	29	30
0	35	16	28
0	36	29	30
0	37	31	38
0	38	57	58
0	39	27	32
0	40	24	25
0	41	52	53
0	42	46	47
0	43	31	38
0	44	27	32
0	45	41	42
0	46	71	72
0	47	75	76
0	48	16	28
0	49	18	19
0	50	16	28
0	51	27	32
0	52	69	70
0	53	67	68
0	54	46	47
0	55	24	25
0	56	18	19
0	57	88	89
0	58	156	157
0	59	46	47
0	60	73	74
0	61	145	146
0	62	46	47
0	63	31	38
0	64	52	53
0	65	31	38
0	66	18	19
0	67	0	0
0	68	0	0
0	69	0	0
0	70	0	0
0	71	0	0
0	72	0	0
0	73	109	110
0	74	100	101
0	75	0	0
0	76	0	0
0	77	37	78
0	78	191	192
0	79	69	70
0	80	37	78
0	81	37	78
0	82	52	53
0	83	73	74
0	84	41	42
0	85	52	53
0	86	57	58
0	87	75	76
0	88	236	237
0	89	91	92
0	90	57	58
0	91	93	94
0	92	167	168
0	93	143	144
0	94	122	123
0	95	75	76
0	96	69	70
0	97	91	92
0	98	88	89
0	99	88	89
0	100	102	103
0	101	127	128
0	102	0	0
0	103	0	0
0	104	71	72
0	105	102	103
0	106	71	72
0	107	67	68
0	108	41	42
0	109	132	133
0	110	161	162
0	111	67	68
0	112	91	92
0	113	37	78
0	114	88	89
0	115	100	101
0	116	69	70
0	117	91	92
0	118	100	101
0	119	67	68
0	120	71	72
0	121	100	101
0	122	0	0
0	123	0	0
0	124	109	110
0	125	77	126
0	126	272	273
0	127	0	0
0	128	0	0
0	129	122	123
0	130	109	110
0	131	109	110
0	132	0	0
0	133	0	0
0	134	132	133
0	135	75	76
0	136	60	61
0	137	93	94
0	138	127	128
0	139	93	94
0	140	127	128
0	141	77	126
0	142	60	61
0	143	0	0
0	144	0	0
0	145	149	150
0	146	173	174
0	147	125	148
0	148	224	225
0	149	231	232
0	150	182	183
0	151	143	144
0	152	77	126
0	153	132	133
0	154	145	146
0	155	60	61
0	156	159	160
0	157	194	195
0	158	132	133
0	159	164	165
0	160	238	239
0	161	0	0
0	162	0	0
0	163	156	157
0	164	360	361
0	165	187	188
0	166	145	146
0	167	242	243
0	168	263	264
0	169	143	144
0	170	159	160
0	171	77	126
0	172	143	144
0	173	257	258
0	174	323	324
0	175	102	103
0	176	57	58
0	177	125	148
0	178	73	74
0	179	93	94
0	180	73	74
0	181	161	162
0	182	0	0
0	183	0	0
0	184	167	168
0	185	127	128
0	186	145	146
0	187	0	0
0	188	0	0
0	189	147	190
0	190	203	204
0	191	381	382
0	192	206	207
0	193	164	165
0	194	750	751
0	195	200	201
0	196	125	148
0	197	122	123
0	198	102	103
0	199	159	160
0	200	404	405
0	201	210	211
0	202	156	157
0	203	265	266
0	204	283	284
0	205	147	190
0	206	246	247
0	207	471	472
0	208	187	188
0	209	122	123
0	210	0	0
0	211	0	0
0	212	189	213
0	213	289	290
0	214	156	157
0	215	167	168
0	216	206	207
0	217	210	211
0	218	147	190
0	219	173	174
0	220	203	204
0	221	203	204
0	222	203	204
0	223	173	174
0	224	267	268
0	225	299	300
0	226	173	174
0	227	189	213
0	228	210	211
0	229	224	225
0	230	194	195
0	231	0	0
0	232	0	0
0	233	164	165
0	234	189	213
0	235	189	213
0	236	253	254
0	237	255	256
0	238	313	314
0	239	0	0
0	240	210	211
0	241	238	239
0	242	0	0
0	243	0	0
0	244	231	232
0	245	191	192
0	246	274	275
0	247	448	449
0	248	231	232
0	249	149	150
0	250	147	190
0	251	161	162
0	252	125	148
0	253	277	278
0	254	363	364
0	255	259	260
0	256	500	501
0	257	0	0
0	258	0	0
0	259	0	0
0	260	0	0
0	261	149	150
0	262	159	160
0	263	0	0
0	264	0	0
0	265	301	302
0	266	592	593
0	267	306	307
0	268	293	294
0	269	224	225
0	270	191	192
0	271	164	165
0	272	635	636
0	273	583	584
0	274	515	516
0	275	295	296
0	276	255	256
0	277	0	0
0	278	0	0
0	279	267	268
0	280	212	281
0	281	481	482
0	282	161	162
0	283	316	317
0	284	684	685
0	285	212	281
0	286	265	266
0	287	263	264
0	288	277	278
0	289	396	397
0	290	424	425
0	291	274	275
0	292	283	284
0	293	308	309
0	294	431	432
0	295	327	328
0	296	590	591
0	297	149	150
0	298	238	239
0	299	0	0
0	300	621	622
0	301	414	415
0	302	330	331
0	303	267	268
0	304	246	247
0	305	246	247
0	306	321	322
0	307	537	538
0	308	760	761
0	309	623	624
0	310	200	201
0	311	257	258
0	312	265	266
0	313	0	0
0	314	0	0
0	315	306	307
0	316	348	349
0	317	0	0
0	318	293	294
0	319	299	300
0	320	267	268
0	321	355	356
0	322	0	0
0	323	0	0
0	324	0	0
0	325	277	278
0	326	257	258
0	327	0	0
0	328	0	0
0	329	306	307
0	330	407	408
0	331	929	930
0	332	236	237
0	333	280	334
0	334	336	337
0	335	238	239
0	336	615	616
0	337	464	465
0	338	212	281
0	339	277	278
0	340	187	188
0	341	194	195
0	342	224	225
0	343	301	302
0	344	259	260
0	345	272	273
0	346	274	275
0	347	280	334
0	348	608	609
0	349	369	370
0	350	206	207
0	351	323	324
0	352	187	188
0	353	289	290
0	354	301	302
0	355	438	439
0	356	366	367
0	357	200	201
0	358	323	324
0	359	295	296
0	360	0	0
0	361	0	0
0	362	194	195
0	363	0	0
0	364	0	0
0	365	348	349
0	366	596	597
0	367	409	410
0	368	360	361
0	369	379	380
0	370	393	394
0	371	299	300
0	372	255	256
0	373	295	296
0	374	355	356
0	375	366	367
0	376	246	247
0	377	348	349
0	378	280	334
0	379	387	388
0	380	469	470
0	381	398	399
0	382	0	0
0	383	167	168
0	384	283	284
0	385	336	337
0	386	360	361
0	387	629	630
0	388	483	484
0	389	381	382
0	390	289	290
0	391	283	284
0	392	379	380
0	393	0	0
0	394	681	682
0	395	363	364
0	396	0	0
0	397	816	817
0	398	460	461
0	399	433	434
0	400	321	322
0	401	200	201
0	402	396	397
0	403	293	294
0	404	0	0
0	405	0	0
0	406	379	380
0	407	451	452
0	408	0	0
0	409	443	444
0	410	844	845
0	411	295	296
0	412	257	258
0	413	289	290
0	414	428	429
0	415	417	418
0	416	236	237
0	417	534	535
0	418	495	496
0	419	308	309
0	420	327	328
0	421	321	322
0	422	182	183
0	423	191	192
0	424	618	619
0	425	509	510
0	426	381	382
0	427	407	408
0	428	0	0
0	429	668	669
0	430	398	399
0	431	559	560
0	432	884	885
0	433	0	0
0	434	436	437
0	435	393	394
0	436	735	736
0	437	926	927
0	438	539	540
0	439	0	0
0	440	327	328
0	441	393	394
0	442	363	364
0	443	0	0
0	444	0	0
0	445	255	256
0	446	280	334
0	447	272	273
0	448	725	726
0	449	504	505
0	450	381	382
0	451	476	477
0	452	675	676
0	453	433	434
0	454	231	232
0	455	306	307
0	456	323	324
0	457	321	322
0	458	336	337
0	459	263	264
0	460	513	514
0	461	555	556
0	462	212	281
0	463	265	266
0	464	569	570
0	465	588	589
0	466	379	380
0	467	464	465
0	468	253	254
0	469	0	0
0	470	864	865
0	471	699	700
0	472	917	918
0	473	366	367
0	474	407	408
0	475	348	349
0	476	531	532
0	477	0	0
0	478	236	237
0	479	438	439
0	480	369	370
0	481	0	0
0	482	506	507
0	483	486	487
0	484	666	667
0	485	407	408
0	486	0	0
0	487	0	0
0	488	253	254
0	489	476	477
0	490	448	449
0	491	363	364
0	492	476	477
0	493	483	484
0	494	433	434
0	495	586	587
0	496	545	546
0	497	336	337
0	498	443	444
0	499	486	487
0	500	0	0
0	501	0	0
0	502	424	425
0	503	259	260
0	504	0	0
0	505	0	0
0	506	0	0
0	507	511	512
0	508	451	452
0	509	877	878
0	510	573	574
0	511	528	529
0	512	606	607
0	513	541	542
0	514	564	565
0	515	729	730
0	516	0	0
0	517	438	439
0	518	433	434
0	519	443	444
0	520	396	397
0	521	471	472
0	522	316	317
0	523	476	477
0	524	481	482
0	525	316	317
0	526	511	512
0	527	506	507
0	528	713	714
0	529	775	776
0	530	471	472
0	531	938	939
0	532	613	614
0	533	500	501
0	534	550	551
0	535	610	611
0	536	414	415
0	537	0	0
0	538	648	649
0	539	0	0
0	540	0	0
0	541	0	0
0	542	0	0
0	543	398	399
0	544	495	496
0	545	633	634
0	546	0	0
0	547	409	410
0	548	438	439
0	549	448	449
0	550	579	580
0	551	0	0
0	552	263	264
0	553	293	294
0	554	495	496
0	555	841	842
0	556	0	0
0	557	409	410
0	558	486	487
0	559	911	912
0	560	0	0
0	561	259	260
0	562	545	546
0	563	182	183
0	564	0	0
0	565	0	0
0	566	559	560
0	567	182	183
0	568	564	565
0	569	670	671
0	570	804	805
0	571	515	516
0	572	448	449
0	573	787	788
0	574	0	0
0	575	469	470
0	576	486	487
0	577	316	317
0	578	393	394
0	579	826	827
0	580	718	719
0	581	471	472
0	582	398	399
0	583	0	0
0	584	846	847
0	585	409	410
0	586	0	0
0	587	0	0
0	588	894	895
0	589	646	647
0	590	0	0
0	591	0	0
0	592	689	690
0	593	660	661
0	594	417	418
0	595	206	207
0	596	707	708
0	597	822	823
0	598	483	484
0	599	428	429
0	600	545	546
0	601	586	587
0	602	541	542
0	603	534	535
0	604	301	302
0	605	451	452
0	606	0	0
0	607	686	687
0	608	631	632
0	609	888	889
0	610	0	0
0	611	0	0
0	612	355	356
0	613	0	0
0	614	0	0
0	615	768	769
0	616	756	757
0	617	299	300
0	618	0	0
0	619	0	0
0	620	515	516
0	621	856	857
0	622	0	0
0	623	852	853
0	624	973	974
0	625	608	609
0	626	308	309
0	627	618	619
0	628	417	418
0	629	941	942
0	630	696	697
0	631	829	830
0	632	711	712
0	633	0	0
0	634	0	0
0	635	793	794
0	636	950	951
0	637	242	243
0	638	396	397
0	639	500	501
0	640	631	632
0	641	483	484
0	642	569	570
0	643	242	243
0	644	313	314
0	645	504	505
0	646	744	745
0	647	778	779
0	648	791	792
0	649	651	652
0	650	608	609
0	651	931	932
0	652	0	0
0	653	460	461
0	654	633	634
0	655	531	532
0	656	590	591
0	657	333	658
0	658	0	0
0	659	537	538
0	660	772	773
0	661	748	749
0	662	606	607
0	663	537	538
0	664	621	622
0	665	629	630
0	666	0	0
0	667	0	0
0	668	814	815
0	669	0	0
0	670	0	0
0	671	0	0
0	672	670	671
0	673	272	273
0	674	414	415
0	675	886	887
0	676	800	801
0	677	534	535
0	678	592	593
0	679	618	619
0	680	670	671
0	681	0	0
0	682	866	867
0	683	668	669
0	684	0	0
0	685	732	733
0	686	770	771
0	687	0	0
0	688	670	671
0	689	702	703
0	690	704	705
0	691	528	529
0	692	621	622
0	693	550	551
0	694	606	607
0	695	668	669
0	696	0	0
0	697	0	0
0	698	509	510
0	699	862	863
0	700	835	836
0	701	242	243
0	702	0	0
0	703	0	0
0	704	0	0
0	705	0	0
0	706	646	647
0	707	0	0
0	708	0	0
0	709	586	587
0	710	469	470
0	711	789	790
0	712	721	722
0	713	0	0
0	714	0	0
0	715	590	591
0	716	539	540
0	717	308	309
0	718	0	0
0	719	0	0
0	720	330	331
0	721	0	0
0	722	0	0
0	723	660	661
0	724	583	584
0	725	896	897
0	726	874	875
0	727	424	425
0	728	509	510
0	729	0	0
0	730	0	0
0	731	696	697
0	732	738	739
0	733	0	0
0	734	586	587
0	735	0	0
0	736	0	0
0	737	387	388
0	738	0	0
0	739	0	0
0	740	696	697
0	741	451	452
0	742	618	619
0	743	615	616
0	744	0	0
0	745	0	0
0	746	651	652
0	747	460	461
0	748	764	765
0	749	0	0
0	750	0	0
0	751	0	0
0	752	559	560
0	753	666	667
0	754	579	580
0	755	537	538
0	756	0	0
0	757	0	0
0	758	756	757
0	759	623	624
0	760	783	784
0	761	0	0
0	762	613	614
0	763	528	529
0	764	961	962
0	765	0	0
0	766	610	611
0	767	417	418
0	768	0	0
0	769	0	0
0	770	0	0
0	771	990	991
0	772	958	959
0	773	0	0
0	774	721	722
0	775	0	0
0	776	0	0
0	777	721	722
0	778	780	781
0	779	994	995
0	780	0	0
0	781	903	904
0	782	711	712
0	783	0	0
0	784	923	924
0	785	460	461
0	786	555	556
0	787	798	799
0	788	0	0
0	789	0	0
0	790	963	964
0	791	0	0
0	792	0	0
0	793	808	809
0	794	0	0
0	795	443	444
0	796	718	719
0	797	699	700
0	798	0	0
0	799	0	0
0	800	0	0
0	801	0	0
0	802	606	607
0	803	590	591
0	804	954	955
0	805	0	0
0	806	768	769
0	807	369	370
0	808	892	893
0	809	0	0
0	810	506	507
0	811	699	700
0	812	783	784
0	813	313	314
0	814	0	0
0	815	943	944
0	816	0	0
0	817	0	0
0	818	464	465
0	819	689	690
0	820	732	733
0	821	583	584
0	822	0	0
0	823	0	0
0	824	274	275
0	825	511	512
0	826	0	0
0	827	0	0
0	828	814	815
0	829	0	0
0	830	0	0
0	831	608	609
0	832	793	794
0	833	366	367
0	834	775	776
0	835	0	0
0	836	965	966
0	837	750	751
0	838	770	771
0	839	330	331
0	840	313	314
0	841	0	0
0	842	0	0
0	843	770	771
0	844	0	0
0	845	0	0
0	846	0	0
0	847	0	0
0	848	696	697
0	849	414	415
0	850	750	751
0	851	681	682
0	852	0	0
0	853	0	0
0	854	814	815
0	855	750	751
0	856	0	0
0	857	0	0
0	858	689	690
0	859	531	532
0	860	504	505
0	861	835	836
0	862	0	0
0	863	908	909
0	864	0	0
0	865	0	0
0	866	0	0
0	867	0	0
0	868	826	827
0	869	841	842
0	870	735	736
0	871	702	703
0	872	330	331
0	873	666	667
0	874	0	0
0	875	0	0
0	876	686	687
0	877	898	899
0	878	0	0
0	879	646	647
0	880	436	437
0	881	800	801
0	882	816	817
0	883	428	429
0	884	0	0
0	885	905	906
0	886	0	0
0	887	0	0
0	888	0	0
0	889	0	0
0	890	550	551
0	891	588	589
0	892	0	0
0	893	0	0
0	894	0	0
0	895	0	0
0	896	0	0
0	897	0	0
0	898	0	0
0	899	956	957
0	900	729	730
0	901	780	781
0	902	835	836
0	903	0	0
0	904	0	0
0	905	0	0
0	906	0	0
0	907	436	437
0	908	0	0
0	909	0	0
0	910	829	830
0	911	0	0
0	912	0	0
0	913	253	254
0	914	699	700
0	915	596	597
0	916	793	794
0	917	0	0
0	918	0	0
0	919	772	773
0	920	500	501
0	921	559	560
0	922	511	512
0	923	0	0
0	924	0	0
0	925	729	730
0	926	0	0
0	927	0	0
0	928	808	809
0	929	0	0
0	930	0	0
0	931	0	0
0	932	0	0
0	933	428	429
0	934	588	589
0	935	610	611
0	936	424	425
0	937	583	584
0	938	0	0
0	939	0	0
0	940	884	885
0	941	0	0
0	942	0	0
0	943	0	0
0	944	0	0
0	945	941	942
0	946	892	893
0	947	764	765
0	948	506	507
0	949	545	546
0	950	0	0
0	951	0	0
0	952	615	616
0	953	764	765
0	954	0	0
0	955	981	982
0	956	0	0
0	957	0	0
0	958	0	0
0	959	0	0
0	960	816	817
0	961	0	0
0	962	0	0
0	963	0	0
0	964	0	0
0	965	0	0
0	966	0	0
0	967	504	505
0	968	528	529
0	969	911	912
0	970	657	971
0	971	0	0
0	972	791	792
0	973	0	0
0	974	0	0
0	975	888	889
0	976	896	897
0	977	941	942
0	978	569	570
0	979	713	714
0	980	938	939
0	981	0	0
0	982	0	0
0	983	941	942
0	984	704	705
0	985	744	745
0	986	646	647
0	987	668	669
0	988	841	842
0	989	660	661
0	990	0	0
0	991	0	0
0	992	610	611
0	993	631	632
0	994	0	0
0	995	0	0
0	996	814	815
0	997	852	853
0	998	651	652
0	999	333	658
0	1000	0	0
