11	1	0	0
11	2	1	3
11	3	0	0
11	4	2	5
11	5	8	9
11	6	1	3
11	7	2	5
11	8	0	0
11	9	0	0
11	10	4	11
11	11	38	39
11	12	1	3
11	13	8	9
11	14	10	15
11	15	16	17
11	16	26	27
11	17	32	33
11	18	8	9
11	19	2	5
11	20	8	9
11	21	4	11
11	22	4	11
11	23	4	11
11	24	14	25
11	25	62	63
11	26	34	35
11	27	67	68
11	28	2	5
11	29	14	25
11	30	14	25
11	31	14	25
11	32	81	82
11	33	40	41
11	34	0	0
11	35	0	0
11	36	10	15
11	37	1	3
11	38	69	70
11	39	52	53
11	40	0	0
11	41	0	0
11	42	26	27
11	43	40	41
11	44	32	33
11	45	24	46
11	46	71	72
11	47	26	27
11	48	34	35
11	49	34	35
11	50	32	33
11	51	34	35
11	52	0	0
11	53	0	0
11	54	32	33
11	55	40	41
11	56	26	27
11	57	38	39
11	58	38	39
11	59	52	53
11	60	16	17
11	61	52	53
11	62	0	0
11	63	90	91
11	64	62	63
11	65	52	53
11	66	62	63
11	67	0	0
11	68	0	0
11	69	0	0
11	70	0	0
11	71	84	85
11	72	0	0
11	73	40	41
11	74	38	39
11	75	71	72
11	76	45	77
11	77	0	0
11	78	71	72
11	79	69	70
11	80	67	68
11	81	0	0
11	82	0	0
11	83	10	15
11	84	0	0
11	85	0	0
11	86	24	46
11	87	45	77
11	88	69	70
11	89	10	15
11	90	0	0
11	91	96	97
11	92	16	17
11	93	90	91
11	94	84	85
11	95	67	68
11	96	98	99
11	97	0	0
11	98	0	0
11	99	0	0
11	100	71	72
