36	1	0	0
36	2	1	3
36	3	0	0
36	4	2	5
36	5	12	13
36	6	2	5
36	7	1	3
36	8	2	5
36	9	1	3
36	10	2	5
36	11	1	3
36	12	0	0
36	13	0	0
36	14	4	15
36	15	70	71
36	16	12	13
36	17	12	13
36	18	4	15
36	19	12	13
36	20	14	21
36	21	25	26
36	22	14	21
36	23	14	21
36	24	4	15
36	25	57	58
36	26	46	47
36	27	4	15
36	28	25	26
36	29	20	30
36	30	40	41
36	31	14	21
36	32	20	30
36	33	25	26
36	34	25	26
36	35	29	36
36	36	38	39
36	37	29	36
36	38	43	44
36	39	53	54
36	40	148	149
36	41	181	182
36	42	40	41
36	43	99	100
36	44	62	63
36	45	40	41
36	46	51	52
36	47	153	154
36	48	29	36
36	49	43	44
36	50	29	36
36	51	0	0
36	52	0	0
36	53	95	96
36	54	72	73
36	55	20	30
36	56	46	47
36	57	165	166
36	58	175	176
36	59	57	58
36	60	43	44
36	61	57	58
36	62	217	218
36	63	97	98
36	64	53	54
36	65	62	63
36	66	62	63
36	67	35	68
36	68	85	86
36	69	53	54
36	70	238	239
36	71	74	75
36	72	80	81
36	73	140	141
36	74	0	0
36	75	0	0
36	76	57	58
36	77	40	41
36	78	70	71
36	79	46	47
36	80	123	124
36	81	107	108
36	82	51	52
36	83	67	84
36	84	157	158
36	85	159	160
36	86	128	129
36	87	35	68
36	88	51	52
36	89	53	54
36	90	62	63
36	91	43	44
36	92	35	68
36	93	38	39
36	94	51	52
36	95	101	102
36	96	125	126
36	97	109	110
36	98	104	105
36	99	253	254
36	100	279	280
36	101	116	117
36	102	596	597
36	103	20	30
36	104	0	0
36	105	0	0
36	106	85	86
36	107	0	0
36	108	0	0
36	109	0	0
36	110	0	0
36	111	107	108
36	112	95	96
36	113	97	98
36	114	74	75
36	115	97	98
36	116	0	0
36	117	0	0
36	118	80	81
36	119	74	75
36	120	35	68
36	121	74	75
36	122	107	108
36	123	0	0
36	124	0	0
36	125	135	136
36	126	138	139
36	127	123	124
36	128	195	196
36	129	263	264
36	130	46	47
36	131	128	129
36	132	99	100
36	133	107	108
36	134	109	110
36	135	0	0
36	136	0	0
36	137	80	81
36	138	0	0
36	139	0	0
36	140	246	247
36	141	307	308
36	142	128	129
36	143	138	139
36	144	109	110
36	145	80	81
36	146	101	102
36	147	140	141
36	148	155	156
36	149	314	315
36	150	128	129
36	151	85	86
36	152	38	39
36	153	0	0
36	154	0	0
36	155	199	200
36	156	713	714
36	157	185	186
36	158	192	193
36	159	233	234
36	160	282	283
36	161	116	117
36	162	101	102
36	163	83	164
36	164	445	446
36	165	0	0
36	166	0	0
36	167	104	105
36	168	125	126
36	169	38	39
36	170	163	171
36	171	256	257
36	172	170	173
36	173	736	737
36	174	109	110
36	175	0	0
36	176	0	0
36	177	85	86
36	178	135	136
36	179	163	171
36	180	116	117
36	181	350	351
36	182	189	190
36	183	170	173
36	184	104	105
36	185	302	303
36	186	368	369
36	187	67	84
36	188	140	141
36	189	0	0
36	190	497	498
36	191	125	126
36	192	201	202
36	193	227	228
36	194	192	193
36	195	532	533
36	196	300	301
36	197	72	73
36	198	72	73
36	199	0	0
36	200	0	0
36	201	336	337
36	202	220	221
36	203	123	124
36	204	175	176
36	205	181	182
36	206	67	84
36	207	148	149
36	208	159	160
36	209	163	171
36	210	72	73
36	211	70	71
36	212	189	190
36	213	95	96
36	214	125	126
36	215	135	136
36	216	104	105
36	217	270	271
36	218	305	306
36	219	199	200
36	220	225	226
36	221	244	245
36	222	189	190
36	223	99	100
36	224	99	100
36	225	230	231
36	226	364	365
36	227	319	320
36	228	332	333
36	229	140	141
36	230	268	269
36	231	241	242
36	232	230	231
36	233	378	379
36	234	312	313
36	235	170	173
36	236	153	154
36	237	135	136
36	238	0	0
36	239	0	0
36	240	185	186
36	241	0	0
36	242	0	0
36	243	201	202
36	244	272	273
36	245	277	278
36	246	0	0
36	247	0	0
36	248	189	190
36	249	227	228
36	250	181	182
36	251	67	84
36	252	70	71
36	253	663	664
36	254	258	259
36	255	201	202
36	256	275	276
36	257	0	0
36	258	0	0
36	259	0	0
36	260	159	160
36	261	233	234
36	262	199	200
36	263	321	322
36	264	0	0
36	265	163	171
36	266	155	156
36	267	201	202
36	268	0	0
36	269	0	0
36	270	0	0
36	271	0	0
36	272	483	484
36	273	683	684
36	274	83	164
36	275	459	460
36	276	442	443
36	277	291	292
36	278	0	0
36	279	554	555
36	280	298	299
36	281	165	166
36	282	295	296
36	283	729	730
36	284	220	221
36	285	101	102
36	286	123	124
36	287	275	276
36	288	138	139
36	289	185	186
36	290	279	280
36	291	0	0
36	292	0	0
36	293	195	196
36	294	270	271
36	295	477	478
36	296	327	328
36	297	238	239
36	298	0	0
36	299	0	0
36	300	556	557
36	301	917	918
36	302	357	358
36	303	376	377
36	304	97	98
36	305	0	0
36	306	0	0
36	307	0	0
36	308	0	0
36	309	282	283
36	310	241	242
36	311	233	234
36	312	448	449
36	313	348	349
36	314	393	394
36	315	710	711
36	316	302	303
36	317	192	193
36	318	246	247
36	319	517	518
36	320	391	392
36	321	678	679
36	322	330	331
36	323	295	296
36	324	233	234
36	325	230	231
36	326	312	313
36	327	370	371
36	328	352	353
36	329	185	186
36	330	0	0
36	331	561	562
36	332	466	467
36	333	520	521
36	334	256	257
36	335	138	139
36	336	372	373
36	337	621	622
36	338	95	96
36	339	275	276
36	340	327	328
36	341	298	299
36	342	83	164
36	343	195	196
36	344	165	166
36	345	272	273
36	346	244	245
36	347	238	239
36	348	374	375
36	349	475	476
36	350	429	430
36	351	453	454
36	352	0	0
36	353	0	0
36	354	165	166
36	355	336	337
36	356	327	328
36	357	948	949
36	358	409	410
36	359	116	117
36	360	330	331
36	361	225	226
36	362	227	228
36	363	148	149
36	364	668	669
36	365	386	387
36	366	268	269
36	367	253	254
36	368	895	896
36	369	424	425
36	370	0	0
36	371	0	0
36	372	426	427
36	373	750	751
36	374	0	0
36	375	0	0
36	376	571	572
36	377	847	848
36	378	0	0
36	379	510	511
36	380	256	257
36	381	376	377
36	382	376	377
36	383	192	193
36	384	170	173
36	385	348	349
36	386	0	0
36	387	0	0
36	388	376	377
36	389	295	296
36	390	282	283
36	391	0	0
36	392	688	689
36	393	0	0
36	394	0	0
36	395	227	228
36	396	181	182
36	397	327	328
36	398	348	349
36	399	374	375
36	400	352	353
36	401	370	371
36	402	336	337
36	403	332	333
36	404	330	331
36	405	277	278
36	406	300	301
36	407	199	200
36	408	148	149
36	409	469	470
36	410	433	434
36	411	272	273
36	412	336	337
36	413	305	306
36	414	263	264
36	415	374	375
36	416	357	358
36	417	244	245
36	418	217	218
36	419	225	226
36	420	357	358
36	421	305	306
36	422	246	247
36	423	332	333
36	424	640	641
36	425	529	530
36	426	605	606
36	427	653	654
36	428	300	301
36	429	0	0
36	430	0	0
36	431	253	254
36	432	277	278
36	433	651	652
36	434	0	0
36	435	386	387
36	436	175	176
36	437	282	283
36	438	172	439
36	439	493	494
36	440	433	434
36	441	298	299
36	442	0	0
36	443	618	619
36	444	409	410
36	445	703	704
36	446	451	452
36	447	275	276
36	448	540	541
36	449	501	502
36	450	258	259
36	451	487	488
36	452	0	0
36	453	0	0
36	454	0	0
36	455	386	387
36	456	312	313
36	457	256	257
36	458	238	239
36	459	495	496
36	460	787	788
36	461	319	320
36	462	295	296
36	463	157	158
36	464	253	254
36	465	332	333
36	466	548	549
36	467	827	828
36	468	241	242
36	469	658	659
36	470	591	592
36	471	348	349
36	472	312	313
36	473	350	351
36	474	153	154
36	475	0	0
36	476	0	0
36	477	636	637
36	478	856	857
36	479	277	278
36	480	159	160
36	481	279	280
36	482	258	259
36	483	0	0
36	484	0	0
36	485	263	264
36	486	368	369
36	487	741	742
36	488	0	0
36	489	217	218
36	490	157	158
36	491	475	476
36	492	225	226
36	493	0	0
36	494	701	702
36	495	603	604
36	496	645	646
36	497	0	0
36	498	0	0
36	499	307	308
36	500	314	315
36	501	0	0
36	502	0	0
36	503	495	496
36	504	230	231
36	505	495	496
36	506	493	494
36	507	220	221
36	508	155	156
36	509	217	218
36	510	875	876
36	511	578	579
36	512	258	259
36	513	352	353
36	514	298	299
36	515	445	446
36	516	195	196
36	517	809	810
36	518	527	528
36	519	391	392
36	520	648	649
36	521	630	631
36	522	391	392
36	523	172	439
36	524	244	245
36	525	433	434
36	526	386	387
36	527	583	584
36	528	599	600
36	529	626	627
36	530	811	812
36	531	529	530
36	532	638	639
36	533	587	588
36	534	483	484
36	535	493	494
36	536	270	271
36	537	493	494
36	538	157	158
36	539	393	394
36	540	0	0
36	541	0	0
36	542	364	365
36	543	357	358
36	544	220	221
36	545	291	292
36	546	321	322
36	547	393	394
36	548	565	566
36	549	799	800
36	550	279	280
36	551	409	410
36	552	300	301
36	553	241	242
36	554	0	0
36	555	0	0
36	556	754	755
36	557	0	0
36	558	319	320
36	559	520	521
36	560	469	470
36	561	0	0
36	562	0	0
36	563	246	247
36	564	426	427
36	565	0	0
36	566	0	0
36	567	517	518
36	568	368	369
36	569	540	541
36	570	466	467
36	571	773	774
36	572	614	615
36	573	483	484
36	574	391	392
36	575	571	572
36	576	319	320
36	577	475	476
36	578	0	0
36	579	0	0
36	580	374	375
36	581	517	518
36	582	393	394
36	583	0	0
36	584	0	0
36	585	426	427
36	586	451	452
36	587	0	0
36	588	681	682
36	589	155	156
36	590	364	365
36	591	0	0
36	592	0	0
36	593	475	476
36	594	540	541
36	595	321	322
36	596	0	0
36	597	0	0
36	598	330	331
36	599	0	0
36	600	0	0
36	601	466	467
36	602	469	470
36	603	759	760
36	604	643	644
36	605	0	0
36	606	0	0
36	607	270	271
36	608	291	292
36	609	451	452
36	610	469	470
36	611	175	176
36	612	554	555
36	613	426	427
36	614	929	930
36	615	940	941
36	616	477	478
36	617	442	443
36	618	0	0
36	619	695	696
36	620	448	449
36	621	0	0
36	622	675	676
36	623	268	269
36	624	291	292
36	625	591	592
36	626	744	745
36	627	0	0
36	628	596	597
36	629	429	430
36	630	0	0
36	631	0	0
36	632	272	273
36	633	565	566
36	634	350	351
36	635	548	549
36	636	0	0
36	637	0	0
36	638	733	734
36	639	0	0
36	640	0	0
36	641	900	901
36	642	529	530
36	643	0	0
36	644	0	0
36	645	817	818
36	646	853	854
36	647	578	579
36	648	767	768
36	649	752	753
36	650	571	572
36	651	0	0
36	652	0	0
36	653	0	0
36	654	0	0
36	655	350	351
36	656	645	646
36	657	630	631
36	658	0	0
36	659	0	0
36	660	453	454
36	661	636	637
36	662	368	369
36	663	0	0
36	664	0	0
36	665	630	631
36	666	643	644
36	667	352	353
36	668	0	0
36	669	0	0
36	670	424	425
36	671	527	528
36	672	618	619
36	673	651	652
36	674	651	652
36	675	0	0
36	676	966	967
36	677	621	622
36	678	725	726
36	679	790	791
36	680	424	425
36	681	0	0
36	682	0	0
36	683	0	0
36	684	0	0
36	685	636	637
36	686	626	627
36	687	678	679
36	688	785	786
36	689	898	899
36	690	370	371
36	691	510	511
36	692	364	365
36	693	483	484
36	694	442	443
36	695	833	834
36	696	902	903
36	697	378	379
36	698	605	606
36	699	501	502
36	700	302	303
36	701	0	0
36	702	0	0
36	703	0	0
36	704	882	883
36	705	453	454
36	706	448	449
36	707	643	644
36	708	651	652
36	709	510	511
36	710	0	0
36	711	0	0
36	712	636	637
36	713	0	0
36	714	0	0
36	715	477	478
36	716	520	521
36	717	510	511
36	718	618	619
36	719	532	533
36	720	630	631
36	721	703	704
36	722	459	460
36	723	497	498
36	724	621	622
36	725	0	0
36	726	0	0
36	727	643	644
36	728	725	726
36	729	0	0
36	730	769	770
36	731	603	604
36	732	532	533
36	733	0	0
36	734	0	0
36	735	302	303
36	736	888	889
36	737	871	872
36	738	495	496
36	739	725	726
36	740	599	600
36	741	0	0
36	742	746	747
36	743	540	541
36	744	0	0
36	745	0	0
36	746	814	815
36	747	879	880
36	748	736	737
36	749	517	518
36	750	797	798
36	751	868	869
36	752	0	0
36	753	0	0
36	754	0	0
36	755	0	0
36	756	614	615
36	757	587	588
36	758	591	592
36	759	0	0
36	760	905	906
36	761	725	726
36	762	497	498
36	763	532	533
36	764	688	689
36	765	621	622
36	766	466	467
36	767	0	0
36	768	0	0
36	769	921	922
36	770	0	0
36	771	578	579
36	772	752	753
36	773	783	784
36	774	851	852
36	775	83	164
36	776	618	619
36	777	750	751
36	778	554	555
36	779	591	592
36	780	729	730
36	781	548	549
36	782	701	702
36	783	0	0
36	784	0	0
36	785	0	0
36	786	0	0
36	787	0	0
36	788	861	862
36	789	736	737
36	790	0	0
36	791	0	0
36	792	445	446
36	793	487	488
36	794	314	315
36	795	442	443
36	796	445	446
36	797	0	0
36	798	0	0
36	799	0	0
36	800	0	0
36	801	658	659
36	802	451	452
36	803	268	269
36	804	626	627
36	805	497	498
36	806	681	682
36	807	453	454
36	808	614	615
36	809	0	0
36	810	0	0
36	811	0	0
36	812	819	820
36	813	548	549
36	814	0	0
36	815	0	0
36	816	372	373
36	817	0	0
36	818	0	0
36	819	0	0
36	820	0	0
36	821	638	639
36	822	645	646
36	823	817	818
36	824	305	306
36	825	797	798
36	826	409	410
36	827	0	0
36	828	909	910
36	829	321	322
36	830	769	770
36	831	587	588
36	832	683	684
36	833	840	841
36	834	0	0
36	835	759	760
36	836	645	646
36	837	487	488
36	838	741	742
36	839	648	649
36	840	0	0
36	841	936	937
36	842	578	579
36	843	605	606
36	844	752	753
36	845	811	812
36	846	658	659
36	847	892	893
36	848	0	0
36	849	746	747
36	850	683	684
36	851	0	0
36	852	0	0
36	853	923	924
36	854	0	0
36	855	840	841
36	856	0	0
36	857	0	0
36	858	785	786
36	859	527	528
36	860	668	669
36	861	0	0
36	862	0	0
36	863	853	854
36	864	487	488
36	865	675	676
36	866	703	704
36	867	811	812
36	868	0	0
36	869	0	0
36	870	754	755
36	871	0	0
36	872	946	947
36	873	767	768
36	874	851	852
36	875	0	0
36	876	0	0
36	877	438	878
36	878	0	0
36	879	0	0
36	880	962	963
36	881	675	676
36	882	0	0
36	883	914	915
36	884	433	434
36	885	773	774
36	886	583	584
36	887	767	768
36	888	0	0
36	889	0	0
36	890	799	800
36	891	754	755
36	892	960	961
36	893	0	0
36	894	448	449
36	895	976	977
36	896	0	0
36	897	710	711
36	898	0	0
36	899	0	0
36	900	0	0
36	901	0	0
36	902	912	913
36	903	0	0
36	904	520	521
36	905	0	0
36	906	0	0
36	907	605	606
36	908	750	751
36	909	0	0
36	910	0	0
36	911	905	906
36	912	0	0
36	913	974	975
36	914	990	991
36	915	971	972
36	916	429	430
36	917	0	0
36	918	932	933
36	919	663	664
36	920	875	876
36	921	0	0
36	922	0	0
36	923	938	939
36	924	957	958
36	925	769	770
36	926	861	862
36	927	750	751
36	928	477	478
36	929	0	0
36	930	0	0
36	931	827	828
36	932	0	0
36	933	0	0
36	934	892	893
36	935	785	786
36	936	0	0
36	937	0	0
36	938	0	0
36	939	0	0
36	940	0	0
36	941	0	0
36	942	681	682
36	943	744	745
36	944	827	828
36	945	914	915
36	946	0	0
36	947	0	0
36	948	0	0
36	949	0	0
36	950	948	949
36	951	653	654
36	952	936	937
36	953	898	899
36	954	923	924
36	955	638	639
36	956	372	373
36	957	0	0
36	958	0	0
36	959	799	800
36	960	0	0
36	961	0	0
36	962	0	0
36	963	0	0
36	964	946	947
36	965	948	949
36	966	0	0
36	967	0	0
36	968	898	899
36	969	729	730
36	970	596	597
36	971	0	0
36	972	0	0
36	973	658	659
36	974	0	0
36	975	998	999
36	976	0	0
36	977	0	0
36	978	974	975
36	979	787	788
36	980	556	557
36	981	875	876
36	982	372	373
36	983	895	896
36	984	744	745
36	985	797	798
36	986	741	742
36	987	744	745
36	988	596	597
36	989	733	734
36	990	0	0
36	991	0	0
36	992	172	439
36	993	663	664
36	994	529	530
36	995	703	704
36	996	861	862
36	997	898	899
36	998	0	0
36	999	0	0
36	1000	783	784
