32	1	0	0
32	2	1	3
32	3	0	0
32	4	1	3
32	5	2	6
32	6	8	9
32	7	1	3
32	8	0	0
32	9	0	0
32	10	1	3
32	11	2	6
32	12	5	13
32	13	16	17
32	14	2	6
32	15	8	9
32	16	20	21
32	17	24	25
32	18	8	9
32	19	5	13
32	20	0	0
32	21	0	0
32	22	8	9
32	23	5	13
32	24	0	0
32	25	0	0
32	26	16	17
32	27	5	13
32	28	16	17
32	29	24	25
32	30	2	6
32	31	16	17
32	32	24	25
32	33	20	21
32	34	12	35
32	35	37	38
32	36	12	35
32	37	50	51
32	38	41	42
32	39	20	21
32	40	24	25
32	41	47	48
32	42	43	44
32	43	0	0
32	44	0	0
32	45	20	21
32	46	37	38
32	47	0	0
32	48	0	0
32	49	41	42
32	50	52	53
32	51	57	58
32	52	0	0
32	53	0	0
32	54	43	44
32	55	52	53
32	56	52	53
32	57	0	0
32	58	0	0
32	59	43	44
32	60	12	35
32	61	34	62
32	62	83	84
32	63	43	44
32	64	37	38
32	65	52	53
32	66	37	38
32	67	50	51
32	68	41	42
32	69	57	58
32	70	12	35
32	71	34	62
32	72	50	51
32	73	34	62
32	74	47	48
32	75	47	48
32	76	41	42
32	77	47	48
32	78	50	51
32	79	34	62
32	80	61	81
32	81	143	144
32	82	61	81
32	83	86	87
32	84	114	115
32	85	57	58
32	86	97	98
32	87	128	129
32	88	57	58
32	89	80	90
32	90	107	108
32	91	61	81
32	92	86	87
32	93	80	90
32	94	80	90
32	95	83	84
32	96	80	90
32	97	109	110
32	98	99	100
32	99	0	0
32	100	0	0
32	101	97	98
32	102	61	81
32	103	86	87
32	104	99	100
32	105	86	87
32	106	83	84
32	107	112	113
32	108	166	167
32	109	0	0
32	110	0	0
32	111	83	84
32	112	284	285
32	113	161	162
32	114	121	122
32	115	150	151
32	116	114	115
32	117	112	113
32	118	107	108
32	119	109	110
32	120	107	108
32	121	155	156
32	122	192	193
32	123	114	115
32	124	97	98
32	125	121	122
32	126	107	108
32	127	114	115
32	128	137	138
32	129	146	147
32	130	112	113
32	131	128	129
32	132	128	129
32	133	112	113
32	134	121	122
32	135	89	136
32	136	0	0
32	137	0	0
32	138	0	0
32	139	121	122
32	140	99	100
32	141	137	138
32	142	137	138
32	143	200	201
32	144	204	205
32	145	109	110
32	146	0	0
32	147	0	0
32	148	109	110
32	149	128	129
32	150	237	238
32	151	198	199
32	152	137	138
32	153	135	154
32	154	0	0
32	155	0	0
32	156	0	0
32	157	89	136
32	158	135	154
32	159	89	136
32	160	146	147
32	161	275	276
32	162	168	169
32	163	161	162
32	164	99	100
32	165	143	144
32	166	177	178
32	167	188	189
32	168	0	0
32	169	186	187
32	170	161	162
32	171	155	156
32	172	161	162
32	173	150	151
32	174	166	167
32	175	166	167
32	176	89	136
32	177	0	0
32	178	183	184
32	179	166	167
32	180	168	169
32	181	168	169
32	182	150	151
32	183	0	0
32	184	210	211
32	185	177	178
32	186	195	196
32	187	262	263
32	188	190	191
32	189	208	209
32	190	0	0
32	191	215	216
32	192	0	0
32	193	0	0
32	194	97	98
32	195	0	0
32	196	0	0
32	197	183	184
32	198	0	0
32	199	0	0
32	200	222	223
32	201	235	236
32	202	155	156
32	203	188	189
32	204	212	213
32	205	220	221
32	206	188	189
32	207	177	178
32	208	239	240
32	209	0	0
32	210	0	0
32	211	252	253
32	212	0	0
32	213	0	0
32	214	155	156
32	215	0	0
32	216	290	291
32	217	135	154
32	218	204	205
32	219	177	178
32	220	250	251
32	221	228	229
32	222	0	0
32	223	225	226
32	224	188	189
32	225	256	257
32	226	242	243
32	227	215	216
32	228	0	0
32	229	0	0
32	230	135	154
32	231	183	184
32	232	198	199
32	233	225	226
32	234	150	151
32	235	0	0
32	236	282	283
32	237	0	0
32	238	0	0
32	239	258	259
32	240	279	280
32	241	204	205
32	242	0	0
32	243	0	0
32	244	222	223
32	245	237	238
32	246	215	216
32	247	220	221
32	248	168	169
32	249	228	229
32	250	0	0
32	251	0	0
32	252	0	0
32	253	0	0
32	254	204	205
32	255	235	236
32	256	0	0
32	257	0	0
32	258	0	0
32	259	0	0
32	260	237	238
32	261	237	238
32	262	0	0
32	263	0	0
32	264	256	257
32	265	242	243
32	266	222	223
32	267	235	236
32	268	215	216
32	269	186	187
32	270	225	226
32	271	198	199
32	272	212	213
32	273	143	144
32	274	258	259
32	275	299	300
32	276	288	289
32	277	186	187
32	278	200	201
32	279	0	0
32	280	0	0
32	281	258	259
32	282	0	0
32	283	0	0
32	284	0	0
32	285	0	0
32	286	222	223
32	287	192	193
32	288	295	296
32	289	0	0
32	290	0	0
32	291	0	0
32	292	146	147
32	293	252	253
32	294	195	196
32	295	0	0
32	296	0	0
32	297	212	213
32	298	200	201
32	299	0	0
32	300	0	0
