25	1	0	0
25	2	1	3
25	3	0	0
25	4	2	5
25	5	15	16
25	6	1	3
25	7	1	3
25	8	4	9
25	9	11	12
25	10	4	9
25	11	17	18
25	12	19	20
25	13	2	5
25	14	1	3
25	15	0	0
25	16	0	0
25	17	0	0
25	18	0	0
25	19	0	0
25	20	0	0
25	21	4	9
25	22	4	9
25	23	17	18
25	24	2	5
25	25	17	18
25	26	2	5
25	27	19	20
25	28	11	12
25	29	19	20
25	30	11	12
25	31	8	32
25	32	37	38
25	33	15	16
25	34	11	12
25	35	15	16
25	36	15	16
25	37	114	115
25	38	39	40
25	39	0	0
25	40	58	59
25	41	17	18
25	42	19	20
25	43	39	40
25	44	31	45
25	45	56	57
25	46	37	38
25	47	37	38
25	48	39	40
25	49	44	50
25	50	67	68
25	51	8	32
25	52	49	53
25	53	60	61
25	54	44	50
25	55	37	38
25	56	74	75
25	57	69	70
25	58	0	0
25	59	0	0
25	60	0	0
25	61	112	113
25	62	31	45
25	63	49	53
25	64	52	65
25	65	101	102
25	66	58	59
25	67	0	0
25	68	78	79
25	69	122	123
25	70	76	77
25	71	49	53
25	72	67	68
25	73	39	40
25	74	0	0
25	75	142	143
25	76	0	0
25	77	187	188
25	78	84	85
25	79	82	83
25	80	78	79
25	81	74	75
25	82	108	109
25	83	104	105
25	84	86	87
25	85	110	111
25	86	0	0
25	87	144	145
25	88	84	85
25	89	8	32
25	90	69	70
25	91	60	61
25	92	67	68
25	93	67	68
25	94	56	57
25	95	76	77
25	96	84	85
25	97	82	83
25	98	84	85
25	99	69	70
25	100	8	32
25	101	166	167
25	102	161	162
25	103	49	53
25	104	175	176
25	105	0	0
25	106	78	79
25	107	69	70
25	108	0	0
25	109	170	171
25	110	0	0
25	111	0	0
25	112	0	0
25	113	0	0
25	114	138	139
25	115	120	121
25	116	104	105
25	117	78	79
25	118	64	119
25	119	0	0
25	120	0	0
25	121	0	0
25	122	127	128
25	123	183	184
25	124	120	121
25	125	44	50
25	126	104	105
25	127	0	0
25	128	0	0
25	129	110	111
25	130	114	115
25	131	127	128
25	132	31	45
25	133	86	87
25	134	101	102
25	135	74	75
25	136	58	59
25	137	56	57
25	138	0	0
25	139	0	0
25	140	108	109
25	141	60	61
25	142	153	154
25	143	0	0
25	144	0	0
25	145	0	0
25	146	144	145
25	147	138	139
25	148	120	121
25	149	104	105
25	150	86	87
25	151	110	111
25	152	31	45
25	153	0	0
25	154	0	0
25	155	44	50
25	156	112	113
25	157	114	115
25	158	86	87
25	159	74	75
25	160	108	109
25	161	193	194
25	162	195	196
25	163	142	143
25	164	64	119
25	165	56	57
25	166	0	0
25	167	0	0
25	168	153	154
25	169	120	121
25	170	0	0
25	171	0	0
25	172	114	115
25	173	64	119
25	174	101	102
25	175	0	0
25	176	0	0
25	177	52	65
25	178	76	77
25	179	153	154
25	180	110	111
25	181	161	162
25	182	76	77
25	183	0	0
25	184	0	0
25	185	175	176
25	186	112	113
25	187	0	0
25	188	0	0
25	189	82	83
25	190	161	162
25	191	122	123
25	192	64	119
25	193	0	0
25	194	0	0
25	195	0	0
25	196	0	0
25	197	183	184
25	198	170	171
25	199	58	59
25	200	153	154
