44	1	0	0
44	2	1	3
44	3	0	0
44	4	1	3
44	5	2	6
44	6	8	9
44	7	1	3
44	8	0	0
44	9	0	0
44	10	8	9
44	11	2	6
44	12	2	6
44	13	2	6
44	14	8	9
44	15	5	16
44	16	18	19
44	17	8	9
44	18	97	98
44	19	46	47
44	20	15	21
44	21	23	24
44	22	1	3
44	23	28	29
44	24	26	27
44	25	5	16
44	26	33	34
44	27	42	43
44	28	70	71
44	29	30	31
44	30	0	0
44	31	0	0
44	32	28	29
44	33	0	0
44	34	0	0
44	35	5	16
44	36	15	21
44	37	15	21
44	38	26	27
44	39	23	24
44	40	5	16
44	41	15	21
44	42	0	0
44	43	0	0
44	44	26	27
44	45	33	34
44	46	0	0
44	47	0	0
44	48	18	19
44	49	18	19
44	50	18	19
44	51	26	27
44	52	30	31
44	53	20	54
44	54	87	88
44	55	20	54
44	56	28	29
44	57	20	54
44	58	33	34
44	59	53	60
44	60	85	86
44	61	46	47
44	62	59	63
44	63	68	69
44	64	23	24
44	65	46	47
44	66	33	34
44	67	46	47
44	68	82	83
44	69	103	104
44	70	0	0
44	71	0	0
44	72	23	24
44	73	53	60
44	74	59	63
44	75	59	63
44	76	30	31
44	77	53	60
44	78	59	63
44	79	68	69
44	80	53	60
44	81	28	29
44	82	90	91
44	83	171	172
44	84	68	69
44	85	0	0
44	86	99	100
44	87	131	132
44	88	107	108
44	89	42	43
44	90	0	0
44	91	92	93
44	92	0	0
44	93	94	95
44	94	148	149
44	95	0	0
44	96	94	95
44	97	0	0
44	98	0	0
44	99	182	183
44	100	0	0
44	101	94	95
44	102	85	86
44	103	111	112
44	104	0	0
44	105	42	43
44	106	87	88
44	107	0	0
44	108	158	159
44	109	62	110
44	110	114	115
44	111	144	145
44	112	127	128
44	113	90	91
44	114	160	161
44	115	116	117
44	116	133	134
44	117	150	151
44	118	87	88
44	119	20	54
44	120	111	112
44	121	103	104
44	122	92	93
44	123	99	100
44	124	92	93
44	125	109	126
44	126	0	0
44	127	139	140
44	128	0	0
44	129	70	71
44	130	97	98
44	131	136	137
44	132	166	167
44	133	163	164
44	134	0	0
44	135	92	93
44	136	0	0
44	137	0	0
44	138	107	108
44	139	0	0
44	140	0	0
44	141	94	95
44	142	90	91
44	143	42	43
44	144	0	0
44	145	180	181
44	146	139	140
44	147	139	140
44	148	0	0
44	149	0	0
44	150	0	0
44	151	0	0
44	152	133	134
44	153	148	149
44	154	148	149
44	155	133	134
44	156	82	83
44	157	68	69
44	158	0	0
44	159	0	0
44	160	194	195
44	161	0	0
44	162	62	110
44	163	184	185
44	164	0	0
44	165	30	31
44	166	199	200
44	167	0	0
44	168	114	115
44	169	133	134
44	170	99	100
44	171	0	0
44	172	0	0
44	173	70	71
44	174	85	86
44	175	82	83
44	176	90	91
44	177	116	117
44	178	131	132
44	179	62	110
44	180	0	0
44	181	188	189
44	182	0	0
44	183	0	0
44	184	0	0
44	185	0	0
44	186	85	86
44	187	160	161
44	188	0	0
44	189	0	0
44	190	150	151
44	191	150	151
44	192	148	149
44	193	82	83
44	194	0	0
44	195	196	197
44	196	0	0
44	197	0	0
44	198	184	185
44	199	0	0
44	200	0	0
