9	1	0	0
9	2	1	3
9	3	0	0
9	4	2	5
9	5	6	7
9	6	0	0
9	7	0	0
9	8	2	5
9	9	2	5
9	10	6	7
9	11	2	5
9	12	4	13
9	13	53	54
9	14	4	13
9	15	12	16
9	16	18	19
9	17	4	13
9	18	23	24
9	19	27	28
9	20	12	16
9	21	6	7
9	22	12	16
9	23	29	30
9	24	64	65
9	25	18	19
9	26	23	24
9	27	75	76
9	28	41	42
9	29	0	0
9	30	0	0
9	31	18	19
9	32	29	30
9	33	27	28
9	34	23	24
9	35	12	16
9	36	15	37
9	37	72	73
9	38	29	30
9	39	27	28
9	40	4	13
9	41	0	0
9	42	0	0
9	43	1	3
9	44	6	7
9	45	15	37
9	46	18	19
9	47	15	37
9	48	15	37
9	49	1	3
9	50	36	51
9	51	96	97
9	52	29	30
9	53	83	84
9	54	62	63
9	55	53	54
9	56	27	28
9	57	36	51
9	58	53	54
9	59	1	3
9	60	36	51
9	61	23	24
9	62	0	0
9	63	0	0
9	64	0	0
9	65	0	0
9	66	36	51
9	67	62	63
9	68	41	42
9	69	53	54
9	70	41	42
9	71	64	65
9	72	78	79
9	73	87	88
9	74	72	73
9	75	0	0
9	76	0	0
9	77	64	65
9	78	98	99
9	79	0	0
9	80	64	65
9	81	72	73
9	82	75	76
9	83	0	0
9	84	0	0
9	85	72	73
9	86	62	63
9	87	0	0
9	88	91	92
9	89	83	84
9	90	75	76
9	91	0	0
9	92	0	0
9	93	91	92
9	94	41	42
9	95	78	79
9	96	0	0
9	97	0	0
9	98	0	0
9	99	0	0
9	100	96	97
