48	1	0	0
48	2	1	3
48	3	0	0
48	4	1	3
48	5	1	3
48	6	1	3
48	7	2	8
48	8	10	11
48	9	2	8
48	10	0	0
48	11	0	0
48	12	2	8
48	13	10	11
48	14	10	11
48	15	7	16
48	16	24	25
48	17	15	18
48	18	31	32
48	19	15	18
48	20	10	11
48	21	2	8
48	22	15	18
48	23	15	18
48	24	37	38
48	25	62	63
48	26	17	27
48	27	73	74
48	28	7	16
48	29	7	16
48	30	17	27
48	31	33	34
48	32	47	48
48	33	0	0
48	34	41	42
48	35	31	32
48	36	31	32
48	37	0	0
48	38	0	0
48	39	7	16
48	40	33	34
48	41	0	0
48	42	0	0
48	43	17	27
48	44	31	32
48	45	41	42
48	46	17	27
48	47	0	0
48	48	50	51
48	49	41	42
48	50	0	0
48	51	0	0
48	52	26	53
48	53	0	0
48	54	52	55
48	55	79	80
48	56	54	57
48	57	77	78
48	58	47	48
48	59	41	42
48	60	37	38
48	61	33	34
48	62	0	0
48	63	0	0
48	64	33	34
48	65	37	38
48	66	54	57
48	67	26	53
48	68	24	25
48	69	26	53
48	70	54	57
48	71	54	57
48	72	26	53
48	73	84	85
48	74	0	0
48	75	47	48
48	76	24	25
48	77	0	0
48	78	91	92
48	79	0	0
48	80	0	0
48	81	62	63
48	82	79	80
48	83	62	63
48	84	89	90
48	85	0	0
48	86	50	51
48	87	84	85
48	88	84	85
48	89	0	0
48	90	0	0
48	91	0	0
48	92	0	0
48	93	77	78
48	94	56	95
48	95	97	98
48	96	89	90
48	97	0	0
48	98	0	0
48	99	37	38
48	100	91	92
