41	1	0	0
41	2	1	3
41	3	0	0
41	4	1	3
41	5	1	3
41	6	1	3
41	7	2	8
41	8	39	40
41	9	2	8
41	10	7	11
41	11	12	13
41	12	21	22
41	13	18	19
41	14	10	15
41	15	35	36
41	16	2	8
41	17	10	15
41	18	0	0
41	19	0	0
41	20	18	19
41	21	0	0
41	22	0	0
41	23	12	13
41	24	12	13
41	25	7	11
41	26	18	19
41	27	21	22
41	28	21	22
41	29	10	15
41	30	14	31
41	31	47	48
41	32	18	19
41	33	14	31
41	34	14	31
41	35	51	52
41	36	0	0
41	37	21	22
41	38	7	11
41	39	0	0
41	40	0	0
41	41	2	8
41	42	39	40
41	43	39	40
41	44	7	11
41	45	35	36
41	46	39	40
41	47	65	66
41	48	74	75
41	49	10	15
41	50	14	31
41	51	62	63
41	52	55	56
41	53	30	54
41	54	96	97
41	55	0	0
41	56	0	0
41	57	47	48
41	58	51	52
41	59	55	56
41	60	51	52
41	61	30	54
41	62	0	0
41	63	0	0
41	64	51	52
41	65	0	0
41	66	77	78
41	67	53	68
41	68	0	0
41	69	53	68
41	70	47	48
41	71	12	13
41	72	53	68
41	73	62	63
41	74	80	81
41	75	84	85
41	76	35	36
41	77	82	83
41	78	86	87
41	79	30	54
41	80	94	95
41	81	98	99
41	82	0	0
41	83	0	0
41	84	0	0
41	85	0	0
41	86	0	0
41	87	0	0
41	88	65	66
41	89	30	54
41	90	35	36
41	91	62	63
41	92	80	81
41	93	62	63
41	94	0	0
41	95	0	0
41	96	0	0
41	97	0	0
41	98	0	0
41	99	0	0
41	100	86	87
