45	1	0	0
45	2	1	3
45	3	0	0
45	4	1	3
45	5	1	3
45	6	1	3
45	7	2	8
45	8	12	13
45	9	2	8
45	10	2	8
45	11	2	8
45	12	0	0
45	13	0	0
45	14	12	13
45	15	7	16
45	16	24	25
45	17	7	16
45	18	7	16
45	19	7	16
45	20	12	13
45	21	12	13
45	22	15	23
45	23	30	31
45	24	26	27
45	25	67	68
45	26	0	0
45	27	0	0
45	28	24	25
45	29	24	25
45	30	39	40
45	31	49	50
45	32	30	31
45	33	22	34
45	34	42	43
45	35	30	31
45	36	15	23
45	37	30	31
45	38	15	23
45	39	84	85
45	40	75	76
45	41	39	40
45	42	96	97
45	43	47	48
45	44	42	43
45	45	42	43
45	46	15	23
45	47	71	72
45	48	203	204
45	49	57	58
45	50	107	108
45	51	24	25
45	52	42	43
45	53	49	50
45	54	26	27
45	55	49	50
45	56	22	34
45	57	0	0
45	58	0	0
45	59	26	27
45	60	26	27
45	61	22	34
45	62	39	40
45	63	57	58
45	64	47	48
45	65	22	34
45	66	39	40
45	67	0	0
45	68	0	0
45	69	47	48
45	70	57	58
45	71	81	82
45	72	77	78
45	73	71	72
45	74	71	72
45	75	0	0
45	76	0	0
45	77	0	0
45	78	0	0
45	79	49	50
45	80	71	72
45	81	0	0
45	82	0	0
45	83	77	78
45	84	0	0
45	85	0	0
45	86	47	48
45	87	77	78
45	88	84	85
45	89	57	58
45	90	67	68
45	91	75	76
45	92	81	82
45	93	67	68
45	94	84	85
45	95	75	76
45	96	131	132
45	97	99	100
45	98	81	82
45	99	101	102
45	100	116	117
45	101	0	0
45	102	0	0
45	103	81	82
45	104	101	102
45	105	33	106
45	106	125	126
45	107	0	0
45	108	0	0
45	109	101	102
45	110	75	76
45	111	77	78
45	112	67	68
45	113	99	100
45	114	84	85
45	115	33	106
45	116	0	0
45	117	0	0
45	118	96	97
45	119	99	100
45	120	116	117
45	121	33	106
45	122	33	106
45	123	99	100
45	124	101	102
45	125	230	231
45	126	151	152
45	127	107	108
45	128	96	97
45	129	96	97
45	130	107	108
45	131	153	154
45	132	195	196
45	133	116	117
45	134	105	135
45	135	165	166
45	136	105	135
45	137	131	132
45	138	131	132
45	139	125	126
45	140	116	117
45	141	134	142
45	142	175	176
45	143	125	126
45	144	105	135
45	145	125	126
45	146	134	142
45	147	134	142
45	148	134	142
45	149	107	108
45	150	131	132
45	151	217	218
45	152	171	172
45	153	0	0
45	154	0	0
45	155	141	156
45	156	162	163
45	157	141	156
45	158	155	159
45	159	177	178
45	160	105	135
45	161	153	154
45	162	214	215
45	163	379	380
45	164	153	154
45	165	169	170
45	166	256	257
45	167	162	163
45	168	165	166
45	169	258	259
45	170	249	250
45	171	179	180
45	172	181	182
45	173	151	152
45	174	171	172
45	175	277	278
45	176	192	193
45	177	300	301
45	178	219	220
45	179	185	186
45	180	201	202
45	181	630	631
45	182	210	211
45	183	175	176
45	184	181	182
45	185	0	0
45	186	0	0
45	187	169	170
45	188	141	156
45	189	181	182
45	190	165	166
45	191	151	152
45	192	326	327
45	193	665	666
45	194	155	159
45	195	0	0
45	196	0	0
45	197	162	163
45	198	169	170
45	199	179	180
45	200	177	178
45	201	0	0
45	202	0	0
45	203	225	226
45	204	245	246
45	205	151	152
45	206	192	193
45	207	153	154
45	208	162	163
45	209	203	204
45	210	0	0
45	211	0	0
45	212	169	170
45	213	203	204
45	214	290	291
45	215	232	233
45	216	141	156
45	217	227	228
45	218	251	252
45	219	234	235
45	220	850	851
45	221	219	220
45	222	165	166
45	223	185	186
45	224	201	202
45	225	0	0
45	226	0	0
45	227	417	418
45	228	427	428
45	229	219	220
45	230	254	255
45	231	328	329
45	232	247	248
45	233	242	243
45	234	279	280
45	235	263	264
45	236	179	180
45	237	217	218
45	238	155	159
45	239	195	196
45	240	192	193
45	241	217	218
45	242	322	323
45	243	360	361
45	244	195	196
45	245	0	0
45	246	0	0
45	247	260	261
45	248	391	392
45	249	431	432
45	250	272	273
45	251	410	411
45	252	386	387
45	253	249	250
45	254	354	355
45	255	319	320
45	256	349	350
45	257	284	285
45	258	377	378
45	259	383	384
45	260	313	314
45	261	447	448
45	262	225	226
45	263	281	282
45	264	915	916
45	265	203	204
45	266	232	233
45	267	232	233
45	268	249	250
45	269	260	261
45	270	219	220
45	271	242	243
45	272	293	294
45	273	491	492
45	274	256	257
45	275	258	259
45	276	251	252
45	277	637	638
45	278	286	287
45	279	512	513
45	280	395	396
45	281	393	394
45	282	780	781
45	283	256	257
45	284	522	523
45	285	420	421
45	286	337	338
45	287	298	299
45	288	158	289
45	289	303	304
45	290	458	459
45	291	330	331
45	292	185	186
45	293	315	316
45	294	866	867
45	295	225	226
45	296	232	233
45	297	263	264
45	298	0	0
45	299	518	519
45	300	859	860
45	301	955	956
45	302	214	215
45	303	311	312
45	304	364	365
45	305	256	257
45	306	225	226
45	307	279	280
45	308	230	231
45	309	195	196
45	310	286	287
45	311	703	704
45	312	503	504
45	313	402	403
45	314	324	325
45	315	0	0
45	316	0	0
45	317	227	228
45	318	251	252
45	319	335	336
45	320	0	0
45	321	210	211
45	322	0	0
45	323	735	736
45	324	0	0
45	325	399	400
45	326	485	486
45	327	0	0
45	328	594	595
45	329	429	430
45	330	744	745
45	331	346	347
45	332	263	264
45	333	175	176
45	334	214	215
45	335	0	0
45	336	0	0
45	337	0	0
45	338	0	0
45	339	230	231
45	340	217	218
45	341	251	252
45	342	263	264
45	343	272	273
45	344	230	231
45	345	272	273
45	346	351	352
45	347	0	0
45	348	330	331
45	349	487	488
45	350	0	0
45	351	0	0
45	352	369	370
45	353	245	246
45	354	413	414
45	355	767	768
45	356	254	255
45	357	349	350
45	358	254	255
45	359	260	261
45	360	508	509
45	361	367	368
45	362	158	289
45	363	158	289
45	364	505	506
45	365	685	686
45	366	247	248
45	367	501	502
45	368	543	544
45	369	389	390
45	370	606	607
45	371	337	338
45	372	364	365
45	373	303	304
45	374	281	282
45	375	326	327
45	376	284	285
45	377	483	484
45	378	405	406
45	379	475	476
45	380	566	567
45	381	179	180
45	382	313	314
45	383	562	563
45	384	693	694
45	385	279	280
45	386	0	0
45	387	0	0
45	388	249	250
45	389	0	0
45	390	0	0
45	391	480	481
45	392	656	657
45	393	0	0
45	394	493	494
45	395	0	0
45	396	0	0
45	397	351	352
45	398	367	368
45	399	0	0
45	400	0	0
45	401	389	390
45	402	439	440
45	403	683	684
45	404	272	273
45	405	433	434
45	406	597	598
45	407	349	350
45	408	192	193
45	409	300	301
45	410	0	0
45	411	0	0
45	412	155	159
45	413	0	0
45	414	0	0
45	415	402	403
45	416	293	294
45	417	0	0
45	418	0	0
45	419	354	355
45	420	0	0
45	421	515	516
45	422	393	394
45	423	284	285
45	424	417	418
45	425	386	387
45	426	367	368
45	427	0	0
45	428	0	0
45	429	654	655
45	430	573	574
45	431	644	645
45	432	569	570
45	433	0	0
45	434	0	0
45	435	227	228
45	436	227	228
45	437	242	243
45	438	277	278
45	439	0	0
45	440	0	0
45	441	324	325
45	442	254	255
45	443	433	434
45	444	201	202
45	445	300	301
45	446	328	329
45	447	764	765
45	448	0	0
45	449	158	289
45	450	311	312
45	451	433	434
45	452	399	400
45	453	429	430
45	454	346	347
45	455	417	418
45	456	234	235
45	457	399	400
45	458	462	463
45	459	0	0
45	460	431	432
45	461	185	186
45	462	0	0
45	463	580	581
45	464	447	448
45	465	277	278
45	466	214	215
45	467	389	390
45	468	379	380
45	469	420	421
45	470	369	370
45	471	395	396
45	472	290	291
45	473	175	176
45	474	364	365
45	475	0	0
45	476	551	552
45	477	284	285
45	478	210	211
45	479	458	459
45	480	725	726
45	481	705	706
45	482	234	235
45	483	534	535
45	484	778	779
45	485	495	496
45	486	788	789
45	487	0	0
45	488	0	0
45	489	177	178
45	490	462	463
45	491	0	0
45	492	708	709
45	493	901	902
45	494	0	0
45	495	547	548
45	496	600	601
45	497	402	403
45	498	303	304
45	499	245	246
45	500	311	312
45	501	823	824
45	502	843	844
45	503	0	0
45	504	880	881
45	505	695	696
45	506	582	583
45	507	393	394
45	508	886	887
45	509	0	0
45	510	458	459
45	511	300	301
45	512	616	617
45	513	628	629
45	514	326	327
45	515	0	0
45	516	529	530
45	517	260	261
45	518	909	910
45	519	856	857
45	520	360	361
45	521	234	235
45	522	883	884
45	523	0	0
45	524	417	418
45	525	303	304
45	526	290	291
45	527	290	291
45	528	405	406
45	529	0	0
45	530	0	0
45	531	288	532
45	532	718	719
45	533	313	314
45	534	0	0
45	535	0	0
45	536	495	496
45	537	391	392
45	538	383	384
45	539	480	481
45	540	258	259
45	541	389	390
45	542	335	336
45	543	0	0
45	544	996	997
45	545	364	365
45	546	402	403
45	547	0	0
45	548	0	0
45	549	298	299
45	550	462	463
45	551	0	0
45	552	585	586
45	553	512	513
45	554	277	278
45	555	431	432
45	556	311	312
45	557	326	327
45	558	293	294
45	559	379	380
45	560	487	488
45	561	369	370
45	562	634	635
45	563	920	921
45	564	547	548
45	565	458	459
45	566	680	681
45	567	0	0
45	568	508	509
45	569	0	0
45	570	0	0
45	571	247	248
45	572	495	496
45	573	0	0
45	574	0	0
45	575	462	463
45	576	324	325
45	577	429	430
45	578	569	570
45	579	367	368
45	580	0	0
45	581	619	620
45	582	649	650
45	583	673	674
45	584	582	583
45	585	836	837
45	586	0	0
45	587	391	392
45	588	247	248
45	589	379	380
45	590	582	583
45	591	495	496
45	592	354	355
45	593	210	211
45	594	0	0
45	595	612	613
45	596	288	532
45	597	0	0
45	598	0	0
45	599	410	411
45	600	625	626
45	601	0	0
45	602	245	246
45	603	427	428
45	604	315	316
45	605	315	316
45	606	0	0
45	607	0	0
45	608	485	486
45	609	580	581
45	610	354	355
45	611	281	282
45	612	0	0
45	613	0	0
45	614	410	411
45	615	427	428
45	616	854	855
45	617	0	0
45	618	597	598
45	619	960	961
45	620	668	669
45	621	413	414
45	622	313	314
45	623	518	519
45	624	242	243
45	625	0	0
45	626	0	0
45	627	410	411
45	628	863	864
45	629	775	776
45	630	0	0
45	631	0	0
45	632	427	428
45	633	346	347
45	634	0	0
45	635	0	0
45	636	298	299
45	637	0	0
45	638	0	0
45	639	637	638
45	640	637	638
45	641	383	384
45	642	515	516
45	643	585	586
45	644	0	0
45	645	0	0
45	646	619	620
45	647	644	645
45	648	337	338
45	649	651	652
45	650	894	895
45	651	701	702
45	652	678	679
45	653	335	336
45	654	0	0
45	655	0	0
45	656	0	0
45	657	0	0
45	658	580	581
45	659	634	635
45	660	531	661
45	661	0	0
45	662	597	598
45	663	177	178
45	664	534	535
45	665	817	818
45	666	937	938
45	667	600	601
45	668	0	0
45	669	0	0
45	670	447	448
45	671	293	294
45	672	656	657
45	673	989	990
45	674	957	958
45	675	337	338
45	676	665	666
45	677	429	430
45	678	0	0
45	679	871	872
45	680	691	692
45	681	0	0
45	682	431	432
45	683	0	0
45	684	0	0
45	685	918	919
45	686	785	786
45	687	634	635
45	688	447	448
45	689	619	620
45	690	420	421
45	691	711	712
45	692	697	698
45	693	831	832
45	694	0	0
45	695	793	794
45	696	952	953
45	697	800	801
45	698	0	0
45	699	695	696
45	700	491	492
45	701	0	0
45	702	861	862
45	703	985	986
45	704	723	724
45	705	733	734
45	706	0	0
45	707	281	282
45	708	0	0
45	709	0	0
45	710	654	655
45	711	0	0
45	712	795	796
45	713	531	661
45	714	691	692
45	715	616	617
45	716	693	694
45	717	298	299
45	718	806	807
45	719	827	828
45	720	171	172
45	721	503	504
45	722	691	692
45	723	0	0
45	724	0	0
45	725	0	0
45	726	761	762
45	727	258	259
45	728	711	712
45	729	649	650
45	730	660	731
45	731	0	0
45	732	181	182
45	733	0	0
45	734	0	0
45	735	852	853
45	736	0	0
45	737	512	513
45	738	644	645
45	739	730	740
45	740	0	0
45	741	705	706
45	742	569	570
45	743	491	492
45	744	0	0
45	745	0	0
45	746	634	635
45	747	606	607
45	748	725	726
45	749	543	544
45	750	693	694
45	751	649	650
45	752	703	704
45	753	733	734
45	754	678	679
45	755	531	661
45	756	399	400
45	757	360	361
45	758	386	387
45	759	522	523
45	760	625	626
45	761	0	0
45	762	0	0
45	763	723	724
45	764	0	0
45	765	948	949
45	766	665	666
45	767	0	0
45	768	0	0
45	769	685	686
45	770	279	280
45	771	625	626
45	772	171	172
45	773	718	719
45	774	668	669
45	775	0	0
45	776	928	929
45	777	288	532
45	778	0	0
45	779	0	0
45	780	0	0
45	781	0	0
45	782	534	535
45	783	346	347
45	784	503	504
45	785	841	842
45	786	0	0
45	787	582	583
45	788	0	0
45	789	798	799
45	790	420	421
45	791	708	709
45	792	391	392
45	793	0	0
45	794	0	0
45	795	0	0
45	796	0	0
45	797	569	570
45	798	825	826
45	799	0	0
45	800	0	0
45	801	0	0
45	802	654	655
45	803	566	567
45	804	673	674
45	805	573	574
45	806	0	0
45	807	0	0
45	808	764	765
45	809	501	502
45	810	654	655
45	811	360	361
45	812	485	486
45	813	386	387
45	814	656	657
45	815	723	724
45	816	637	638
45	817	0	0
45	818	907	908
45	819	612	613
45	820	703	704
45	821	508	509
45	822	485	486
45	823	0	0
45	824	0	0
45	825	0	0
45	826	0	0
45	827	0	0
45	828	0	0
45	829	785	786
45	830	201	202
45	831	0	0
45	832	0	0
45	833	288	532
45	834	606	607
45	835	697	698
45	836	873	874
45	837	0	0
45	838	547	548
45	839	827	828
45	840	644	645
45	841	891	892
45	842	0	0
45	843	0	0
45	844	0	0
45	845	823	824
45	846	562	563
45	847	328	329
45	848	597	598
45	849	806	807
45	850	0	0
45	851	972	973
45	852	923	924
45	853	0	0
45	854	0	0
45	855	0	0
45	856	0	0
45	857	0	0
45	858	788	789
45	859	904	905
45	860	935	936
45	861	888	889
45	862	0	0
45	863	0	0
45	864	0	0
45	865	503	504
45	866	0	0
45	867	0	0
45	868	693	694
45	869	725	726
45	870	529	530
45	871	0	0
45	872	0	0
45	873	0	0
45	874	0	0
45	875	788	789
45	876	649	650
45	877	843	844
45	878	795	796
45	879	351	352
45	880	0	0
45	881	977	978
45	882	433	434
45	883	0	0
45	884	964	965
45	885	827	828
45	886	966	967
45	887	0	0
45	888	0	0
45	889	0	0
45	890	491	492
45	891	931	932
45	892	0	0
45	893	529	530
45	894	987	988
45	895	0	0
45	896	315	316
45	897	695	696
45	898	566	567
45	899	795	796
45	900	806	807
45	901	999	1000
45	902	0	0
45	903	778	779
45	904	911	912
45	905	0	0
45	906	861	862
45	907	0	0
45	908	0	0
45	909	0	0
45	910	0	0
45	911	0	0
45	912	0	0
45	913	531	661
45	914	651	652
45	915	0	0
45	916	962	963
45	917	836	837
45	918	0	0
45	919	0	0
45	920	0	0
45	921	0	0
45	922	651	652
45	923	0	0
45	924	0	0
45	925	823	824
45	926	612	613
45	927	850	851
45	928	0	0
45	929	0	0
45	930	594	595
45	931	0	0
45	932	0	0
45	933	909	910
45	934	915	916
45	935	0	0
45	936	0	0
45	937	0	0
45	938	0	0
45	939	330	331
45	940	606	607
45	941	823	824
45	942	831	832
45	943	505	506
45	944	866	867
45	945	566	567
45	946	907	908
45	947	793	794
45	948	0	0
45	949	0	0
45	950	744	745
45	951	859	860
45	952	0	0
45	953	0	0
45	954	393	394
45	955	0	0
45	956	0	0
45	957	0	0
45	958	0	0
45	959	483	484
45	960	0	0
45	961	0	0
45	962	0	0
45	963	0	0
45	964	0	0
45	965	0	0
45	966	0	0
45	967	0	0
45	968	656	657
45	969	761	762
45	970	909	910
45	971	683	684
45	972	0	0
45	973	0	0
45	974	383	384
45	975	911	912
45	976	673	674
45	977	0	0
45	978	0	0
45	979	920	921
45	980	660	731
45	981	904	905
45	982	668	669
45	983	856	857
45	984	585	586
45	985	0	0
45	986	0	0
45	987	0	0
45	988	0	0
45	989	0	0
45	990	0	0
45	991	630	631
45	992	651	652
45	993	718	719
45	994	744	745
45	995	957	958
45	996	0	0
45	997	0	0
45	998	923	924
45	999	0	0
45	1000	0	0
