22	1	0	0
22	2	1	3
22	3	0	0
22	4	1	3
22	5	1	3
22	6	1	3
22	7	2	8
22	8	14	15
22	9	7	10
22	10	32	33
22	11	9	12
22	12	24	25
22	13	7	10
22	14	0	0
22	15	0	0
22	16	9	12
22	17	7	10
22	18	9	12
22	19	14	15
22	20	9	12
22	21	2	8
22	22	11	23
22	23	73	74
22	24	58	59
22	25	38	39
22	26	11	23
22	27	24	25
22	28	7	10
22	29	11	23
22	30	2	8
22	31	11	23
22	32	36	37
22	33	131	132
22	34	14	15
22	35	24	25
22	36	0	0
22	37	0	0
22	38	52	53
22	39	260	261
22	40	38	39
22	41	14	15
22	42	38	39
22	43	32	33
22	44	36	37
22	45	22	46
22	46	48	49
22	47	22	46
22	48	86	87
22	49	54	55
22	50	38	39
22	51	24	25
22	52	0	0
22	53	0	0
22	54	101	102
22	55	60	61
22	56	32	33
22	57	32	33
22	58	65	66
22	59	84	85
22	60	63	64
22	61	69	70
22	62	2	8
22	63	92	93
22	64	75	76
22	65	0	0
22	66	0	0
22	67	54	55
22	68	65	66
22	69	0	0
22	70	158	159
22	71	45	72
22	72	103	104
22	73	226	227
22	74	0	0
22	75	0	0
22	76	0	0
22	77	36	37
22	78	52	53
22	79	65	66
22	80	73	74
22	81	65	66
22	82	48	49
22	83	63	64
22	84	0	0
22	85	0	0
22	86	123	124
22	87	96	97
22	88	84	85
22	89	60	61
22	90	75	76
22	91	48	49
22	92	0	0
22	93	0	0
22	94	84	85
22	95	45	72
22	96	126	127
22	97	112	113
22	98	84	85
22	99	63	64
22	100	63	64
22	101	140	141
22	102	147	148
22	103	144	145
22	104	180	181
22	105	45	72
22	106	45	72
22	107	22	46
22	108	101	102
22	109	58	59
22	110	22	46
22	111	52	53
22	112	0	0
22	113	215	216
22	114	92	93
22	115	101	102
22	116	69	70
22	117	69	70
22	118	73	74
22	119	75	76
22	120	112	113
22	121	73	74
22	122	60	61
22	123	0	0
22	124	0	0
22	125	112	113
22	126	232	233
22	127	188	189
22	128	58	59
22	129	103	104
22	130	96	97
22	131	0	0
22	132	0	0
22	133	48	49
22	134	126	127
22	135	52	53
22	136	131	132
22	137	86	87
22	138	60	61
22	139	96	97
22	140	0	0
22	141	169	170
22	142	126	127
22	143	75	76
22	144	152	153
22	145	224	225
22	146	140	141
22	147	0	0
22	148	277	278
22	149	126	127
22	150	123	124
22	151	58	59
22	152	0	0
22	153	161	162
22	154	147	148
22	155	96	97
22	156	147	148
22	157	140	141
22	158	0	0
22	159	0	0
22	160	112	113
22	161	173	174
22	162	191	192
22	163	158	159
22	164	147	148
22	165	86	87
22	166	71	167
22	167	177	178
22	168	161	162
22	169	0	0
22	170	0	0
22	171	158	159
22	172	36	37
22	173	248	249
22	174	0	0
22	175	92	93
22	176	54	55
22	177	281	282
22	178	196	197
22	179	103	104
22	180	201	202
22	181	198	199
22	182	86	87
22	183	173	174
22	184	140	141
22	185	101	102
22	186	173	174
22	187	158	159
22	188	0	0
22	189	0	0
22	190	152	153
22	191	257	258
22	192	0	0
22	193	152	153
22	194	188	189
22	195	69	70
22	196	253	254
22	197	230	231
22	198	213	214
22	199	208	209
22	200	196	197
22	201	218	219
22	202	203	204
22	203	0	0
22	204	220	221
22	205	144	145
22	206	180	181
22	207	177	178
22	208	255	256
22	209	237	238
22	210	71	167
22	211	169	170
22	212	152	153
22	213	222	223
22	214	275	276
22	215	0	0
22	216	0	0
22	217	144	145
22	218	262	263
22	219	0	0
22	220	0	0
22	221	0	0
22	222	0	0
22	223	288	289
22	224	264	265
22	225	0	0
22	226	0	0
22	227	283	284
22	228	92	93
22	229	218	219
22	230	0	0
22	231	293	294
22	232	0	0
22	233	0	0
22	234	232	233
22	235	169	170
22	236	230	231
22	237	0	0
22	238	0	0
22	239	232	233
22	240	123	124
22	241	71	167
22	242	131	132
22	243	198	199
22	244	103	104
22	245	198	199
22	246	71	167
22	247	123	124
22	248	0	0
22	249	0	0
22	250	248	249
22	251	161	162
22	252	230	231
22	253	0	0
22	254	0	0
22	255	0	0
22	256	0	0
22	257	0	0
22	258	0	0
22	259	237	238
22	260	0	0
22	261	0	0
22	262	266	267
22	263	0	0
22	264	270	271
22	265	0	0
22	266	0	0
22	267	0	0
22	268	191	192
22	269	253	254
22	270	0	0
22	271	0	0
22	272	222	223
22	273	230	231
22	274	169	170
22	275	0	0
22	276	0	0
22	277	0	0
22	278	0	0
22	279	203	204
22	280	226	227
22	281	0	0
22	282	0	0
22	283	0	0
22	284	0	0
22	285	222	223
22	286	237	238
22	287	180	181
22	288	0	0
22	289	0	0
22	290	201	202
22	291	248	249
22	292	131	132
22	293	0	0
22	294	0	0
22	295	144	145
22	296	275	276
22	297	264	265
22	298	257	258
22	299	255	256
22	300	213	214
