29	1	0	0
29	2	1	3
29	3	0	0
29	4	2	5
29	5	6	7
29	6	0	0
29	7	0	0
29	8	6	7
29	9	4	10
29	10	19	20
29	11	6	7
29	12	2	5
29	13	2	5
29	14	4	10
29	15	4	10
29	16	4	10
29	17	6	7
29	18	1	3
29	19	33	34
29	20	29	30
29	21	19	20
29	22	1	3
29	23	19	20
29	24	1	3
29	25	2	5
29	26	19	20
29	27	9	28
29	28	31	32
29	29	0	0
29	30	0	0
29	31	35	36
29	32	37	38
29	33	0	0
29	34	0	0
29	35	69	70
29	36	43	44
29	37	108	109
29	38	53	54
29	39	31	32
29	40	9	28
29	41	33	34
29	42	31	32
29	43	0	0
29	44	0	0
29	45	33	34
29	46	37	38
29	47	29	30
29	48	29	30
29	49	29	30
29	50	27	51
29	51	90	91
29	52	31	32
29	53	0	0
29	54	0	0
29	55	27	51
29	56	50	57
29	57	61	62
29	58	53	54
29	59	27	51
29	60	37	38
29	61	72	73
29	62	63	64
29	63	82	83
29	64	78	79
29	65	43	44
29	66	33	34
29	67	35	36
29	68	63	64
29	69	0	0
29	70	0	0
29	71	63	64
29	72	0	0
29	73	92	93
29	74	43	44
29	75	69	70
29	76	9	28
29	77	35	36
29	78	99	100
29	79	84	85
29	80	37	38
29	81	72	73
29	82	174	175
29	83	114	115
29	84	94	95
29	85	102	103
29	86	63	64
29	87	84	85
29	88	69	70
29	89	53	54
29	90	96	97
29	91	0	0
29	92	162	163
29	93	159	160
29	94	0	0
29	95	0	0
29	96	136	137
29	97	122	123
29	98	92	93
29	99	105	106
29	100	116	117
29	101	53	54
29	102	0	0
29	103	0	0
29	104	9	28
29	105	0	0
29	106	0	0
29	107	84	85
29	108	0	0
29	109	0	0
29	110	108	109
29	111	27	51
29	112	61	62
29	113	105	106
29	114	149	150
29	115	133	134
29	116	0	0
29	117	0	0
29	118	72	73
29	119	102	103
29	120	99	100
29	121	78	79
29	122	184	185
29	123	0	0
29	124	69	70
29	125	72	73
29	126	122	123
29	127	78	79
29	128	105	106
29	129	102	103
29	130	90	91
29	131	35	36
29	132	102	103
29	133	0	0
29	134	0	0
29	135	114	115
29	136	151	152
29	137	140	141
29	138	133	134
29	139	122	123
29	140	0	0
29	141	0	0
29	142	92	93
29	143	92	93
29	144	90	91
29	145	94	95
29	146	96	97
29	147	114	115
29	148	78	79
29	149	0	0
29	150	0	0
29	151	0	0
29	152	0	0
29	153	140	141
29	154	90	91
29	155	50	57
29	156	116	117
29	157	122	123
29	158	50	57
29	159	0	0
29	160	179	180
29	161	149	150
29	162	181	182
29	163	168	169
29	164	116	117
29	165	99	100
29	166	114	115
29	167	61	62
29	168	0	0
29	169	0	0
29	170	43	44
29	171	151	152
29	172	50	57
29	173	159	160
29	174	0	0
29	175	0	0
29	176	159	160
29	177	108	109
29	178	151	152
29	179	0	0
29	180	0	0
29	181	0	0
29	182	0	0
29	183	108	109
29	184	0	0
29	185	0	0
29	186	174	175
29	187	105	106
29	188	94	95
29	189	140	141
29	190	181	182
29	191	184	185
29	192	82	83
29	193	149	150
29	194	168	169
29	195	159	160
29	196	179	180
29	197	179	180
29	198	133	134
29	199	96	97
29	200	0	0
