11	1	0	0
11	2	1	3
11	3	0	0
11	4	2	5
11	5	67	68
11	6	1	3
11	7	2	5
11	8	1	3
11	9	4	10
11	10	12	13
11	11	1	3
11	12	36	37
11	13	21	22
11	14	12	13
11	15	2	5
11	16	4	10
11	17	9	18
11	18	27	28
11	19	9	18
11	20	4	10
11	21	0	0
11	22	0	0
11	23	12	13
11	24	2	5
11	25	21	22
11	26	4	10
11	27	54	55
11	28	31	32
11	29	27	28
11	30	27	28
11	31	46	47
11	32	153	154
11	33	17	34
11	34	39	40
11	35	12	13
11	36	0	0
11	37	0	0
11	38	21	22
11	39	107	108
11	40	44	45
11	41	9	18
11	42	17	34
11	43	36	37
11	44	82	83
11	45	48	49
11	46	0	0
11	47	0	0
11	48	71	72
11	49	65	66
11	50	17	34
11	51	46	47
11	52	48	49
11	53	44	45
11	54	93	94
11	55	80	81
11	56	9	18
11	57	39	40
11	58	33	59
11	59	88	89
11	60	54	55
11	61	54	55
11	62	54	55
11	63	21	22
11	64	36	37
11	65	0	0
11	66	0	0
11	67	0	0
11	68	0	0
11	69	17	34
11	70	46	47
11	71	0	0
11	72	0	0
11	73	33	59
11	74	39	40
11	75	48	49
11	76	71	72
11	77	65	66
11	78	33	59
11	79	46	47
11	80	0	0
11	81	0	0
11	82	119	120
11	83	91	92
11	84	67	68
11	85	48	49
11	86	82	83
11	87	65	66
11	88	97	98
11	89	175	176
11	90	44	45
11	91	0	0
11	92	0	0
11	93	0	0
11	94	0	0
11	95	67	68
11	96	27	28
11	97	133	134
11	98	101	102
11	99	82	83
11	100	91	92
11	101	103	104
11	102	146	147
11	103	186	187
11	104	184	185
11	105	33	59
11	106	80	81
11	107	117	118
11	108	158	159
11	109	97	98
11	110	71	72
11	111	65	66
11	112	91	92
11	113	44	45
11	114	36	37
11	115	93	94
11	116	91	92
11	117	135	136
11	118	205	206
11	119	0	0
11	120	0	0
11	121	117	118
11	122	119	120
11	123	31	32
11	124	119	120
11	125	80	81
11	126	31	32
11	127	39	40
11	128	67	68
11	129	101	102
11	130	82	83
11	131	117	118
11	132	117	118
11	133	164	165
11	134	143	144
11	135	0	0
11	136	0	0
11	137	97	98
11	138	133	134
11	139	93	94
11	140	97	98
11	141	80	81
11	142	135	136
11	143	289	290
11	144	260	261
11	145	93	94
11	146	220	221
11	147	189	190
11	148	146	147
11	149	143	144
11	150	107	108
11	151	103	104
11	152	31	32
11	153	0	0
11	154	0	0
11	155	143	144
11	156	135	136
11	157	103	104
11	158	231	232
11	159	203	204
11	160	133	134
11	161	88	89
11	162	71	72
11	163	133	134
11	164	181	182
11	165	270	271
11	166	107	108
11	167	103	104
11	168	101	102
11	169	143	144
11	170	158	159
11	171	135	136
11	172	88	89
11	173	101	102
11	174	158	159
11	175	177	178
11	176	191	192
11	177	296	297
11	178	193	194
11	179	153	154
11	180	119	120
11	181	0	0
11	182	0	0
11	183	153	154
11	184	0	0
11	185	0	0
11	186	0	0
11	187	0	0
11	188	164	165
11	189	0	0
11	190	0	0
11	191	226	227
11	192	196	197
11	193	200	201
11	194	207	208
11	195	177	178
11	196	224	225
11	197	215	216
11	198	186	187
11	199	191	192
11	200	0	0
11	201	0	0
11	202	158	159
11	203	0	0
11	204	0	0
11	205	0	0
11	206	0	0
11	207	0	0
11	208	0	0
11	209	181	182
11	210	207	208
11	211	153	154
11	212	191	192
11	213	184	185
11	214	164	165
11	215	0	0
11	216	0	0
11	217	215	216
11	218	203	204
11	219	186	187
11	220	0	0
11	221	0	0
11	222	189	190
11	223	215	216
11	224	0	0
11	225	0	0
11	226	284	285
11	227	287	288
11	228	200	201
11	229	184	185
11	230	88	89
11	231	0	0
11	232	0	0
11	233	200	201
11	234	200	201
11	235	193	194
11	236	164	165
11	237	203	204
11	238	224	225
11	239	193	194
11	240	231	232
11	241	196	197
11	242	191	192
11	243	220	221
11	244	177	178
11	245	224	225
11	246	215	216
11	247	146	147
11	248	107	108
11	249	186	187
11	250	207	208
11	251	220	221
11	252	177	178
11	253	226	227
11	254	184	185
11	255	226	227
11	256	207	208
11	257	220	221
11	258	193	194
11	259	196	197
11	260	0	0
11	261	0	0
11	262	146	147
11	263	231	232
11	264	58	265
11	265	266	267
11	266	281	282
11	267	310	311
11	268	175	176
11	269	203	204
11	270	0	0
11	271	0	0
11	272	58	265
11	273	270	271
11	274	270	271
11	275	58	265
11	276	189	190
11	277	181	182
11	278	58	265
11	279	260	261
11	280	181	182
11	281	450	451
11	282	292	293
11	283	266	267
11	284	0	0
11	285	0	0
11	286	175	176
11	287	0	0
11	288	0	0
11	289	0	0
11	290	0	0
11	291	270	271
11	292	316	317
11	293	300	301
11	294	196	197
11	295	224	225
11	296	306	307
11	297	345	346
11	298	189	190
11	299	281	282
11	300	302	303
11	301	394	395
11	302	304	305
11	303	392	393
11	304	0	0
11	305	0	0
11	306	0	0
11	307	0	0
11	308	264	309
11	309	385	386
11	310	642	643
11	311	428	429
11	312	231	232
11	313	264	309
11	314	308	315
11	315	323	324
11	316	448	449
11	317	340	341
11	318	302	303
11	319	289	290
11	320	284	285
11	321	289	290
11	322	316	317
11	323	380	381
11	324	357	358
11	325	300	301
11	326	284	285
11	327	226	227
11	328	287	288
11	329	306	307
11	330	260	261
11	331	287	288
11	332	306	307
11	333	302	303
11	334	260	261
11	335	306	307
11	336	292	293
11	337	323	324
11	338	205	206
11	339	266	267
11	340	365	366
11	341	349	350
11	342	284	285
11	343	175	176
11	344	205	206
11	345	0	0
11	346	0	0
11	347	266	267
11	348	281	282
11	349	0	0
11	350	0	0
11	351	292	293
11	352	296	297
11	353	289	290
11	354	304	305
11	355	302	303
11	356	287	288
11	357	441	442
11	358	371	372
11	359	264	309
11	360	349	350
11	361	292	293
11	362	349	350
11	363	205	206
11	364	357	358
11	365	0	0
11	366	0	0
11	367	345	346
11	368	340	341
11	369	304	305
11	370	296	297
11	371	377	378
11	372	426	427
11	373	264	309
11	374	323	324
11	375	296	297
11	376	304	305
11	377	400	401
11	378	928	929
11	379	323	324
11	380	387	388
11	381	446	447
11	382	349	350
11	383	380	381
11	384	316	317
11	385	434	435
11	386	609	610
11	387	438	439
11	388	421	422
11	389	377	378
11	390	387	388
11	391	365	366
11	392	0	0
11	393	0	0
11	394	675	676
11	395	397	398
11	396	387	388
11	397	0	0
11	398	0	0
11	399	281	282
11	400	503	504
11	401	404	405
11	402	340	341
11	403	385	386
11	404	626	627
11	405	410	411
11	406	380	381
11	407	404	405
11	408	385	386
11	409	316	317
11	410	869	870
11	411	485	486
11	412	410	411
11	413	371	372
11	414	380	381
11	415	340	341
11	416	387	388
11	417	385	386
11	418	300	301
11	419	345	346
11	420	300	301
11	421	865	866
11	422	508	509
11	423	397	398
11	424	308	315
11	425	404	405
11	426	459	460
11	427	490	491
11	428	431	432
11	429	729	730
11	430	357	358
11	431	552	553
11	432	787	788
11	433	426	427
11	434	533	534
11	435	621	622
11	436	308	315
11	437	308	315
11	438	540	541
11	439	557	558
11	440	357	358
11	441	547	548
11	442	478	479
11	443	392	393
11	444	438	439
11	445	397	398
11	446	613	614
11	447	455	456
11	448	472	473
11	449	474	475
11	450	476	477
11	451	720	721
11	452	450	451
11	453	310	311
11	454	450	451
11	455	723	724
11	456	580	581
11	457	450	451
11	458	426	427
11	459	914	915
11	460	924	925
11	461	377	378
11	462	431	432
11	463	438	439
11	464	455	456
11	465	377	378
11	466	314	467
11	467	559	560
11	468	400	401
11	469	394	395
11	470	426	427
11	471	459	460
11	472	0	0
11	473	0	0
11	474	0	0
11	475	0	0
11	476	482	483
11	477	497	498
11	478	624	625
11	479	773	774
11	480	446	447
11	481	428	429
11	482	687	688
11	483	500	501
11	484	431	432
11	485	0	0
11	486	0	0
11	487	482	483
11	488	400	401
11	489	448	449
11	490	512	513
11	491	575	576
11	492	365	366
11	493	448	449
11	494	472	473
11	495	482	483
11	496	478	479
11	497	782	783
11	498	518	519
11	499	497	498
11	500	0	0
11	501	0	0
11	502	434	435
11	503	644	645
11	504	544	545
11	505	478	479
11	506	448	449
11	507	474	475
11	508	537	538
11	509	531	532
11	510	428	429
11	511	428	429
11	512	601	602
11	513	975	976
11	514	476	477
11	515	478	479
11	516	438	439
11	517	421	422
11	518	0	0
11	519	0	0
11	520	518	519
11	521	371	372
11	522	345	346
11	523	472	473
11	524	434	435
11	525	404	405
11	526	371	372
11	527	434	435
11	528	421	422
11	529	441	442
11	530	474	475
11	531	0	0
11	532	565	566
11	533	958	959
11	534	0	0
11	535	446	447
11	536	472	473
11	537	0	0
11	538	554	555
11	539	497	498
11	540	752	753
11	541	0	0
11	542	500	501
11	543	533	534
11	544	683	684
11	545	628	629
11	546	474	475
11	547	561	562
11	548	989	990
11	549	508	509
11	550	400	401
11	551	421	422
11	552	636	637
11	553	694	695
11	554	593	594
11	555	572	573
11	556	512	513
11	557	0	0
11	558	935	936
11	559	607	608
11	560	633	634
11	561	595	596
11	562	736	737
11	563	392	393
11	564	310	311
11	565	582	583
11	566	617	618
11	567	455	456
11	568	441	442
11	569	552	553
11	570	561	562
11	571	559	560
11	572	0	0
11	573	0	0
11	574	518	519
11	575	784	785
11	576	840	841
11	577	446	447
11	578	459	460
11	579	552	553
11	580	746	747
11	581	725	726
11	582	0	0
11	583	0	0
11	584	485	486
11	585	394	395
11	586	554	555
11	587	537	538
11	588	533	534
11	589	559	560
11	590	572	573
11	591	518	519
11	592	575	576
11	593	0	0
11	594	0	0
11	595	640	641
11	596	738	739
11	597	459	460
11	598	397	398
11	599	595	596
11	600	476	477
11	601	0	0
11	602	763	764
11	603	314	467
11	604	485	486
11	605	531	532
11	606	365	366
11	607	692	693
11	608	615	616
11	609	611	612
11	610	0	0
11	611	715	716
11	612	740	741
11	613	888	889
11	614	0	0
11	615	733	734
11	616	0	0
11	617	0	0
11	618	0	0
11	619	540	541
11	620	544	545
11	621	878	879
11	622	983	984
11	623	482	483
11	624	668	669
11	625	649	650
11	626	0	0
11	627	770	771
11	628	0	0
11	629	0	0
11	630	310	311
11	631	508	509
11	632	621	622
11	633	0	0
11	634	638	639
11	635	621	622
11	636	0	0
11	637	0	0
11	638	0	0
11	639	0	0
11	640	661	662
11	641	655	656
11	642	0	0
11	643	750	751
11	644	820	821
11	645	657	658
11	646	410	411
11	647	441	442
11	648	531	532
11	649	690	691
11	650	804	805
11	651	561	562
11	652	565	566
11	653	508	509
11	654	497	498
11	655	0	0
11	656	0	0
11	657	0	0
11	658	0	0
11	659	582	583
11	660	455	456
11	661	0	0
11	662	0	0
11	663	601	602
11	664	392	393
11	665	503	504
11	666	503	504
11	667	490	491
11	668	0	0
11	669	873	874
11	670	593	594
11	671	540	541
11	672	559	560
11	673	485	486
11	674	657	658
11	675	0	0
11	676	0	0
11	677	410	411
11	678	580	581
11	679	394	395
11	680	613	614
11	681	617	618
11	682	561	562
11	683	0	0
11	684	0	0
11	685	537	538
11	686	512	513
11	687	0	0
11	688	0	0
11	689	626	627
11	690	882	883
11	691	696	697
11	692	0	0
11	693	793	794
11	694	0	0
11	695	0	0
11	696	0	0
11	697	0	0
11	698	683	684
11	699	624	625
11	700	624	625
11	701	636	637
11	702	655	656
11	703	617	618
11	704	624	625
11	705	661	662
11	706	565	566
11	707	533	534
11	708	490	491
11	709	490	491
11	710	690	691
11	711	611	612
11	712	609	610
11	713	640	641
11	714	690	691
11	715	890	891
11	716	834	835
11	717	615	616
11	718	512	513
11	719	613	614
11	720	798	799
11	721	780	781
11	722	661	662
11	723	892	893
11	724	884	885
11	725	0	0
11	726	0	0
11	727	575	576
11	728	572	573
11	729	802	803
11	730	845	846
11	731	572	573
11	732	692	693
11	733	789	790
11	734	0	0
11	735	607	608
11	736	777	778
11	737	955	956
11	738	0	0
11	739	0	0
11	740	871	872
11	741	0	0
11	742	636	637
11	743	696	697
11	744	696	697
11	745	476	477
11	746	0	0
11	747	0	0
11	748	668	669
11	749	503	504
11	750	0	0
11	751	0	0
11	752	900	901
11	753	0	0
11	754	615	616
11	755	692	693
11	756	683	684
11	757	540	541
11	758	720	721
11	759	668	669
11	760	580	581
11	761	692	693
11	762	696	697
11	763	0	0
11	764	0	0
11	765	500	501
11	766	617	618
11	767	500	501
11	768	690	691
11	769	544	545
11	770	0	0
11	771	0	0
11	772	607	608
11	773	912	913
11	774	0	0
11	775	725	726
11	776	733	734
11	777	0	0
11	778	809	810
11	779	683	684
11	780	0	0
11	781	0	0
11	782	0	0
11	783	0	0
11	784	918	919
11	785	0	0
11	786	644	645
11	787	0	0
11	788	0	0
11	789	0	0
11	790	861	862
11	791	580	581
11	792	613	614
11	793	813	814
11	794	970	971
11	795	733	734
11	796	789	790
11	797	694	695
11	798	807	808
11	799	0	0
11	800	763	764
11	801	798	799
11	802	815	816
11	803	0	0
11	804	0	0
11	805	0	0
11	806	738	739
11	807	0	0
11	808	0	0
11	809	0	0
11	810	0	0
11	811	554	555
11	812	314	467
11	813	876	877
11	814	0	0
11	815	0	0
11	816	0	0
11	817	780	781
11	818	552	553
11	819	807	808
11	820	0	0
11	821	0	0
11	822	655	656
11	823	607	608
11	824	638	639
11	825	531	532
11	826	729	730
11	827	687	688
11	828	565	566
11	829	723	724
11	830	802	803
11	831	725	726
11	832	593	594
11	833	655	656
11	834	0	0
11	835	0	0
11	836	815	816
11	837	804	805
11	838	595	596
11	839	784	785
11	840	898	899
11	841	0	0
11	842	777	778
11	843	601	602
11	844	780	781
11	845	926	927
11	846	854	855
11	847	815	816
11	848	798	799
11	849	780	781
11	850	807	808
11	851	804	805
11	852	615	616
11	853	687	688
11	854	0	0
11	855	0	0
11	856	813	814
11	857	820	821
11	858	750	751
11	859	736	737
11	860	611	612
11	861	0	0
11	862	0	0
11	863	787	788
11	864	787	788
11	865	940	941
11	866	0	0
11	867	840	841
11	868	687	688
11	869	0	0
11	870	0	0
11	871	0	0
11	872	0	0
11	873	0	0
11	874	916	917
11	875	582	583
11	876	997	998
11	877	0	0
11	878	0	0
11	879	0	0
11	880	729	730
11	881	798	799
11	882	0	0
11	883	0	0
11	884	0	0
11	885	0	0
11	886	640	641
11	887	834	835
11	888	902	903
11	889	932	933
11	890	991	992
11	891	0	0
11	892	945	946
11	893	0	0
11	894	815	816
11	895	854	855
11	896	725	726
11	897	865	866
11	898	0	0
11	899	0	0
11	900	949	950
11	901	0	0
11	902	906	907
11	903	0	0
11	904	582	583
11	905	770	771
11	906	0	0
11	907	972	973
11	908	595	596
11	909	640	641
11	910	547	548
11	911	873	874
11	912	952	953
11	913	937	938
11	914	0	0
11	915	0	0
11	916	0	0
11	917	0	0
11	918	0	0
11	919	0	0
11	920	869	870
11	921	729	730
11	922	873	874
11	923	633	634
11	924	0	0
11	925	0	0
11	926	0	0
11	927	0	0
11	928	0	0
11	929	0	0
11	930	431	432
11	931	694	695
11	932	0	0
11	933	0	0
11	934	861	862
11	935	0	0
11	936	0	0
11	937	0	0
11	938	942	943
11	939	644	645
11	940	0	0
11	941	0	0
11	942	0	0
11	943	0	0
11	944	865	866
11	945	0	0
11	946	0	0
11	947	912	913
11	948	642	643
11	949	0	0
11	950	0	0
11	951	871	872
11	952	0	0
11	953	0	0
11	954	621	622
11	955	0	0
11	956	977	978
11	957	809	810
11	958	0	0
11	959	0	0
11	960	935	936
11	961	466	962
11	962	0	0
11	963	906	907
11	964	898	899
11	965	633	634
11	966	912	913
11	967	636	637
11	968	736	737
11	969	898	899
11	970	0	0
11	971	0	0
11	972	0	0
11	973	0	0
11	974	834	835
11	975	995	996
11	976	0	0
11	977	0	0
11	978	0	0
11	979	763	764
11	980	601	602
11	981	807	808
11	982	314	467
11	983	0	0
11	984	0	0
11	985	983	984
11	986	793	794
11	987	763	764
11	988	970	971
11	989	0	0
11	990	0	0
11	991	0	0
11	992	0	0
11	993	914	915
11	994	926	927
11	995	0	0
11	996	0	0
11	997	0	0
11	998	0	0
11	999	845	846
11	1000	0	0
