43	1	0	0
43	2	1	3
43	3	0	0
43	4	1	3
43	5	2	6
43	6	46	47
43	7	2	6
43	8	5	9
43	9	10	11
43	10	16	17
43	11	19	20
43	12	10	11
43	13	10	11
43	14	10	11
43	15	1	3
43	16	0	0
43	17	0	0
43	18	1	3
43	19	0	0
43	20	0	0
43	21	2	6
43	22	5	9
43	23	5	9
43	24	8	25
43	25	28	29
43	26	16	17
43	27	16	17
43	28	37	38
43	29	30	31
43	30	32	33
43	31	42	43
43	32	0	0
43	33	0	0
43	34	2	6
43	35	5	9
43	36	28	29
43	37	73	74
43	38	56	57
43	39	37	38
43	40	19	20
43	41	19	20
43	42	0	0
43	43	0	0
43	44	16	17
43	45	19	20
43	46	0	0
43	47	0	0
43	48	28	29
43	49	8	25
43	50	24	51
43	51	76	77
43	52	30	31
43	53	28	29
43	54	42	43
43	55	37	38
43	56	0	0
43	57	0	0
43	58	32	33
43	59	42	43
43	60	56	57
43	61	50	62
43	62	82	83
43	63	30	31
43	64	56	57
43	65	8	25
43	66	46	47
43	67	46	47
43	68	56	57
43	69	50	62
43	70	50	62
43	71	30	31
43	72	46	47
43	73	0	0
43	74	0	0
43	75	37	38
43	76	78	79
43	77	0	0
43	78	80	81
43	79	0	0
43	80	90	91
43	81	0	0
43	82	0	0
43	83	0	0
43	84	50	62
43	85	24	51
43	86	80	81
43	87	78	79
43	88	8	25
43	89	80	81
43	90	0	0
43	91	0	0
43	92	32	33
43	93	73	74
43	94	61	95
43	95	0	0
43	96	78	79
43	97	42	43
43	98	24	51
43	99	78	79
43	100	73	74
