26	1	0	0
26	2	1	3
26	3	0	0
26	4	2	5
26	5	8	9
26	6	1	3
26	7	1	3
26	8	0	0
26	9	0	0
26	10	1	3
26	11	8	9
26	12	2	5
26	13	2	5
26	14	2	5
26	15	4	16
26	16	18	19
26	17	4	16
26	18	25	26
26	19	20	21
26	20	0	0
26	21	0	0
26	22	4	16
26	23	4	16
26	24	8	9
26	25	0	0
26	26	0	0
26	27	8	9
26	28	20	21
26	29	25	26
26	30	25	26
26	31	20	21
26	32	25	26
26	33	20	21
26	34	18	19
26	35	18	19
26	36	18	19
26	37	15	38
26	38	39	40
26	39	48	49
26	40	46	47
26	41	15	38
26	42	37	43
26	43	84	85
26	44	37	43
26	45	39	40
26	46	62	63
26	47	53	54
26	48	50	51
26	49	101	102
26	50	0	0
26	51	0	0
26	52	46	47
26	53	0	0
26	54	0	0
26	55	53	54
26	56	46	47
26	57	46	47
26	58	39	40
26	59	15	38
26	60	50	51
26	61	39	40
26	62	0	0
26	63	0	0
26	64	50	51
26	65	48	49
26	66	15	38
26	67	53	54
26	68	42	69
26	69	72	73
26	70	50	51
26	71	62	63
26	72	104	105
26	73	78	79
26	74	62	63
26	75	48	49
26	76	37	43
26	77	72	73
26	78	82	83
26	79	196	197
26	80	68	81
26	81	123	124
26	82	260	261
26	83	86	87
26	84	88	89
26	85	0	0
26	86	216	217
26	87	116	117
26	88	93	94
26	89	131	132
26	90	72	73
26	91	88	89
26	92	42	69
26	93	133	134
26	94	183	184
26	95	62	63
26	96	80	97
26	97	98	99
26	98	139	140
26	99	106	107
26	100	98	99
26	101	0	0
26	102	0	0
26	103	98	99
26	104	172	173
26	105	121	122
26	106	141	142
26	107	111	112
26	108	106	107
26	109	106	107
26	110	53	54
26	111	129	130
26	112	0	0
26	113	78	79
26	114	80	97
26	115	37	43
26	116	0	0
26	117	0	0
26	118	104	105
26	119	106	107
26	120	104	105
26	121	250	251
26	122	189	190
26	123	126	127
26	124	176	177
26	125	68	81
26	126	214	215
26	127	136	137
26	128	111	112
26	129	0	0
26	130	255	256
26	131	0	0
26	132	232	233
26	133	0	0
26	134	0	0
26	135	116	117
26	136	150	151
26	137	0	0
26	138	80	97
26	139	0	0
26	140	0	0
26	141	157	158
26	142	0	0
26	143	104	105
26	144	88	89
26	145	136	137
26	146	82	83
26	147	116	117
26	148	141	142
26	149	136	137
26	150	203	204
26	151	187	188
26	152	88	89
26	153	129	130
26	154	121	122
26	155	72	73
26	156	98	99
26	157	191	192
26	158	209	210
26	159	111	112
26	160	131	132
26	161	131	132
26	162	101	102
26	163	133	134
26	164	116	117
26	165	42	69
26	166	48	49
26	167	129	130
26	168	42	69
26	169	111	112
26	170	123	124
26	171	82	83
26	172	0	0
26	173	218	219
26	174	96	175
26	175	225	226
26	176	234	235
26	177	0	0
26	178	121	122
26	179	139	140
26	180	82	83
26	181	129	130
26	182	121	122
26	183	0	0
26	184	0	0
26	185	136	137
26	186	123	124
26	187	0	0
26	188	227	228
26	189	230	231
26	190	0	0
26	191	200	201
26	192	0	0
26	193	139	140
26	194	189	190
26	195	141	142
26	196	237	238
26	197	0	0
26	198	133	134
26	199	172	173
26	200	0	0
26	201	0	0
26	202	96	175
26	203	0	0
26	204	0	0
26	205	189	190
26	206	141	142
26	207	157	158
26	208	139	140
26	209	280	281
26	210	0	0
26	211	126	127
26	212	172	173
26	213	172	173
26	214	223	224
26	215	0	0
26	216	0	0
26	217	0	0
26	218	0	0
26	219	0	0
26	220	189	190
26	221	200	201
26	222	214	215
26	223	286	287
26	224	248	249
26	225	240	241
26	226	0	0
26	227	0	0
26	228	0	0
26	229	86	87
26	230	0	0
26	231	0	0
26	232	0	0
26	233	0	0
26	234	252	253
26	235	0	0
26	236	230	231
26	237	0	0
26	238	289	290
26	239	131	132
26	240	0	0
26	241	0	0
26	242	234	235
26	243	126	127
26	244	196	197
26	245	191	192
26	246	176	177
26	247	234	235
26	248	0	0
26	249	0	0
26	250	0	0
26	251	0	0
26	252	269	270
26	253	0	0
26	254	86	87
26	255	297	298
26	256	0	0
26	257	78	79
26	258	187	188
26	259	96	175
26	260	266	267
26	261	277	278
26	262	126	127
26	263	200	201
26	264	157	158
26	265	196	197
26	266	0	0
26	267	0	0
26	268	68	81
26	269	0	0
26	270	283	284
26	271	196	197
26	272	123	124
26	273	234	235
26	274	237	238
26	275	80	97
26	276	84	85
26	277	0	0
26	278	0	0
26	279	240	241
26	280	0	0
26	281	0	0
26	282	255	256
26	283	0	0
26	284	0	0
26	285	230	231
26	286	0	0
26	287	0	0
26	288	240	241
26	289	0	0
26	290	0	0
26	291	133	134
26	292	255	256
26	293	183	184
26	294	237	238
26	295	255	256
26	296	176	177
26	297	0	0
26	298	0	0
26	299	240	241
26	300	218	219
