31	1	0	0
31	2	1	3
31	3	0	0
31	4	1	3
31	5	2	6
31	6	19	20
31	7	1	3
31	8	5	9
31	9	17	18
31	10	2	6
31	11	8	12
31	12	13	14
31	13	26	27
31	14	60	61
31	15	8	12
31	16	5	9
31	17	28	29
31	18	57	58
31	19	0	0
31	20	0	0
31	21	13	14
31	22	11	23
31	23	41	42
31	24	13	14
31	25	8	12
31	26	34	35
31	27	46	47
31	28	0	0
31	29	0	0
31	30	19	20
31	31	17	18
31	32	11	23
31	33	19	20
31	34	0	0
31	35	0	0
31	36	28	29
31	37	13	14
31	38	34	35
31	39	19	20
31	40	2	6
31	41	100	101
31	42	54	55
31	43	11	23
31	44	11	23
31	45	8	12
31	46	0	0
31	47	0	0
31	48	1	3
31	49	28	29
31	50	5	9
31	51	22	52
31	52	97	98
31	53	26	27
31	54	133	134
31	55	65	66
31	56	26	27
31	57	0	0
31	58	0	0
31	59	22	52
31	60	62	63
31	61	81	82
31	62	0	0
31	63	0	0
31	64	46	47
31	65	67	68
31	66	90	91
31	67	0	0
31	68	0	0
31	69	2	6
31	70	26	27
31	71	54	55
31	72	57	58
31	73	22	52
31	74	17	18
31	75	60	61
31	76	22	52
31	77	34	35
31	78	51	79
31	79	222	223
31	80	62	63
31	81	0	0
31	82	0	0
31	83	65	66
31	84	62	63
31	85	34	35
31	86	60	61
31	87	67	68
31	88	54	55
31	89	60	61
31	90	0	0
31	91	0	0
31	92	54	55
31	93	90	91
31	94	46	47
31	95	57	58
31	96	81	82
31	97	164	165
31	98	118	119
31	99	51	79
31	100	135	136
31	101	115	116
31	102	51	79
31	103	46	47
31	104	5	9
31	105	90	91
31	106	28	29
31	107	51	79
31	108	90	91
31	109	41	42
31	110	97	98
31	111	67	68
31	112	17	18
31	113	81	82
31	114	57	58
31	115	191	192
31	116	158	159
31	117	81	82
31	118	148	149
31	119	120	121
31	120	139	140
31	121	0	0
31	122	67	68
31	123	65	66
31	124	118	119
31	125	100	101
31	126	97	98
31	127	97	98
31	128	65	66
31	129	100	101
31	130	100	101
31	131	41	42
31	132	120	121
31	133	181	182
31	134	178	179
31	135	142	143
31	136	145	146
31	137	135	136
31	138	120	121
31	139	161	162
31	140	217	218
31	141	62	63
31	142	0	0
31	143	0	0
31	144	133	134
31	145	0	0
31	146	0	0
31	147	120	121
31	148	253	254
31	149	151	152
31	150	145	146
31	151	199	200
31	152	167	168
31	153	135	136
31	154	142	143
31	155	133	134
31	156	145	146
31	157	139	140
31	158	0	0
31	159	0	0
31	160	148	149
31	161	0	0
31	162	0	0
31	163	148	149
31	164	195	196
31	165	173	174
31	166	115	116
31	167	0	0
31	168	0	0
31	169	145	146
31	170	148	149
31	171	118	119
31	172	135	136
31	173	183	184
31	174	203	204
31	175	118	119
31	176	158	159
31	177	161	162
31	178	0	0
31	179	0	0
31	180	158	159
31	181	0	0
31	182	0	0
31	183	220	221
31	184	212	213
31	185	178	179
31	186	139	140
31	187	167	168
31	188	139	140
31	189	164	165
31	190	151	152
31	191	0	0
31	192	0	0
31	193	191	192
31	194	151	152
31	195	224	225
31	196	210	211
31	197	173	174
31	198	158	159
31	199	0	0
31	200	0	0
31	201	142	143
31	202	164	165
31	203	215	216
31	204	244	245
31	205	181	182
31	206	41	42
31	207	133	134
31	208	151	152
31	209	142	143
31	210	268	269
31	211	249	250
31	212	0	0
31	213	0	0
31	214	173	174
31	215	0	0
31	216	0	0
31	217	0	0
31	218	0	0
31	219	115	116
31	220	0	0
31	221	0	0
31	222	0	0
31	223	299	300
31	224	289	290
31	225	238	239
31	226	212	213
31	227	210	211
31	228	212	213
31	229	191	192
31	230	178	179
31	231	161	162
31	232	161	162
31	233	183	184
31	234	183	184
31	235	183	184
31	236	191	192
31	237	199	200
31	238	0	0
31	239	0	0
31	240	217	218
31	241	222	223
31	242	173	174
31	243	224	225
31	244	0	0
31	245	0	0
31	246	224	225
31	247	210	211
31	248	178	179
31	249	0	0
31	250	0	0
31	251	78	252
31	252	0	0
31	253	287	288
31	254	271	272
31	255	212	213
31	256	215	216
31	257	222	223
31	258	238	239
31	259	244	245
31	260	251	261
31	261	0	0
31	262	253	254
31	263	238	239
31	264	215	216
31	265	238	239
31	266	164	165
31	267	244	245
31	268	0	0
31	269	0	0
31	270	217	218
31	271	0	0
31	272	0	0
31	273	220	221
31	274	210	211
31	275	217	218
31	276	115	116
31	277	195	196
31	278	249	250
31	279	78	252
31	280	78	252
31	281	249	250
31	282	195	196
31	283	253	254
31	284	222	223
31	285	203	204
31	286	271	272
31	287	0	0
31	288	0	0
31	289	0	0
31	290	0	0
31	291	220	221
31	292	253	254
31	293	215	216
31	294	199	200
31	295	260	296
31	296	0	0
31	297	244	245
31	298	167	168
31	299	0	0
31	300	0	0
