13	1	0	0
13	2	1	3
13	3	0	0
13	4	2	5
13	5	48	49
13	6	2	5
13	7	4	8
13	8	18	19
13	9	7	10
13	10	59	60
13	11	9	12
13	12	52	53
13	13	9	12
13	14	11	15
13	15	20	21
13	16	9	12
13	17	11	15
13	18	29	30
13	19	32	33
13	20	40	41
13	21	232	233
13	22	20	21
13	23	4	8
13	24	14	25
13	25	27	28
13	26	4	8
13	27	126	127
13	28	61	62
13	29	0	0
13	30	0	0
13	31	20	21
13	32	0	0
13	33	0	0
13	34	18	19
13	35	29	30
13	36	11	15
13	37	27	28
13	38	20	21
13	39	4	8
13	40	202	203
13	41	107	108
13	42	27	28
13	43	1	3
13	44	11	15
13	45	2	5
13	46	2	5
13	47	27	28
13	48	0	0
13	49	0	0
13	50	29	30
13	51	1	3
13	52	111	112
13	53	163	164
13	54	48	49
13	55	24	56
13	56	57	58
13	57	94	95
13	58	88	89
13	59	76	77
13	60	68	69
13	61	115	116
13	62	81	82
13	63	52	53
13	64	7	10
13	65	52	53
13	66	24	56
13	67	40	41
13	68	73	74
13	69	379	380
13	70	57	58
13	71	14	25
13	72	57	58
13	73	0	0
13	74	0	0
13	75	59	60
13	76	169	170
13	77	96	97
13	78	68	69
13	79	61	62
13	80	40	41
13	81	119	120
13	82	91	92
13	83	1	3
13	84	68	69
13	85	61	62
13	86	81	82
13	87	14	25
13	88	146	147
13	89	161	162
13	90	68	69
13	91	139	140
13	92	105	106
13	93	40	41
13	94	128	129
13	95	458	459
13	96	0	0
13	97	0	0
13	98	48	49
13	99	48	49
13	100	73	74
13	101	59	60
13	102	32	33
13	103	24	56
13	104	81	82
13	105	133	134
13	106	224	225
13	107	736	737
13	108	809	810
13	109	24	56
13	110	88	89
13	111	322	323
13	112	377	378
13	113	111	112
13	114	105	106
13	115	166	167
13	116	172	173
13	117	115	116
13	118	111	112
13	119	395	396
13	120	289	290
13	121	96	97
13	122	119	120
13	123	115	116
13	124	7	10
13	125	88	89
13	126	141	142
13	127	130	131
13	128	213	214
13	129	182	183
13	130	248	249
13	131	194	195
13	132	29	30
13	133	0	0
13	134	0	0
13	135	14	25
13	136	96	97
13	137	115	116
13	138	7	10
13	139	155	156
13	140	185	186
13	141	220	221
13	142	301	302
13	143	94	95
13	144	130	131
13	145	96	97
13	146	524	525
13	147	543	544
13	148	130	131
13	149	141	142
13	150	73	74
13	151	88	89
13	152	73	74
13	153	76	77
13	154	91	92
13	155	0	0
13	156	0	0
13	157	111	112
13	158	81	82
13	159	91	92
13	160	119	120
13	161	187	188
13	162	262	263
13	163	209	210
13	164	178	179
13	165	18	19
13	166	175	176
13	167	409	410
13	168	141	142
13	169	0	0
13	170	0	0
13	171	57	58
13	172	241	242
13	173	0	0
13	174	130	131
13	175	275	276
13	176	336	337
13	177	18	19
13	178	520	521
13	179	419	420
13	180	166	167
13	181	59	60
13	182	230	231
13	183	196	197
13	184	107	108
13	185	0	0
13	186	0	0
13	187	239	240
13	188	362	363
13	189	187	188
13	190	133	134
13	191	169	170
13	192	94	95
13	193	161	162
13	194	306	307
13	195	211	212
13	196	204	205
13	197	217	218
13	198	133	134
13	199	61	62
13	200	126	127
13	201	178	179
13	202	484	485
13	203	367	368
13	204	315	316
13	205	207	208
13	206	161	162
13	207	0	0
13	208	0	0
13	209	287	288
13	210	392	393
13	211	308	309
13	212	251	252
13	213	334	335
13	214	272	273
13	215	146	147
13	216	169	170
13	217	0	0
13	218	770	771
13	219	185	186
13	220	293	294
13	221	593	594
13	222	213	214
13	223	91	92
13	224	0	0
13	225	0	0
13	226	175	176
13	227	146	147
13	228	172	173
13	229	166	167
13	230	311	312
13	231	347	348
13	232	853	854
13	233	295	296
13	234	175	176
13	235	107	108
13	236	105	106
13	237	9	12
13	238	32	33
13	239	422	423
13	240	631	632
13	241	554	555
13	242	256	257
13	243	209	210
13	244	207	208
13	245	128	129
13	246	146	147
13	247	166	167
13	248	433	434
13	249	253	254
13	250	182	183
13	251	0	0
13	252	0	0
13	253	560	561
13	254	456	457
13	255	211	212
13	256	0	0
13	257	0	0
13	258	94	95
13	259	163	164
13	260	52	53
13	261	175	176
13	262	331	332
13	263	327	328
13	264	220	221
13	265	207	208
13	266	126	127
13	267	204	205
13	268	248	249
13	269	232	233
13	270	239	240
13	271	185	186
13	272	401	402
13	273	338	339
13	274	107	108
13	275	0	0
13	276	0	0
13	277	155	156
13	278	220	221
13	279	209	210
13	280	185	186
13	281	178	179
13	282	224	225
13	283	224	225
13	284	253	254
13	285	133	134
13	286	76	77
13	287	0	0
13	288	0	0
13	289	397	398
13	290	357	358
13	291	32	33
13	292	272	273
13	293	601	602
13	294	445	446
13	295	325	326
13	296	381	382
13	297	287	288
13	298	141	142
13	299	213	214
13	300	275	276
13	301	440	441
13	302	313	314
13	303	105	106
13	304	119	120
13	305	224	225
13	306	342	343
13	307	536	537
13	308	0	0
13	309	0	0
13	310	169	170
13	311	350	351
13	312	617	618
13	313	802	803
13	314	383	384
13	315	0	0
13	316	0	0
13	317	308	309
13	318	139	140
13	319	272	273
13	320	256	257
13	321	241	242
13	322	539	540
13	323	372	373
13	324	194	195
13	325	645	646
13	326	836	837
13	327	407	408
13	328	607	608
13	329	241	242
13	330	306	307
13	331	556	557
13	332	599	600
13	333	172	173
13	334	464	465
13	335	470	471
13	336	0	0
13	337	0	0
13	338	375	376
13	339	551	552
13	340	313	314
13	341	213	214
13	342	0	0
13	343	0	0
13	344	248	249
13	345	295	296
13	346	163	164
13	347	787	788
13	348	518	519
13	349	256	257
13	350	0	0
13	351	0	0
13	352	311	312
13	353	163	164
13	354	230	231
13	355	172	173
13	356	262	263
13	357	0	0
13	358	0	0
13	359	155	156
13	360	327	328
13	361	342	343
13	362	610	611
13	363	871	872
13	364	287	288
13	365	287	288
13	366	187	188
13	367	762	763
13	368	724	725
13	369	55	370
13	370	675	676
13	371	139	140
13	372	0	0
13	373	0	0
13	374	202	203
13	375	0	0
13	376	0	0
13	377	798	799
13	378	390	391
13	379	0	0
13	380	0	0
13	381	493	494
13	382	467	468
13	383	0	0
13	384	0	0
13	385	308	309
13	386	230	231
13	387	178	179
13	388	327	328
13	389	375	376
13	390	0	0
13	391	0	0
13	392	0	0
13	393	0	0
13	394	251	252
13	395	638	639
13	396	620	621
13	397	0	0
13	398	0	0
13	399	379	380
13	400	379	380
13	401	976	977
13	402	673	674
13	403	308	309
13	404	369	405
13	405	712	713
13	406	313	314
13	407	436	437
13	408	817	818
13	409	427	428
13	410	596	597
13	411	334	335
13	412	251	252
13	413	313	314
13	414	401	402
13	415	209	210
13	416	239	240
13	417	357	358
13	418	392	393
13	419	0	0
13	420	0	0
13	421	126	127
13	422	859	860
13	423	462	463
13	424	187	188
13	425	372	373
13	426	390	391
13	427	0	0
13	428	0	0
13	429	367	368
13	430	196	197
13	431	253	254
13	432	207	208
13	433	0	0
13	434	548	549
13	435	367	368
13	436	0	0
13	437	0	0
13	438	369	405
13	439	375	376
13	440	658	659
13	441	572	573
13	442	204	205
13	443	436	437
13	444	331	332
13	445	0	0
13	446	0	0
13	447	377	378
13	448	76	77
13	449	196	197
13	450	395	396
13	451	204	205
13	452	139	140
13	453	433	434
13	454	367	368
13	455	182	183
13	456	0	0
13	457	0	0
13	458	0	0
13	459	701	702
13	460	196	197
13	461	458	459
13	462	0	0
13	463	0	0
13	464	0	0
13	465	529	530
13	466	194	195
13	467	0	0
13	468	0	0
13	469	334	335
13	470	707	708
13	471	562	563
13	472	315	316
13	473	275	276
13	474	422	423
13	475	377	378
13	476	369	405
13	477	362	363
13	478	241	242
13	479	327	328
13	480	301	302
13	481	392	393
13	482	325	326
13	483	202	203
13	484	627	628
13	485	496	497
13	486	404	487
13	487	0	0
13	488	392	393
13	489	456	457
13	490	253	254
13	491	182	183
13	492	161	162
13	493	0	0
13	494	0	0
13	495	427	428
13	496	0	0
13	497	0	0
13	498	407	408
13	499	372	373
13	500	275	276
13	501	397	398
13	502	230	231
13	503	379	380
13	504	458	459
13	505	377	378
13	506	293	294
13	507	295	296
13	508	331	332
13	509	194	195
13	510	381	382
13	511	357	358
13	512	395	396
13	513	155	156
13	514	422	423
13	515	397	398
13	516	311	312
13	517	427	428
13	518	0	0
13	519	0	0
13	520	0	0
13	521	0	0
13	522	395	396
13	523	419	420
13	524	531	532
13	525	823	824
13	526	289	290
13	527	524	525
13	528	404	487
13	529	0	0
13	530	0	0
13	531	545	546
13	532	0	0
13	533	419	420
13	534	467	468
13	535	128	129
13	536	0	0
13	537	0	0
13	538	493	494
13	539	0	0
13	540	0	0
13	541	520	521
13	542	272	273
13	543	0	0
13	544	704	705
13	545	954	955
13	546	883	884
13	547	211	212
13	548	0	0
13	549	0	0
13	550	493	494
13	551	0	0
13	552	0	0
13	553	202	203
13	554	0	0
13	555	0	0
13	556	733	734
13	557	569	570
13	558	427	428
13	559	55	370
13	560	0	0
13	561	0	0
13	562	0	0
13	563	0	0
13	564	369	405
13	565	232	233
13	566	306	307
13	567	390	391
13	568	232	233
13	569	0	0
13	570	0	0
13	571	436	437
13	572	0	0
13	573	0	0
13	574	55	370
13	575	545	546
13	576	338	339
13	577	220	221
13	578	464	465
13	579	248	249
13	580	350	351
13	581	350	351
13	582	404	487
13	583	306	307
13	584	470	471
13	585	404	487
13	586	433	434
13	587	445	446
13	588	470	471
13	589	493	494
13	590	362	363
13	591	419	420
13	592	338	339
13	593	994	995
13	594	0	0
13	595	440	441
13	596	0	0
13	597	0	0
13	598	322	323
13	599	963	964
13	600	996	997
13	601	0	0
13	602	0	0
13	603	440	441
13	604	572	573
13	605	562	563
13	606	350	351
13	607	0	0
13	608	679	680
13	609	601	602
13	610	721	722
13	611	683	684
13	612	539	540
13	613	295	296
13	614	381	382
13	615	556	557
13	616	599	600
13	617	0	0
13	618	0	0
13	619	342	343
13	620	0	0
13	621	0	0
13	622	548	549
13	623	381	382
13	624	599	600
13	625	548	549
13	626	375	376
13	627	0	0
13	628	0	0
13	629	409	410
13	630	390	391
13	631	651	652
13	632	880	881
13	633	462	463
13	634	607	608
13	635	531	532
13	636	334	335
13	637	55	370
13	638	0	0
13	639	0	0
13	640	529	530
13	641	548	549
13	642	357	358
13	643	627	628
13	644	315	316
13	645	0	0
13	646	0	0
13	647	217	218
13	648	251	252
13	649	409	410
13	650	325	326
13	651	0	0
13	652	0	0
13	653	325	326
13	654	596	597
13	655	311	312
13	656	383	384
13	657	256	257
13	658	0	0
13	659	0	0
13	660	610	611
13	661	486	662
13	662	849	850
13	663	336	337
13	664	661	665
13	665	0	0
13	666	599	600
13	667	211	212
13	668	467	468
13	669	336	337
13	670	661	665
13	671	651	652
13	672	536	537
13	673	0	0
13	674	0	0
13	675	752	753
13	676	726	727
13	677	342	343
13	678	543	544
13	679	0	0
13	680	0	0
13	681	217	218
13	682	484	485
13	683	0	0
13	684	0	0
13	685	518	519
13	686	239	240
13	687	607	608
13	688	601	602
13	689	569	570
13	690	262	263
13	691	458	459
13	692	562	563
13	693	593	594
13	694	607	608
13	695	562	563
13	696	554	555
13	697	596	597
13	698	128	129
13	699	596	597
13	700	683	684
13	701	921	922
13	702	0	0
13	703	440	441
13	704	758	759
13	705	842	843
13	706	551	552
13	707	0	0
13	708	0	0
13	709	347	348
13	710	433	434
13	711	554	555
13	712	0	0
13	713	851	852
13	714	462	463
13	715	556	557
13	716	336	337
13	717	436	437
13	718	556	557
13	719	484	485
13	720	543	544
13	721	0	0
13	722	0	0
13	723	679	680
13	724	0	0
13	725	0	0
13	726	0	0
13	727	868	869
13	728	726	727
13	729	675	676
13	730	409	410
13	731	496	497
13	732	645	646
13	733	0	0
13	734	0	0
13	735	362	363
13	736	931	932
13	737	0	0
13	738	658	659
13	739	658	659
13	740	445	446
13	741	638	639
13	742	407	408
13	743	518	519
13	744	518	519
13	745	679	680
13	746	707	708
13	747	658	659
13	748	545	546
13	749	726	727
13	750	456	457
13	751	401	402
13	752	756	757
13	753	949	950
13	754	445	446
13	755	401	402
13	756	794	795
13	757	0	0
13	758	0	0
13	759	864	865
13	760	293	294
13	761	422	423
13	762	0	0
13	763	0	0
13	764	293	294
13	765	543	544
13	766	464	465
13	767	470	471
13	768	407	408
13	769	529	530
13	770	0	0
13	771	0	0
13	772	651	652
13	773	645	646
13	774	683	684
13	775	496	497
13	776	683	684
13	777	572	573
13	778	593	594
13	779	520	521
13	780	545	546
13	781	529	530
13	782	322	323
13	783	372	373
13	784	262	263
13	785	347	348
13	786	289	290
13	787	0	0
13	788	0	0
13	789	756	757
13	790	383	384
13	791	331	332
13	792	787	788
13	793	617	618
13	794	927	928
13	795	839	840
13	796	756	757
13	797	726	727
13	798	0	0
13	799	0	0
13	800	638	639
13	801	462	463
13	802	0	0
13	803	0	0
13	804	593	594
13	805	794	795
13	806	560	561
13	807	217	218
13	808	520	521
13	809	0	0
13	810	875	876
13	811	798	799
13	812	484	485
13	813	560	561
13	814	707	708
13	815	645	646
13	816	770	771
13	817	0	0
13	818	0	0
13	819	486	662
13	820	794	795
13	821	347	348
13	822	496	497
13	823	856	857
13	824	873	874
13	825	675	676
13	826	610	611
13	827	572	573
13	828	756	757
13	829	539	540
13	830	601	602
13	831	823	824
13	832	724	725
13	833	631	632
13	834	673	674
13	835	661	665
13	836	0	0
13	837	0	0
13	838	289	290
13	839	919	920
13	840	885	886
13	841	762	763
13	842	957	958
13	843	893	894
13	844	383	384
13	845	551	552
13	846	631	632
13	847	673	674
13	848	704	705
13	849	889	890
13	850	0	0
13	851	862	863
13	852	866	867
13	853	0	0
13	854	0	0
13	855	551	552
13	856	0	0
13	857	961	962
13	858	701	702
13	859	0	0
13	860	0	0
13	861	524	525
13	862	0	0
13	863	0	0
13	864	0	0
13	865	0	0
13	866	991	992
13	867	0	0
13	868	0	0
13	869	0	0
13	870	627	628
13	871	0	0
13	872	916	917
13	873	944	945
13	874	0	0
13	875	0	0
13	876	0	0
13	877	875	876
13	878	817	818
13	879	736	737
13	880	0	0
13	881	0	0
13	882	770	771
13	883	0	0
13	884	0	0
13	885	0	0
13	886	986	987
13	887	817	818
13	888	322	323
13	889	0	0
13	890	942	943
13	891	620	621
13	892	707	708
13	893	0	0
13	894	0	0
13	895	721	722
13	896	758	759
13	897	787	788
13	898	338	339
13	899	842	843
13	900	752	753
13	901	531	532
13	902	673	674
13	903	853	854
13	904	661	665
13	905	836	837
13	906	802	803
13	907	617	618
13	908	823	824
13	909	859	860
13	910	859	860
13	911	721	722
13	912	868	869
13	913	610	611
13	914	712	713
13	915	794	795
13	916	0	0
13	917	0	0
13	918	736	737
13	919	973	974
13	920	0	0
13	921	925	926
13	922	0	0
13	923	823	824
13	924	866	867
13	925	0	0
13	926	0	0
13	927	0	0
13	928	946	947
13	929	486	662
13	930	856	857
13	931	0	0
13	932	0	0
13	933	787	788
13	934	873	874
13	935	536	537
13	936	569	570
13	937	560	561
13	938	889	890
13	939	638	639
13	940	758	759
13	941	817	818
13	942	0	0
13	943	0	0
13	944	0	0
13	945	0	0
13	946	0	0
13	947	965	966
13	948	758	759
13	949	0	0
13	950	0	0
13	951	721	722
13	952	868	869
13	953	885	886
13	954	0	0
13	955	0	0
13	956	946	947
13	957	0	0
13	958	0	0
13	959	798	799
13	960	862	863
13	961	0	0
13	962	0	0
13	963	0	0
13	964	0	0
13	965	0	0
13	966	982	983
13	967	397	398
13	968	536	537
13	969	675	676
13	970	627	628
13	971	871	872
13	972	883	884
13	973	0	0
13	974	0	0
13	975	554	555
13	976	0	0
13	977	0	0
13	978	868	869
13	979	762	763
13	980	976	977
13	981	802	803
13	982	0	0
13	983	0	0
13	984	916	917
13	985	927	928
13	986	0	0
13	987	0	0
13	988	866	867
13	989	866	867
13	990	798	799
13	991	0	0
13	992	0	0
13	993	704	705
13	994	0	0
13	995	0	0
13	996	0	0
13	997	0	0
13	998	965	966
13	999	919	920
13	1000	871	872
