8	1	0	0
8	2	1	3
8	3	0	0
8	4	1	3
8	5	1	3
8	6	1	3
8	7	2	8
8	8	11	12
8	9	2	8
8	10	2	8
8	11	0	0
8	12	0	0
8	13	11	12
8	14	11	12
8	15	11	12
8	16	2	8
8	17	7	18
8	18	21	22
8	19	17	20
8	20	45	46
8	21	110	111
8	22	42	43
8	23	21	22
8	24	17	20
8	25	19	26
8	26	28	29
8	27	21	22
8	28	32	33
8	29	54	55
8	30	28	29
8	31	19	26
8	32	51	52
8	33	57	58
8	34	19	26
8	35	28	29
8	36	17	20
8	37	17	20
8	38	7	18
8	39	19	26
8	40	7	18
8	41	21	22
8	42	0	0
8	43	0	0
8	44	28	29
8	45	47	48
8	46	83	84
8	47	49	50
8	48	85	86
8	49	0	0
8	50	0	0
8	51	92	93
8	52	87	88
8	53	42	43
8	54	77	78
8	55	79	80
8	56	45	46
8	57	60	61
8	58	142	143
8	59	32	33
8	60	0	0
8	61	0	0
8	62	49	50
8	63	47	48
8	64	7	18
8	65	54	55
8	66	57	58
8	67	60	61
8	68	45	46
8	69	49	50
8	70	45	46
8	71	49	50
8	72	51	52
8	73	25	74
8	74	158	159
8	75	73	76
8	76	97	98
8	77	265	266
8	78	81	82
8	79	198	199
8	80	130	131
8	81	0	0
8	82	0	0
8	83	94	95
8	84	214	215
8	85	0	0
8	86	0	0
8	87	0	0
8	88	0	0
8	89	87	88
8	90	87	88
8	91	81	82
8	92	0	0
8	93	0	0
8	94	0	0
8	95	0	0
8	96	51	52
8	97	101	102
8	98	108	109
8	99	87	88
8	100	77	78
8	101	118	119
8	102	114	115
8	103	79	80
8	104	73	76
8	105	83	84
8	106	97	98
8	107	101	102
8	108	189	190
8	109	207	208
8	110	0	0
8	111	0	0
8	112	85	86
8	113	101	102
8	114	150	151
8	115	178	179
8	116	94	95
8	117	77	78
8	118	195	196
8	119	0	0
8	120	77	78
8	121	75	122
8	122	135	136
8	123	97	98
8	124	118	119
8	125	73	76
8	126	60	61
8	127	75	122
8	128	54	55
8	129	57	58
8	130	0	0
8	131	0	0
8	132	110	111
8	133	47	48
8	134	75	122
8	135	146	147
8	136	216	217
8	137	73	76
8	138	130	131
8	139	81	82
8	140	85	86
8	141	54	55
8	142	0	0
8	143	0	0
8	144	75	122
8	145	142	143
8	146	181	182
8	147	221	222
8	148	114	115
8	149	60	61
8	150	252	253
8	151	0	0
8	152	25	74
8	153	121	154
8	154	0	0
8	155	146	147
8	156	42	43
8	157	118	119
8	158	167	168
8	159	0	0
8	160	92	93
8	161	158	159
8	162	79	80
8	163	83	84
8	164	92	93
8	165	108	109
8	166	110	111
8	167	281	282
8	168	254	255
8	169	57	58
8	170	167	168
8	171	47	48
8	172	42	43
8	173	32	33
8	174	142	143
8	175	150	151
8	176	130	131
8	177	146	147
8	178	209	210
8	179	205	206
8	180	25	74
8	181	0	0
8	182	291	292
8	183	114	115
8	184	118	119
8	185	51	52
8	186	130	131
8	187	153	188
8	188	0	0
8	189	279	280
8	190	285	286
8	191	153	188
8	192	146	147
8	193	97	98
8	194	158	159
8	195	245	246
8	196	0	0
8	197	189	190
8	198	0	0
8	199	0	0
8	200	195	196
8	201	25	74
8	202	121	154
8	203	110	111
8	204	195	196
8	205	212	213
8	206	293	294
8	207	0	0
8	208	230	231
8	209	297	298
8	210	218	219
8	211	92	93
8	212	0	0
8	213	0	0
8	214	0	0
8	215	0	0
8	216	0	0
8	217	237	238
8	218	0	0
8	219	0	0
8	220	181	182
8	221	242	243
8	222	258	259
8	223	181	182
8	224	216	217
8	225	142	143
8	226	207	208
8	227	83	84
8	228	216	217
8	229	135	136
8	230	0	0
8	231	0	0
8	232	216	217
8	233	178	179
8	234	153	188
8	235	150	151
8	236	150	151
8	237	0	0
8	238	0	0
8	239	94	95
8	240	94	95
8	241	230	231
8	242	0	0
8	243	261	262
8	244	207	208
8	245	0	0
8	246	0	0
8	247	212	213
8	248	153	188
8	249	207	208
8	250	32	33
8	251	178	179
8	252	267	268
8	253	277	278
8	254	0	0
8	255	0	0
8	256	85	86
8	257	230	231
8	258	0	0
8	259	287	288
8	260	79	80
8	261	0	0
8	262	0	0
8	263	181	182
8	264	252	253
8	265	0	0
8	266	0	0
8	267	0	0
8	268	0	0
8	269	195	196
8	270	209	210
8	271	252	253
8	272	209	210
8	273	212	213
8	274	167	168
8	275	242	243
8	276	121	154
8	277	0	0
8	278	0	0
8	279	0	0
8	280	0	0
8	281	0	0
8	282	0	0
8	283	178	179
8	284	245	246
8	285	0	0
8	286	0	0
8	287	0	0
8	288	0	0
8	289	258	259
8	290	245	246
8	291	0	0
8	292	0	0
8	293	0	0
8	294	0	0
8	295	237	238
8	296	279	280
8	297	0	0
8	298	0	0
8	299	209	210
8	300	267	268
