14	1	0	0
14	2	1	3
14	3	0	0
14	4	1	3
14	5	1	3
14	6	2	7
14	7	0	0
14	8	1	3
14	9	6	10
14	10	54	55
14	11	9	12
14	12	94	95
14	13	11	14
14	14	15	16
14	15	18	19
14	16	0	0
14	17	15	16
14	18	27	28
14	19	0	0
14	20	6	10
14	21	11	14
14	22	2	7
14	23	15	16
14	24	15	16
14	25	13	26
14	26	0	0
14	27	0	0
14	28	35	36
14	29	13	26
14	30	18	19
14	31	9	12
14	32	9	12
14	33	11	14
14	34	9	12
14	35	0	0
14	36	0	0
14	37	25	38
14	38	48	49
14	39	2	7
14	40	27	28
14	41	13	26
14	42	18	19
14	43	37	44
14	44	0	0
14	45	25	38
14	46	6	10
14	47	2	7
14	48	84	85
14	49	58	59
14	50	48	49
14	51	11	14
14	52	6	10
14	53	25	38
14	54	80	81
14	55	73	74
14	56	25	38
14	57	18	19
14	58	0	0
14	59	0	0
14	60	48	49
14	61	27	28
14	62	54	55
14	63	37	44
14	64	48	49
14	65	35	36
14	66	27	28
14	67	58	59
14	68	37	44
14	69	54	55
14	70	54	55
14	71	43	72
14	72	75	76
14	73	0	0
14	74	0	0
14	75	82	83
14	76	78	79
14	77	37	44
14	78	0	0
14	79	0	0
14	80	0	0
14	81	0	0
14	82	86	87
14	83	0	0
14	84	96	97
14	85	0	0
14	86	0	0
14	87	0	0
14	88	35	36
14	89	13	26
14	90	84	85
14	91	84	85
14	92	78	79
14	93	73	74
14	94	0	0
14	95	0	0
14	96	0	0
14	97	0	0
14	98	94	95
14	99	80	81
14	100	0	0
