42	1	0	0
42	2	1	3
42	3	0	0
42	4	2	5
42	5	6	7
42	6	0	0
42	7	0	0
42	8	6	7
42	9	1	3
42	10	1	3
42	11	1	3
42	12	6	7
42	13	6	7
42	14	4	15
42	15	18	19
42	16	4	15
42	17	2	5
42	18	25	26
42	19	33	34
42	20	4	15
42	21	2	5
42	22	18	19
42	23	18	19
42	24	2	5
42	25	0	0
42	26	0	0
42	27	25	26
42	28	25	26
42	29	4	15
42	30	25	26
42	31	14	32
42	32	35	36
42	33	0	0
42	34	0	0
42	35	44	45
42	36	47	48
42	37	18	19
42	38	35	36
42	39	31	40
42	40	52	53
42	41	14	32
42	42	35	36
42	43	35	36
42	44	111	112
42	45	49	50
42	46	33	34
42	47	75	76
42	48	61	62
42	49	0	0
42	50	0	0
42	51	33	34
42	52	133	134
42	53	54	55
42	54	80	81
42	55	63	64
42	56	47	48
42	57	54	55
42	58	44	45
42	59	54	55
42	60	33	34
42	61	0	0
42	62	0	0
42	63	121	122
42	64	0	0
42	65	49	50
42	66	49	50
42	67	39	68
42	68	82	83
42	69	63	64
42	70	14	32
42	71	49	50
42	72	31	40
42	73	54	55
42	74	47	48
42	75	0	0
42	76	0	0
42	77	31	40
42	78	44	45
42	79	44	45
42	80	85	86
42	81	175	176
42	82	104	105
42	83	92	93
42	84	82	83
42	85	0	0
42	86	0	0
42	87	14	32
42	88	39	68
42	89	75	76
42	90	82	83
42	91	63	64
42	92	135	136
42	93	97	98
42	94	67	95
42	95	123	124
42	96	52	53
42	97	169	170
42	98	138	139
42	99	85	86
42	100	63	64
42	101	85	86
42	102	31	40
42	103	80	81
42	104	109	110
42	105	118	119
42	106	94	107
42	107	0	0
42	108	97	98
42	109	0	0
42	110	0	0
42	111	0	0
42	112	0	0
42	113	97	98
42	114	109	110
42	115	104	105
42	116	61	62
42	117	67	95
42	118	0	0
42	119	0	0
42	120	52	53
42	121	0	0
42	122	0	0
42	123	182	183
42	124	171	172
42	125	61	62
42	126	106	127
42	127	129	130
42	128	104	105
42	129	141	142
42	130	145	146
42	131	92	93
42	132	47	48
42	133	0	0
42	134	0	0
42	135	173	174
42	136	0	0
42	137	82	83
42	138	0	0
42	139	196	197
42	140	111	112
42	141	0	0
42	142	0	0
42	143	61	62
42	144	85	86
42	145	161	162
42	146	157	158
42	147	97	98
42	148	121	122
42	149	109	110
42	150	39	68
42	151	75	76
42	152	123	124
42	153	52	53
42	154	75	76
42	155	67	95
42	156	121	122
42	157	0	0
42	158	0	0
42	159	111	112
42	160	92	93
42	161	166	167
42	162	0	0
42	163	138	139
42	164	129	130
42	165	80	81
42	166	0	0
42	167	0	0
42	168	106	127
42	169	0	0
42	170	0	0
42	171	190	191
42	172	0	0
42	173	185	186
42	174	0	0
42	175	0	0
42	176	0	0
42	177	106	127
42	178	104	105
42	179	173	174
42	180	67	95
42	181	169	170
42	182	0	0
42	183	187	188
42	184	138	139
42	185	0	0
42	186	0	0
42	187	0	0
42	188	0	0
42	189	157	158
42	190	0	0
42	191	192	193
42	192	0	0
42	193	0	0
42	194	129	130
42	195	123	124
42	196	0	0
42	197	0	0
42	198	187	188
42	199	161	162
42	200	138	139
