47	1	0	0
47	2	1	3
47	3	0	0
47	4	1	3
47	5	2	6
47	6	15	16
47	7	2	6
47	8	2	6
47	9	1	3
47	10	5	11
47	11	42	43
47	12	2	6
47	13	10	14
47	14	22	23
47	15	0	0
47	16	0	0
47	17	1	3
47	18	10	14
47	19	5	11
47	20	15	16
47	21	5	11
47	22	59	60
47	23	25	26
47	24	22	23
47	25	27	28
47	26	38	39
47	27	0	0
47	28	0	0
47	29	27	28
47	30	22	23
47	31	25	26
47	32	15	16
47	33	15	16
47	34	25	26
47	35	10	14
47	36	25	26
47	37	22	23
47	38	0	0
47	39	0	0
47	40	27	28
47	41	27	28
47	42	53	54
47	43	48	49
47	44	42	43
47	45	38	39
47	46	13	47
47	47	131	132
47	48	0	0
47	49	0	0
47	50	13	47
47	51	5	11
47	52	48	49
47	53	0	0
47	54	0	0
47	55	53	54
47	56	10	14
47	57	13	47
47	58	38	39
47	59	62	63
47	60	64	65
47	61	13	47
47	62	0	0
47	63	0	0
47	64	0	0
47	65	0	0
47	66	62	63
47	67	46	68
47	68	89	90
47	69	46	68
47	70	59	60
47	71	59	60
47	72	59	60
47	73	48	49
47	74	46	68
47	75	67	76
47	76	0	0
47	77	38	39
47	78	42	43
47	79	67	76
47	80	42	43
47	81	48	49
47	82	67	76
47	83	64	65
47	84	62	63
47	85	53	54
47	86	67	76
47	87	64	65
47	88	62	63
47	89	98	99
47	90	106	107
47	91	53	54
47	92	75	93
47	93	100	101
47	94	75	93
47	95	75	93
47	96	64	65
47	97	75	93
47	98	108	109
47	99	0	0
47	100	0	0
47	101	104	105
47	102	98	99
47	103	100	101
47	104	144	145
47	105	0	0
47	106	0	0
47	107	0	0
47	108	112	113
47	109	128	129
47	110	98	99
47	111	98	99
47	112	178	179
47	113	0	0
47	114	92	115
47	115	118	119
47	116	108	109
47	117	92	115
47	118	158	159
47	119	121	122
47	120	118	119
47	121	0	0
47	122	126	127
47	123	89	90
47	124	89	90
47	125	108	109
47	126	134	135
47	127	154	155
47	128	197	198
47	129	0	0
47	130	112	113
47	131	0	0
47	132	0	0
47	133	108	109
47	134	148	149
47	135	161	162
47	136	114	137
47	137	0	0
47	138	104	105
47	139	104	105
47	140	131	132
47	141	114	137
47	142	136	143
47	143	151	152
47	144	0	0
47	145	174	175
47	146	89	90
47	147	106	107
47	148	0	0
47	149	0	0
47	150	100	101
47	151	0	0
47	152	171	172
47	153	134	135
47	154	167	168
47	155	163	164
47	156	148	149
47	157	92	115
47	158	0	0
47	159	180	181
47	160	112	113
47	161	0	0
47	162	0	0
47	163	0	0
47	164	0	0
47	165	104	105
47	166	126	127
47	167	0	0
47	168	0	0
47	169	106	107
47	170	148	149
47	171	0	0
47	172	184	185
47	173	131	132
47	174	0	0
47	175	0	0
47	176	142	177
47	177	0	0
47	178	0	0
47	179	0	0
47	180	187	188
47	181	0	0
47	182	161	162
47	183	161	162
47	184	0	0
47	185	0	0
47	186	136	143
47	187	0	0
47	188	0	0
47	189	136	143
47	190	178	179
47	191	136	143
47	192	46	68
47	193	163	164
47	194	121	122
47	195	144	145
47	196	180	181
47	197	0	0
47	198	0	0
47	199	171	172
47	200	142	177
