23	1	0	0
23	2	1	3
23	3	0	0
23	4	2	5
23	5	7	8
23	6	1	3
23	7	0	0
23	8	0	0
23	9	4	10
23	10	13	14
23	11	7	8
23	12	2	5
23	13	30	31
23	14	15	16
23	15	0	0
23	16	0	0
23	17	9	18
23	18	26	27
23	19	2	5
23	20	7	8
23	21	7	8
23	22	1	3
23	23	2	5
23	24	9	18
23	25	15	16
23	26	28	29
23	27	39	40
23	28	35	36
23	29	33	34
23	30	0	0
23	31	0	0
23	32	15	16
23	33	0	0
23	34	0	0
23	35	0	0
23	36	0	0
23	37	26	27
23	38	13	14
23	39	46	47
23	40	57	58
23	41	9	18
23	42	4	10
23	43	30	31
23	44	39	40
23	45	30	31
23	46	0	0
23	47	0	0
23	48	1	3
23	49	4	10
23	50	15	16
23	51	26	27
23	52	9	18
23	53	33	34
23	54	13	14
23	55	28	29
23	56	4	10
23	57	0	0
23	58	0	0
23	59	28	29
23	60	35	36
23	61	35	36
23	62	28	29
23	63	39	40
23	64	35	36
23	65	13	14
23	66	26	27
23	67	17	68
23	68	135	136
23	69	33	34
23	70	17	68
23	71	46	47
23	72	33	34
23	73	57	58
23	74	46	47
23	75	57	58
23	76	57	58
23	77	30	31
23	78	67	79
23	79	80	81
23	80	84	85
23	81	99	100
23	82	78	83
23	83	0	0
23	84	157	158
23	85	137	138
23	86	17	68
23	87	39	40
23	88	67	79
23	89	84	85
23	90	84	85
23	91	82	92
23	92	114	115
23	93	17	68
23	94	46	47
23	95	78	83
23	96	80	81
23	97	80	81
23	98	82	92
23	99	165	166
23	100	0	0
23	101	80	81
23	102	91	103
23	103	104	105
23	104	131	132
23	105	0	0
23	106	78	83
23	107	91	103
23	108	84	85
23	109	99	100
23	110	104	105
23	111	78	83
23	112	67	79
23	113	91	103
23	114	118	119
23	115	116	117
23	116	120	121
23	117	207	208
23	118	125	126
23	119	159	160
23	120	145	146
23	121	139	140
23	122	99	100
23	123	114	115
23	124	67	79
23	125	128	129
23	126	150	151
23	127	114	115
23	128	173	174
23	129	0	0
23	130	116	117
23	131	161	162
23	132	143	144
23	133	128	129
23	134	128	129
23	135	0	0
23	136	192	193
23	137	232	233
23	138	179	180
23	139	0	0
23	140	289	290
23	141	135	136
23	142	131	132
23	143	0	0
23	144	214	215
23	145	0	0
23	146	167	168
23	147	145	146
23	148	128	129
23	149	120	121
23	150	183	184
23	151	0	0
23	152	91	103
23	153	139	140
23	154	118	119
23	155	99	100
23	156	120	121
23	157	205	206
23	158	0	0
23	159	171	172
23	160	0	0
23	161	248	249
23	162	0	0
23	163	120	121
23	164	131	132
23	165	0	0
23	166	242	243
23	167	294	295
23	168	222	223
23	169	114	115
23	170	167	168
23	171	203	204
23	172	200	201
23	173	0	0
23	174	251	252
23	175	145	146
23	176	137	138
23	177	159	160
23	178	157	158
23	179	261	262
23	180	0	0
23	181	157	158
23	182	145	146
23	183	0	0
23	184	194	195
23	185	82	92
23	186	82	92
23	187	137	138
23	188	104	105
23	189	171	172
23	190	104	105
23	191	157	158
23	192	273	274
23	193	0	0
23	194	217	218
23	195	198	199
23	196	165	166
23	197	159	160
23	198	0	0
23	199	0	0
23	200	0	0
23	201	0	0
23	202	161	162
23	203	0	0
23	204	0	0
23	205	265	266
23	206	0	0
23	207	284	285
23	208	209	210
23	209	212	213
23	210	0	0
23	211	135	136
23	212	0	0
23	213	227	228
23	214	286	287
23	215	0	0
23	216	150	151
23	217	0	0
23	218	0	0
23	219	203	204
23	220	173	174
23	221	116	117
23	222	0	0
23	223	0	0
23	224	192	193
23	225	159	160
23	226	116	117
23	227	257	258
23	228	245	246
23	229	173	174
23	230	150	151
23	231	118	119
23	232	0	0
23	233	0	0
23	234	135	136
23	235	118	119
23	236	137	138
23	237	102	238
23	238	255	256
23	239	205	206
23	240	131	132
23	241	171	172
23	242	0	0
23	243	275	276
23	244	102	238
23	245	0	0
23	246	0	0
23	247	183	184
23	248	0	0
23	249	0	0
23	250	167	168
23	251	0	0
23	252	0	0
23	253	102	238
23	254	125	126
23	255	0	0
23	256	0	0
23	257	0	0
23	258	0	0
23	259	139	140
23	260	242	243
23	261	0	0
23	262	0	0
23	263	217	218
23	264	183	184
23	265	0	0
23	266	0	0
23	267	227	228
23	268	255	256
23	269	251	252
23	270	214	215
23	271	212	213
23	272	173	174
23	273	0	0
23	274	296	297
23	275	0	0
23	276	0	0
23	277	207	208
23	278	198	199
23	279	171	172
23	280	275	276
23	281	222	223
23	282	207	208
23	283	161	162
23	284	0	0
23	285	0	0
23	286	0	0
23	287	0	0
23	288	265	266
23	289	0	0
23	290	0	0
23	291	217	218
23	292	289	290
23	293	205	206
23	294	0	0
23	295	0	0
23	296	0	0
23	297	0	0
23	298	242	243
23	299	150	151
23	300	167	168
