11	1	0	0
11	2	1	3
11	3	0	0
11	4	1	3
11	5	1	3
11	6	1	3
11	7	2	8
11	8	31	32
11	9	2	8
11	10	2	8
11	11	7	12
11	12	21	22
11	13	7	12
11	14	11	15
11	15	16	17
11	16	19	20
11	17	53	54
11	18	7	12
11	19	91	92
11	20	27	28
11	21	49	50
11	22	86	87
11	23	19	20
11	24	11	15
11	25	7	12
11	26	21	22
11	27	0	0
11	28	0	0
11	29	21	22
11	30	27	28
11	31	0	0
11	32	0	0
11	33	19	20
11	34	14	35
11	35	62	63
11	36	16	17
11	37	21	22
11	38	2	8
11	39	16	17
11	40	14	35
11	41	11	15
11	42	14	35
11	43	14	35
11	44	19	20
11	45	16	17
11	46	27	28
11	47	11	15
11	48	31	32
11	49	0	0
11	50	0	0
11	51	27	28
11	52	49	50
11	53	64	65
11	54	55	56
11	55	0	0
11	56	0	0
11	57	31	32
11	58	53	54
11	59	34	60
11	60	101	102
11	61	31	32
11	62	69	70
11	63	128	129
11	64	0	0
11	65	0	0
11	66	53	54
11	67	59	68
11	68	80	81
11	69	71	72
11	70	210	211
11	71	107	108
11	72	82	83
11	73	59	68
11	74	34	60
11	75	55	56
11	76	55	56
11	77	71	72
11	78	64	65
11	79	62	63
11	80	217	218
11	81	147	148
11	82	0	0
11	83	0	0
11	84	71	72
11	85	69	70
11	86	0	0
11	87	0	0
11	88	69	70
11	89	69	70
11	90	64	65
11	91	0	0
11	92	0	0
11	93	64	65
11	94	82	83
11	95	86	87
11	96	82	83
11	97	91	92
11	98	53	54
11	99	91	92
11	100	86	87
11	101	119	120
11	102	109	110
11	103	86	87
11	104	59	68
11	105	101	102
11	106	55	56
11	107	0	0
11	108	0	0
11	109	130	131
11	110	112	113
11	111	109	110
11	112	115	116
11	113	0	0
11	114	107	108
11	115	201	202
11	116	181	182
11	117	71	72
11	118	80	81
11	119	0	0
11	120	126	127
11	121	91	92
11	122	112	113
11	123	119	120
11	124	101	102
11	125	59	68
11	126	270	271
11	127	212	213
11	128	134	135
11	129	137	138
11	130	142	143
11	131	0	0
11	132	115	116
11	133	49	50
11	134	149	150
11	135	192	193
11	136	80	81
11	137	139	140
11	138	0	0
11	139	0	0
11	140	0	0
11	141	34	60
11	142	0	0
11	143	145	146
11	144	139	140
11	145	0	0
11	146	0	0
11	147	152	153
11	148	263	264
11	149	0	0
11	150	0	0
11	151	137	138
11	152	168	169
11	153	227	228
11	154	142	143
11	155	62	63
11	156	149	150
11	157	34	60
11	158	128	129
11	159	119	120
11	160	149	150
11	161	126	127
11	162	109	110
11	163	67	164
11	164	0	0
11	165	145	146
11	166	49	50
11	167	139	140
11	168	273	274
11	169	197	198
11	170	142	143
11	171	109	110
11	172	126	127
11	173	130	131
11	174	130	131
11	175	80	81
11	176	101	102
11	177	67	164
11	178	145	146
11	179	137	138
11	180	139	140
11	181	0	0
11	182	0	0
11	183	82	83
11	184	119	120
11	185	142	143
11	186	137	138
11	187	149	150
11	188	128	129
11	189	107	108
11	190	112	113
11	191	62	63
11	192	0	0
11	193	0	0
11	194	126	127
11	195	115	116
11	196	130	131
11	197	207	208
11	198	0	0
11	199	128	129
11	200	145	146
11	201	0	0
11	202	0	0
11	203	147	148
11	204	67	164
11	205	181	182
11	206	115	116
11	207	0	0
11	208	0	0
11	209	181	182
11	210	0	0
11	211	239	240
11	212	225	226
11	213	234	235
11	214	168	169
11	215	197	198
11	216	197	198
11	217	236	237
11	218	242	243
11	219	112	113
11	220	67	164
11	221	217	218
11	222	217	218
11	223	134	135
11	224	147	148
11	225	0	0
11	226	0	0
11	227	286	287
11	228	278	279
11	229	163	230
11	230	267	268
11	231	217	218
11	232	163	230
11	233	201	202
11	234	0	0
11	235	0	0
11	236	0	0
11	237	256	257
11	238	234	235
11	239	0	0
11	240	0	0
11	241	239	240
11	242	0	0
11	243	0	0
11	244	229	245
11	245	0	0
11	246	134	135
11	247	236	237
11	248	210	211
11	249	234	235
11	250	239	240
11	251	212	213
11	252	201	202
11	253	225	226
11	254	244	255
11	255	281	282
11	256	0	0
11	257	0	0
11	258	134	135
11	259	225	226
11	260	242	243
11	261	234	235
11	262	107	108
11	263	0	0
11	264	292	293
11	265	256	257
11	266	256	257
11	267	0	0
11	268	0	0
11	269	225	226
11	270	0	0
11	271	288	289
11	272	210	211
11	273	0	0
11	274	0	0
11	275	239	240
11	276	197	198
11	277	242	243
11	278	0	0
11	279	0	0
11	280	147	148
11	281	0	0
11	282	0	0
11	283	273	274
11	284	281	282
11	285	163	230
11	286	0	0
11	287	0	0
11	288	0	0
11	289	0	0
11	290	281	282
11	291	281	282
11	292	0	0
11	293	0	0
11	294	292	293
11	295	286	287
11	296	242	243
11	297	236	237
11	298	278	279
11	299	286	287
11	300	0	0
