31	1	0	0
31	2	1	3
31	3	0	0
31	4	2	5
31	5	8	9
31	6	1	3
31	7	1	3
31	8	0	0
31	9	0	0
31	10	8	9
31	11	1	3
31	12	4	13
31	13	19	20
31	14	8	9
31	15	2	5
31	16	2	5
31	17	2	5
31	18	8	9
31	19	29	30
31	20	27	28
31	21	12	22
31	22	39	40
31	23	12	22
31	24	4	13
31	25	12	22
31	26	12	22
31	27	0	0
31	28	0	0
31	29	0	0
31	30	0	0
31	31	21	32
31	32	53	54
31	33	29	30
31	34	19	20
31	35	31	36
31	36	43	44
31	37	4	13
31	38	29	30
31	39	47	48
31	40	90	91
31	41	19	20
31	42	29	30
31	43	64	65
31	44	138	139
31	45	43	44
31	46	43	44
31	47	61	62
31	48	78	79
31	49	47	48
31	50	21	32
31	51	43	44
31	52	27	28
31	53	102	103
31	54	178	179
31	55	31	36
31	56	47	48
31	57	21	32
31	58	39	40
31	59	27	28
31	60	4	13
31	61	0	0
31	62	0	0
31	63	19	20
31	64	66	67
31	65	75	76
31	66	69	70
31	67	100	101
31	68	21	32
31	69	209	210
31	70	97	98
31	71	47	48
31	72	61	62
31	73	66	67
31	74	53	54
31	75	189	190
31	76	85	86
31	77	66	67
31	78	0	0
31	79	0	0
31	80	31	36
31	81	66	67
31	82	31	36
31	83	64	65
31	84	61	62
31	85	113	114
31	86	119	120
31	87	53	54
31	88	27	28
31	89	75	76
31	90	160	161
31	91	129	130
31	92	61	62
31	93	85	86
31	94	90	91
31	95	39	40
31	96	78	79
31	97	0	0
31	98	0	0
31	99	85	86
31	100	131	132
31	101	121	122
31	102	146	147
31	103	136	137
31	104	35	105
31	105	162	163
31	106	53	54
31	107	75	76
31	108	102	103
31	109	104	110
31	110	148	149
31	111	97	98
31	112	104	110
31	113	0	0
31	114	0	0
31	115	90	91
31	116	85	86
31	117	64	65
31	118	104	110
31	119	0	0
31	120	0	0
31	121	0	0
31	122	0	0
31	123	121	122
31	124	102	103
31	125	121	122
31	126	119	120
31	127	104	110
31	128	119	120
31	129	0	0
31	130	0	0
31	131	0	0
31	132	0	0
31	133	102	103
31	134	119	120
31	135	131	132
31	136	464	465
31	137	283	284
31	138	225	226
31	139	275	276
31	140	138	139
31	141	97	98
31	142	64	65
31	143	121	122
31	144	90	91
31	145	35	105
31	146	711	712
31	147	150	151
31	148	182	183
31	149	180	181
31	150	0	0
31	151	0	0
31	152	150	151
31	153	109	154
31	154	197	198
31	155	136	137
31	156	97	98
31	157	100	101
31	158	146	147
31	159	136	137
31	160	0	0
31	161	0	0
31	162	202	203
31	163	204	205
31	164	35	105
31	165	162	163
31	166	146	147
31	167	131	132
31	168	153	169
31	169	455	456
31	170	69	70
31	171	148	149
31	172	69	70
31	173	146	147
31	174	113	114
31	175	78	79
31	176	109	154
31	177	78	79
31	178	362	363
31	179	285	286
31	180	199	200
31	181	303	304
31	182	235	236
31	183	232	233
31	184	129	130
31	185	109	154
31	186	109	154
31	187	131	132
31	188	160	161
31	189	404	405
31	190	206	207
31	191	35	105
31	192	168	193
31	193	249	250
31	194	138	139
31	195	100	101
31	196	100	101
31	197	389	390
31	198	259	260
31	199	426	427
31	200	448	449
31	201	160	161
31	202	245	246
31	203	341	342
31	204	222	223
31	205	237	238
31	206	0	0
31	207	0	0
31	208	113	114
31	209	0	0
31	210	0	0
31	211	206	207
31	212	199	200
31	213	168	193
31	214	206	207
31	215	199	200
31	216	129	130
31	217	113	114
31	218	192	219
31	219	912	913
31	220	148	149
31	221	153	169
31	222	229	230
31	223	265	266
31	224	148	149
31	225	252	253
31	226	486	487
31	227	189	190
31	228	162	163
31	229	367	368
31	230	305	306
31	231	75	76
31	232	601	602
31	233	261	262
31	234	153	169
31	235	331	332
31	236	383	384
31	237	279	280
31	238	460	461
31	239	189	190
31	240	225	226
31	241	150	151
31	242	222	223
31	243	225	226
31	244	150	151
31	245	497	498
31	246	395	396
31	247	197	198
31	248	235	236
31	249	489	490
31	250	467	468
31	251	222	223
31	252	277	278
31	253	864	865
31	254	178	179
31	255	129	130
31	256	209	210
31	257	209	210
31	258	162	163
31	259	450	451
31	260	599	600
31	261	0	0
31	262	308	309
31	263	192	219
31	264	229	230
31	265	269	270
31	266	312	313
31	267	197	198
31	268	206	207
31	269	536	537
31	270	295	296
31	271	204	205
31	272	178	179
31	273	269	270
31	274	136	137
31	275	472	473
31	276	480	481
31	277	0	0
31	278	0	0
31	279	325	326
31	280	0	0
31	281	269	270
31	282	204	205
31	283	0	0
31	284	0	0
31	285	291	292
31	286	346	347
31	287	199	200
31	288	235	236
31	289	153	169
31	290	279	280
31	291	0	0
31	292	0	0
31	293	235	236
31	294	261	262
31	295	0	0
31	296	0	0
31	297	283	284
31	298	295	296
31	299	192	219
31	300	275	276
31	301	138	139
31	302	237	238
31	303	835	836
31	304	322	323
31	305	349	350
31	306	547	548
31	307	69	70
31	308	338	339
31	309	319	320
31	310	229	230
31	311	283	284
31	312	615	616
31	313	483	484
31	314	182	183
31	315	285	286
31	316	197	198
31	317	237	238
31	318	291	292
31	319	453	454
31	320	359	360
31	321	202	203
31	322	0	0
31	323	417	418
31	324	178	179
31	325	437	438
31	326	458	459
31	327	269	270
31	328	295	296
31	329	303	304
31	330	259	260
31	331	955	956
31	332	411	412
31	333	237	238
31	334	168	193
31	335	265	266
31	336	259	260
31	337	331	332
31	338	446	447
31	339	422	423
31	340	305	306
31	341	392	393
31	342	439	440
31	343	245	246
31	344	180	181
31	345	319	320
31	346	0	0
31	347	0	0
31	348	283	284
31	349	0	0
31	350	0	0
31	351	168	193
31	352	279	280
31	353	265	266
31	354	249	250
31	355	252	253
31	356	285	286
31	357	225	226
31	358	291	292
31	359	0	0
31	360	0	0
31	361	252	253
31	362	365	366
31	363	511	512
31	364	279	280
31	365	0	0
31	366	0	0
31	367	569	570
31	368	407	408
31	369	308	309
31	370	222	223
31	371	308	309
31	372	285	286
31	373	338	339
31	374	359	360
31	375	229	230
31	376	325	326
31	377	261	262
31	378	365	366
31	379	39	40
31	380	277	278
31	381	182	183
31	382	259	260
31	383	469	470
31	384	555	556
31	385	295	296
31	386	359	360
31	387	160	161
31	388	365	366
31	389	625	626
31	390	557	558
31	391	245	246
31	392	748	749
31	393	513	514
31	394	180	181
31	395	640	641
31	396	430	431
31	397	291	292
31	398	312	313
31	399	303	304
31	400	341	342
31	401	331	332
31	402	252	253
31	403	303	304
31	404	0	0
31	405	0	0
31	406	404	405
31	407	0	0
31	408	0	0
31	409	305	306
31	410	245	246
31	411	0	0
31	412	432	433
31	413	192	219
31	414	180	181
31	415	395	396
31	416	338	339
31	417	525	526
31	418	491	492
31	419	322	323
31	420	407	408
31	421	305	306
31	422	0	0
31	423	0	0
31	424	322	323
31	425	261	262
31	426	820	821
31	427	462	463
31	428	411	412
31	429	277	278
31	430	529	530
31	431	500	501
31	432	508	509
31	433	503	504
31	434	365	366
31	435	312	313
31	436	407	408
31	437	0	0
31	438	0	0
31	439	595	596
31	440	0	0
31	441	312	313
31	442	432	433
31	443	407	408
31	444	232	233
31	445	422	423
31	446	0	0
31	447	0	0
31	448	586	587
31	449	0	0
31	450	582	583
31	451	0	0
31	452	204	205
31	453	0	0
31	454	0	0
31	455	518	519
31	456	505	506
31	457	455	456
31	458	0	0
31	459	0	0
31	460	691	692
31	461	881	882
31	462	0	0
31	463	549	550
31	464	0	0
31	465	0	0
31	466	209	210
31	467	0	0
31	468	0	0
31	469	709	710
31	470	621	622
31	471	460	461
31	472	562	563
31	473	0	0
31	474	346	347
31	475	395	396
31	476	432	433
31	477	392	393
31	478	331	332
31	479	341	342
31	480	651	652
31	481	592	593
31	482	392	393
31	483	0	0
31	484	0	0
31	485	483	484
31	486	605	606
31	487	552	553
31	488	426	427
31	489	0	0
31	490	769	770
31	491	694	695
31	492	540	541
31	493	469	470
31	494	277	278
31	495	232	233
31	496	325	326
31	497	623	624
31	498	0	0
31	499	319	320
31	500	0	0
31	501	0	0
31	502	265	266
31	503	0	0
31	504	0	0
31	505	619	620
31	506	597	598
31	507	497	498
31	508	0	0
31	509	0	0
31	510	275	276
31	511	0	0
31	512	0	0
31	513	670	671
31	514	590	591
31	515	503	504
31	516	218	517
31	517	627	628
31	518	0	0
31	519	0	0
31	520	338	339
31	521	513	514
31	522	417	418
31	523	417	418
31	524	202	203
31	525	538	539
31	526	564	565
31	527	508	509
31	528	426	427
31	529	0	0
31	530	0	0
31	531	446	447
31	532	426	427
31	533	529	530
31	534	359	360
31	535	518	519
31	536	0	0
31	537	0	0
31	538	0	0
31	539	0	0
31	540	0	0
31	541	0	0
31	542	518	519
31	543	483	484
31	544	540	541
31	545	395	396
31	546	383	384
31	547	0	0
31	548	0	0
31	549	673	674
31	550	866	867
31	551	249	250
31	552	0	0
31	553	0	0
31	554	308	309
31	555	928	929
31	556	566	567
31	557	707	708
31	558	660	661
31	559	472	473
31	560	392	393
31	561	182	183
31	562	0	0
31	563	0	0
31	564	0	0
31	565	0	0
31	566	743	744
31	567	637	638
31	568	564	565
31	569	0	0
31	570	0	0
31	571	469	470
31	572	557	558
31	573	513	514
31	574	505	506
31	575	319	320
31	576	362	363
31	577	566	567
31	578	232	233
31	579	508	509
31	580	349	350
31	581	547	548
31	582	0	0
31	583	0	0
31	584	464	465
31	585	458	459
31	586	0	0
31	587	855	856
31	588	518	519
31	589	430	431
31	590	0	0
31	591	0	0
31	592	0	0
31	593	0	0
31	594	404	405
31	595	634	635
31	596	719	720
31	597	745	746
31	598	697	698
31	599	689	690
31	600	680	681
31	601	734	735
31	602	764	765
31	603	202	203
31	604	341	342
31	605	0	0
31	606	0	0
31	607	513	514
31	608	562	563
31	609	189	190
31	610	483	484
31	611	582	583
31	612	536	537
31	613	362	363
31	614	605	606
31	615	0	0
31	616	0	0
31	617	511	512
31	618	437	438
31	619	773	774
31	620	751	752
31	621	818	819
31	622	0	0
31	623	727	728
31	624	758	759
31	625	0	0
31	626	0	0
31	627	777	778
31	628	0	0
31	629	469	470
31	630	362	363
31	631	417	418
31	632	411	412
31	633	538	539
31	634	0	0
31	635	0	0
31	636	595	596
31	637	0	0
31	638	0	0
31	639	489	490
31	640	705	706
31	641	0	0
31	642	592	593
31	643	557	558
31	644	511	512
31	645	619	620
31	646	601	602
31	647	462	463
31	648	634	635
31	649	505	506
31	650	411	412
31	651	0	0
31	652	0	0
31	653	448	449
31	654	599	600
31	655	566	567
31	656	437	438
31	657	586	587
31	658	590	591
31	659	491	492
31	660	0	0
31	661	716	717
31	662	601	602
31	663	586	587
31	664	615	616
31	665	536	537
31	666	453	454
31	667	508	509
31	668	455	456
31	669	547	548
31	670	0	0
31	671	0	0
31	672	549	550
31	673	0	0
31	674	0	0
31	675	634	635
31	676	586	587
31	677	439	440
31	678	422	423
31	679	637	638
31	680	853	854
31	681	0	0
31	682	458	459
31	683	566	567
31	684	439	440
31	685	670	671
31	686	458	459
31	687	346	347
31	688	562	563
31	689	0	0
31	690	878	879
31	691	741	742
31	692	0	0
31	693	595	596
31	694	0	0
31	695	0	0
31	696	552	553
31	697	800	801
31	698	699	700
31	699	839	840
31	700	860	861
31	701	464	465
31	702	450	451
31	703	640	641
31	704	460	461
31	705	0	0
31	706	0	0
31	707	0	0
31	708	810	811
31	709	753	754
31	710	972	973
31	711	0	0
31	712	0	0
31	713	462	463
31	714	349	350
31	715	389	390
31	716	0	0
31	717	984	985
31	718	694	695
31	719	0	0
31	720	0	0
31	721	552	553
31	722	453	454
31	723	464	465
31	724	582	583
31	725	557	558
31	726	480	481
31	727	0	0
31	728	0	0
31	729	699	700
31	730	500	501
31	731	462	463
31	732	707	708
31	733	536	537
31	734	885	886
31	735	0	0
31	736	590	591
31	737	503	504
31	738	540	541
31	739	670	671
31	740	623	624
31	741	0	0
31	742	0	0
31	743	0	0
31	744	0	0
31	745	793	794
31	746	0	0
31	747	432	433
31	748	827	828
31	749	825	826
31	750	552	553
31	751	959	960
31	752	837	838
31	753	0	0
31	754	0	0
31	755	491	492
31	756	697	698
31	757	741	742
31	758	0	0
31	759	0	0
31	760	383	384
31	761	660	661
31	762	430	431
31	763	540	541
31	764	0	0
31	765	874	875
31	766	691	692
31	767	694	695
31	768	491	492
31	769	869	870
31	770	791	792
31	771	711	712
31	772	758	759
31	773	895	896
31	774	845	846
31	775	748	749
31	776	547	548
31	777	0	0
31	778	0	0
31	779	505	506
31	780	758	759
31	781	601	602
31	782	716	717
31	783	460	461
31	784	599	600
31	785	745	746
31	786	404	405
31	787	748	749
31	788	511	512
31	789	325	326
31	790	472	473
31	791	0	0
31	792	0	0
31	793	0	0
31	794	0	0
31	795	562	563
31	796	716	717
31	797	389	390
31	798	486	487
31	799	525	526
31	800	841	842
31	801	815	816
31	802	758	759
31	803	707	708
31	804	346	347
31	805	745	746
31	806	707	708
31	807	697	698
31	808	716	717
31	809	525	526
31	810	0	0
31	811	829	830
31	812	734	735
31	813	525	526
31	814	599	600
31	815	0	0
31	816	988	989
31	817	349	350
31	818	0	0
31	819	0	0
31	820	900	901
31	821	0	0
31	822	486	487
31	823	680	681
31	824	753	754
31	825	0	0
31	826	0	0
31	827	0	0
31	828	0	0
31	829	0	0
31	830	858	859
31	831	745	746
31	832	711	712
31	833	538	539
31	834	605	606
31	835	897	898
31	836	933	934
31	837	887	888
31	838	940	941
31	839	0	0
31	840	0	0
31	841	0	0
31	842	871	872
31	843	472	473
31	844	592	593
31	845	0	0
31	846	893	894
31	847	275	276
31	848	455	456
31	849	753	754
31	850	697	698
31	851	835	836
31	852	389	390
31	853	0	0
31	854	0	0
31	855	0	0
31	856	0	0
31	857	815	816
31	858	962	963
31	859	970	971
31	860	0	0
31	861	0	0
31	862	709	710
31	863	673	674
31	864	0	0
31	865	0	0
31	866	0	0
31	867	0	0
31	868	818	819
31	869	0	0
31	870	0	0
31	871	948	949
31	872	925	926
31	873	595	596
31	874	923	924
31	875	0	0
31	876	866	867
31	877	874	875
31	878	0	0
31	879	0	0
31	880	764	765
31	881	0	0
31	882	966	967
31	883	625	626
31	884	640	641
31	885	0	0
31	886	982	983
31	887	0	0
31	888	938	939
31	889	621	622
31	890	835	836
31	891	705	706
31	892	835	836
31	893	0	0
31	894	0	0
31	895	0	0
31	896	0	0
31	897	0	0
31	898	957	958
31	899	529	530
31	900	0	0
31	901	986	987
31	902	885	886
31	903	467	468
31	904	480	481
31	905	829	830
31	906	878	879
31	907	866	867
31	908	640	641
31	909	869	870
31	910	555	556
31	911	627	628
31	912	990	991
31	913	0	0
31	914	625	626
31	915	800	801
31	916	751	752
31	917	829	830
31	918	845	846
31	919	860	861
31	920	773	774
31	921	881	882
31	922	841	842
31	923	0	0
31	924	0	0
31	925	0	0
31	926	0	0
31	927	793	794
31	928	0	0
31	929	0	0
31	930	450	451
31	931	719	720
31	932	887	888
31	933	0	0
31	934	0	0
31	935	900	901
31	936	564	565
31	937	855	856
31	938	952	953
31	939	942	943
31	940	0	0
31	941	0	0
31	942	0	0
31	943	0	0
31	944	670	671
31	945	912	913
31	946	709	710
31	947	938	939
31	948	0	0
31	949	0	0
31	950	625	626
31	951	912	913
31	952	0	0
31	953	0	0
31	954	938	939
31	955	0	0
31	956	0	0
31	957	0	0
31	958	0	0
31	959	0	0
31	960	0	0
31	961	691	692
31	962	0	0
31	963	0	0
31	964	818	819
31	965	912	913
31	966	0	0
31	967	0	0
31	968	439	440
31	969	448	449
31	970	0	0
31	971	0	0
31	972	0	0
31	973	0	0
31	974	249	250
31	975	699	700
31	976	549	550
31	977	777	778
31	978	825	826
31	979	938	939
31	980	800	801
31	981	940	941
31	982	0	0
31	983	0	0
31	984	0	0
31	985	0	0
31	986	0	0
31	987	0	0
31	988	0	0
31	989	0	0
31	990	0	0
31	991	0	0
31	992	990	991
31	993	955	956
31	994	959	960
31	995	719	720
31	996	837	838
31	997	900	901
31	998	689	690
31	999	887	888
31	1000	874	875
