27	1	0	0
27	2	1	3
27	3	0	0
27	4	2	5
27	5	9	10
27	6	2	5
27	7	1	3
27	8	2	5
27	9	0	0
27	10	0	0
27	11	4	12
27	12	26	27
27	13	9	10
27	14	2	5
27	15	4	12
27	16	1	3
27	17	9	10
27	18	9	10
27	19	1	3
27	20	4	12
27	21	4	12
27	22	11	23
27	23	24	25
27	24	28	29
27	25	138	139
27	26	31	32
27	27	35	36
27	28	46	47
27	29	40	41
27	30	26	27
27	31	0	0
27	32	0	0
27	33	26	27
27	34	31	32
27	35	0	0
27	36	0	0
27	37	31	32
27	38	24	25
27	39	24	25
27	40	0	0
27	41	0	0
27	42	24	25
27	43	31	32
27	44	35	36
27	45	40	41
27	46	0	0
27	47	0	0
27	48	35	36
27	49	28	29
27	50	28	29
27	51	35	36
27	52	46	47
27	53	28	29
27	54	46	47
27	55	22	56
27	56	64	65
27	57	40	41
27	58	22	56
27	59	22	56
27	60	26	27
27	61	11	23
27	62	22	56
27	63	40	41
27	64	66	67
27	65	75	76
27	66	73	74
27	67	93	94
27	68	11	23
27	69	11	23
27	70	66	67
27	71	66	67
27	72	66	67
27	73	77	78
27	74	88	89
27	75	86	87
27	76	96	97
27	77	0	0
27	78	0	0
27	79	75	76
27	80	75	76
27	81	73	74
27	82	55	83
27	83	91	92
27	84	77	78
27	85	46	47
27	86	721	722
27	87	102	103
27	88	0	0
27	89	0	0
27	90	73	74
27	91	126	127
27	92	117	118
27	93	148	149
27	94	409	410
27	95	64	65
27	96	124	125
27	97	158	159
27	98	77	78
27	99	77	78
27	100	73	74
27	101	91	92
27	102	0	0
27	103	0	0
27	104	91	92
27	105	82	106
27	106	110	111
27	107	96	97
27	108	88	89
27	109	82	106
27	110	130	131
27	111	269	270
27	112	64	65
27	113	75	76
27	114	82	106
27	115	64	65
27	116	82	106
27	117	229	230
27	118	260	261
27	119	96	97
27	120	88	89
27	121	55	83
27	122	105	123
27	123	247	248
27	124	0	0
27	125	0	0
27	126	140	141
27	127	164	165
27	128	124	125
27	129	88	89
27	130	162	163
27	131	273	274
27	132	122	133
27	133	205	206
27	134	110	111
27	135	117	118
27	136	122	133
27	137	102	103
27	138	218	219
27	139	308	309
27	140	172	173
27	141	231	232
27	142	93	94
27	143	126	127
27	144	105	123
27	145	93	94
27	146	55	83
27	147	102	103
27	148	0	0
27	149	0	0
27	150	93	94
27	151	105	123
27	152	122	133
27	153	55	83
27	154	148	149
27	155	148	149
27	156	132	157
27	157	368	369
27	158	0	0
27	159	0	0
27	160	86	87
27	161	148	149
27	162	207	208
27	163	659	660
27	164	176	177
27	165	258	259
27	166	124	125
27	167	102	103
27	168	96	97
27	169	117	118
27	170	140	141
27	171	126	127
27	172	211	212
27	173	286	287
27	174	122	133
27	175	138	139
27	176	181	182
27	177	197	198
27	178	132	157
27	179	110	111
27	180	126	127
27	181	0	0
27	182	0	0
27	183	110	111
27	184	156	185
27	185	607	608
27	186	184	187
27	187	201	202
27	188	158	159
27	189	117	118
27	190	105	123
27	191	176	177
27	192	130	131
27	193	130	131
27	194	162	163
27	195	132	157
27	196	138	139
27	197	0	0
27	198	0	0
27	199	91	92
27	200	124	125
27	201	0	0
27	202	353	354
27	203	186	204
27	204	233	234
27	205	236	237
27	206	221	222
27	207	632	633
27	208	372	373
27	209	197	198
27	210	164	165
27	211	0	0
27	212	0	0
27	213	172	173
27	214	201	202
27	215	201	202
27	216	197	198
27	217	211	212
27	218	0	0
27	219	0	0
27	220	181	182
27	221	256	257
27	222	465	466
27	223	86	87
27	224	184	187
27	225	186	204
27	226	140	141
27	227	186	204
27	228	156	185
27	229	296	297
27	230	306	307
27	231	243	244
27	232	275	276
27	233	332	333
27	234	630	631
27	235	197	198
27	236	304	305
27	237	336	337
27	238	205	206
27	239	164	165
27	240	162	163
27	241	218	219
27	242	164	165
27	243	0	0
27	244	0	0
27	245	162	163
27	246	186	204
27	247	316	317
27	248	267	268
27	249	158	159
27	250	236	237
27	251	203	252
27	252	279	280
27	253	138	139
27	254	201	202
27	255	184	187
27	256	446	447
27	257	469	470
27	258	340	341
27	259	262	263
27	260	283	284
27	261	450	451
27	262	0	0
27	263	0	0
27	264	233	234
27	265	158	159
27	266	140	141
27	267	290	291
27	268	507	508
27	269	843	844
27	270	425	426
27	271	243	244
27	272	203	252
27	273	386	387
27	274	300	301
27	275	0	0
27	276	0	0
27	277	258	259
27	278	205	206
27	279	342	343
27	280	298	299
27	281	229	230
27	282	211	212
27	283	382	383
27	284	389	390
27	285	172	173
27	286	0	0
27	287	0	0
27	288	233	234
27	289	207	208
27	290	572	573
27	291	531	532
27	292	275	276
27	293	132	157
27	294	130	131
27	295	290	291
27	296	0	0
27	297	374	375
27	298	485	486
27	299	0	0
27	300	314	315
27	301	397	398
27	302	275	276
27	303	221	222
27	304	311	312
27	305	323	324
27	306	370	371
27	307	852	853
27	308	0	0
27	309	0	0
27	310	290	291
27	311	881	882
27	312	498	499
27	313	221	222
27	314	363	364
27	315	377	378
27	316	334	335
27	317	576	577
27	318	218	219
27	319	260	261
27	320	283	284
27	321	258	259
27	322	233	234
27	323	351	352
27	324	330	331
27	325	218	219
27	326	156	185
27	327	86	87
27	328	304	305
27	329	323	324
27	330	0	0
27	331	421	422
27	332	0	0
27	333	591	592
27	334	0	0
27	335	537	538
27	336	359	360
27	337	467	468
27	338	260	261
27	339	273	274
27	340	0	0
27	341	0	0
27	342	357	358
27	343	556	557
27	344	340	341
27	345	211	212
27	346	267	268
27	347	205	206
27	348	262	263
27	349	260	261
27	350	176	177
27	351	380	381
27	352	395	396
27	353	789	790
27	354	612	613
27	355	290	291
27	356	181	182
27	357	476	477
27	358	481	482
27	359	581	582
27	360	0	0
27	361	181	182
27	362	351	352
27	363	0	0
27	364	0	0
27	365	279	280
27	366	357	358
27	367	298	299
27	368	423	424
27	369	830	831
27	370	0	0
27	371	0	0
27	372	586	587
27	373	391	392
27	374	0	0
27	375	0	0
27	376	286	287
27	377	0	0
27	378	0	0
27	379	286	287
27	380	404	405
27	381	643	644
27	382	0	0
27	383	0	0
27	384	275	276
27	385	184	187
27	386	427	428
27	387	921	922
27	388	368	369
27	389	0	0
27	390	0	0
27	391	0	0
27	392	0	0
27	393	323	324
27	394	262	263
27	395	440	441
27	396	550	551
27	397	986	987
27	398	462	463
27	399	221	222
27	400	342	343
27	401	316	317
27	402	334	335
27	403	380	381
27	404	429	430
27	405	547	548
27	406	236	237
27	407	156	185
27	408	262	263
27	409	0	0
27	410	0	0
27	411	172	173
27	412	314	315
27	413	247	248
27	414	368	369
27	415	409	410
27	416	300	301
27	417	374	375
27	418	236	237
27	419	304	305
27	420	363	364
27	421	938	939
27	422	782	783
27	423	736	737
27	424	533	534
27	425	0	0
27	426	437	438
27	427	620	621
27	428	664	665
27	429	0	0
27	430	0	0
27	431	423	424
27	432	306	307
27	433	267	268
27	434	372	373
27	435	306	307
27	436	256	257
27	437	443	444
27	438	0	0
27	439	332	333
27	440	596	597
27	441	0	0
27	442	283	284
27	443	614	615
27	444	474	475
27	445	351	352
27	446	494	495
27	447	618	619
27	448	380	381
27	449	267	268
27	450	0	0
27	451	489	490
27	452	330	331
27	453	314	315
27	454	429	430
27	455	306	307
27	456	258	259
27	457	231	232
27	458	231	232
27	459	283	284
27	460	380	381
27	461	363	364
27	462	0	0
27	463	0	0
27	464	363	364
27	465	0	0
27	466	529	530
27	467	510	511
27	468	812	813
27	469	0	0
27	470	503	504
27	471	279	280
27	472	342	343
27	473	467	468
27	474	0	0
27	475	0	0
27	476	0	0
27	477	883	884
27	478	372	373
27	479	308	309
27	480	368	369
27	481	0	0
27	482	553	554
27	483	469	470
27	484	377	378
27	485	604	605
27	486	794	795
27	487	481	482
27	488	269	270
27	489	0	0
27	490	0	0
27	491	474	475
27	492	469	470
27	493	243	244
27	494	868	869
27	495	0	0
27	496	391	392
27	497	273	274
27	498	0	0
27	499	746	747
27	500	332	333
27	501	243	244
27	502	351	352
27	503	516	517
27	504	518	519
27	505	391	392
27	506	342	343
27	507	579	580
27	508	583	584
27	509	231	232
27	510	703	704
27	511	699	700
27	512	437	438
27	513	389	390
27	514	395	396
27	515	485	486
27	516	874	875
27	517	777	778
27	518	568	569
27	519	931	932
27	520	516	517
27	521	279	280
27	522	304	305
27	523	311	312
27	524	450	451
27	525	425	426
27	526	507	508
27	527	516	517
27	528	311	312
27	529	0	0
27	530	625	626
27	531	717	718
27	532	771	772
27	533	738	739
27	534	0	0
27	535	382	383
27	536	423	424
27	537	731	732
27	538	693	694
27	539	529	530
27	540	357	358
27	541	404	405
27	542	440	441
27	543	357	358
27	544	353	354
27	545	298	299
27	546	273	274
27	547	0	0
27	548	0	0
27	549	429	430
27	550	677	678
27	551	991	992
27	552	298	299
27	553	0	0
27	554	683	684
27	555	421	422
27	556	0	0
27	557	601	602
27	558	334	335
27	559	286	287
27	560	503	504
27	561	330	331
27	562	556	557
27	563	359	360
27	564	437	438
27	565	404	405
27	566	425	426
27	567	537	538
27	568	948	949
27	569	936	937
27	570	377	378
27	571	516	517
27	572	0	0
27	573	679	680
27	574	323	324
27	575	537	538
27	576	598	599
27	577	657	658
27	578	340	341
27	579	0	0
27	580	0	0
27	581	835	836
27	582	845	846
27	583	689	690
27	584	707	708
27	585	395	396
27	586	0	0
27	587	0	0
27	588	469	470
27	589	553	554
27	590	395	396
27	591	805	806
27	592	627	628
27	593	498	499
27	594	583	584
27	595	476	477
27	596	0	0
27	597	0	0
27	598	634	635
27	599	715	716
27	600	481	482
27	601	0	0
27	602	750	751
27	603	314	315
27	604	0	0
27	605	775	776
27	606	176	177
27	607	900	901
27	608	963	964
27	609	591	592
27	610	467	468
27	611	269	270
27	612	686	687
27	613	0	0
27	614	0	0
27	615	0	0
27	616	607	608
27	617	607	608
27	618	0	0
27	619	817	818
27	620	0	0
27	621	0	0
27	622	429	430
27	623	568	569
27	624	474	475
27	625	0	0
27	626	953	954
27	627	0	0
27	628	0	0
27	629	229	230
27	630	674	675
27	631	0	0
27	632	815	816
27	633	765	766
27	634	637	638
27	635	0	0
27	636	614	615
27	637	0	0
27	638	670	671
27	639	598	599
27	640	450	451
27	641	391	392
27	642	510	511
27	643	666	667
27	644	984	985
27	645	465	466
27	646	476	477
27	647	421	422
27	648	498	499
27	649	634	635
27	650	389	390
27	651	474	475
27	652	386	387
27	653	437	438
27	654	643	644
27	655	612	613
27	656	625	626
27	657	896	897
27	658	661	662
27	659	0	0
27	660	997	998
27	661	0	0
27	662	0	0
27	663	397	398
27	664	0	0
27	665	0	0
27	666	0	0
27	667	0	0
27	668	531	532
27	669	332	333
27	670	0	0
27	671	0	0
27	672	359	360
27	673	467	468
27	674	0	0
27	675	925	926
27	676	423	424
27	677	0	0
27	678	0	0
27	679	819	820
27	680	0	0
27	681	576	577
27	682	630	631
27	683	943	944
27	684	705	706
27	685	462	463
27	686	0	0
27	687	904	905
27	688	510	511
27	689	0	0
27	690	0	0
27	691	550	551
27	692	643	644
27	693	701	702
27	694	0	0
27	695	256	257
27	696	308	309
27	697	374	375
27	698	591	592
27	699	803	804
27	700	0	0
27	701	0	0
27	702	892	893
27	703	929	930
27	704	0	0
27	705	0	0
27	706	855	856
27	707	727	728
27	708	878	879
27	709	481	482
27	710	625	626
27	711	269	270
27	712	637	638
27	713	533	534
27	714	382	383
27	715	0	0
27	716	826	827
27	717	0	0
27	718	0	0
27	719	336	337
27	720	359	360
27	721	0	0
27	722	0	0
27	723	556	557
27	724	247	248
27	725	476	477
27	726	256	257
27	727	0	0
27	728	773	774
27	729	300	301
27	730	334	335
27	731	0	0
27	732	0	0
27	733	462	463
27	734	637	638
27	735	489	490
27	736	859	860
27	737	767	768
27	738	0	0
27	739	0	0
27	740	643	644
27	741	336	337
27	742	572	573
27	743	330	331
27	744	485	486
27	745	637	638
27	746	906	907
27	747	760	761
27	748	443	444
27	749	462	463
27	750	0	0
27	751	752	753
27	752	0	0
27	753	0	0
27	754	404	405
27	755	503	504
27	756	518	519
27	757	498	499
27	758	670	671
27	759	679	680
27	760	0	0
27	761	0	0
27	762	717	718
27	763	604	605
27	764	760	761
27	765	0	0
27	766	0	0
27	767	0	0
27	768	0	0
27	769	604	605
27	770	425	426
27	771	796	797
27	772	0	0
27	773	0	0
27	774	0	0
27	775	0	0
27	776	0	0
27	777	808	809
27	778	888	889
27	779	583	584
27	780	717	718
27	781	677	678
27	782	832	833
27	783	961	962
27	784	485	486
27	785	760	761
27	786	529	530
27	787	421	422
27	788	316	317
27	789	0	0
27	790	0	0
27	791	450	451
27	792	494	495
27	793	389	390
27	794	0	0
27	795	999	1000
27	796	967	968
27	797	0	0
27	798	556	557
27	799	746	747
27	800	591	592
27	801	251	802
27	802	0	0
27	803	0	0
27	804	0	0
27	805	0	0
27	806	0	0
27	807	604	605
27	808	0	0
27	809	0	0
27	810	203	252
27	811	746	747
27	812	0	0
27	813	923	924
27	814	443	444
27	815	0	0
27	816	0	0
27	817	821	822
27	818	0	0
27	819	0	0
27	820	0	0
27	821	0	0
27	822	0	0
27	823	607	608
27	824	533	534
27	825	812	813
27	826	841	842
27	827	0	0
27	828	203	252
27	829	489	490
27	830	0	0
27	831	974	975
27	832	0	0
27	833	0	0
27	834	830	831
27	835	0	0
27	836	0	0
27	837	446	447
27	838	300	301
27	839	537	538
27	840	771	772
27	841	0	0
27	842	0	0
27	843	0	0
27	844	870	871
27	845	0	0
27	846	0	0
27	847	661	662
27	848	819	820
27	849	699	700
27	850	677	678
27	851	715	716
27	852	0	0
27	853	0	0
27	854	518	519
27	855	0	0
27	856	0	0
27	857	817	818
27	858	440	441
27	859	0	0
27	860	0	0
27	861	618	619
27	862	568	569
27	863	815	816
27	864	529	530
27	865	620	621
27	866	859	860
27	867	705	706
27	868	0	0
27	869	0	0
27	870	0	0
27	871	0	0
27	872	868	869
27	873	507	508
27	874	0	0
27	875	0	0
27	876	707	708
27	877	803	804
27	878	0	0
27	879	0	0
27	880	707	708
27	881	0	0
27	882	0	0
27	883	0	0
27	884	0	0
27	885	679	680
27	886	207	208
27	887	336	337
27	888	0	0
27	889	0	0
27	890	832	833
27	891	803	804
27	892	0	0
27	893	0	0
27	894	579	580
27	895	881	882
27	896	0	0
27	897	0	0
27	898	819	820
27	899	372	373
27	900	0	0
27	901	0	0
27	902	618	619
27	903	397	398
27	904	0	0
27	905	958	959
27	906	0	0
27	907	0	0
27	908	618	619
27	909	427	428
27	910	855	856
27	911	881	882
27	912	679	680
27	913	446	447
27	914	775	776
27	915	576	577
27	916	630	631
27	917	510	511
27	918	377	378
27	919	374	375
27	920	878	879
27	921	0	0
27	922	0	0
27	923	0	0
27	924	0	0
27	925	0	0
27	926	0	0
27	927	340	341
27	928	771	772
27	929	0	0
27	930	0	0
27	931	0	0
27	932	0	0
27	933	906	907
27	934	579	580
27	935	904	905
27	936	0	0
27	937	0	0
27	938	980	981
27	939	0	0
27	940	936	937
27	941	929	930
27	942	736	737
27	943	0	0
27	944	0	0
27	945	353	354
27	946	612	613
27	947	812	813
27	948	0	0
27	949	0	0
27	950	489	490
27	951	801	952
27	952	0	0
27	953	0	0
27	954	0	0
27	955	440	441
27	956	699	700
27	957	900	901
27	958	0	0
27	959	0	0
27	960	632	633
27	961	0	0
27	962	0	0
27	963	0	0
27	964	0	0
27	965	746	747
27	966	883	884
27	967	0	0
27	968	0	0
27	969	409	410
27	970	760	761
27	971	316	317
27	972	494	495
27	973	657	658
27	974	0	0
27	975	0	0
27	976	518	519
27	977	612	613
27	978	801	952
27	979	878	879
27	980	0	0
27	981	0	0
27	982	821	822
27	983	817	818
27	984	0	0
27	985	0	0
27	986	0	0
27	987	0	0
27	988	931	932
27	989	503	504
27	990	229	230
27	991	0	0
27	992	0	0
27	993	963	964
27	994	736	737
27	995	247	248
27	996	803	804
27	997	0	0
27	998	0	0
27	999	0	0
27	1000	0	0
