41	1	0	0
41	2	1	3
41	3	0	0
41	4	2	5
41	5	23	24
41	6	4	7
41	7	12	13
41	8	2	5
41	9	4	7
41	10	4	7
41	11	4	7
41	12	15	16
41	13	27	28
41	14	2	5
41	15	0	0
41	16	0	0
41	17	12	13
41	18	2	5
41	19	12	13
41	20	1	3
41	21	15	16
41	22	15	16
41	23	0	0
41	24	0	0
41	25	23	24
41	26	15	16
41	27	0	0
41	28	0	0
41	29	12	13
41	30	1	3
41	31	23	24
41	32	27	28
41	33	23	24
41	34	27	28
41	35	27	28
41	36	1	3
41	37	6	38
41	38	0	0
41	39	37	40
41	40	0	0
41	41	6	38
41	42	37	40
41	43	6	38
41	44	6	38
41	45	39	46
41	46	0	0
41	47	37	40
41	48	37	40
41	49	45	50
41	50	0	0
