39	1	0	0
39	2	1	3
39	3	0	0
39	4	1	3
39	5	1	3
39	6	1	3
39	7	2	8
39	8	10	11
39	9	2	8
39	10	0	0
39	11	0	0
39	12	2	8
39	13	10	11
39	14	7	15
39	15	16	17
39	16	18	19
39	17	22	23
39	18	0	0
39	19	0	0
39	20	10	11
39	21	18	19
39	22	0	0
39	23	0	0
39	24	7	15
39	25	2	8
39	26	22	23
39	27	16	17
39	28	7	15
39	29	22	23
39	30	18	19
39	31	18	19
39	32	7	15
39	33	22	23
39	34	14	35
39	35	46	47
39	36	10	11
39	37	14	35
39	38	14	35
39	39	16	17
39	40	34	41
39	41	53	54
39	42	16	17
39	43	34	41
39	44	40	45
39	45	106	107
39	46	59	60
39	47	55	56
39	48	14	35
39	49	40	45
39	50	46	47
39	51	40	45
39	52	34	41
39	53	71	72
39	54	57	58
39	55	101	102
39	56	65	66
39	57	78	79
39	58	89	90
39	59	63	64
39	60	69	70
39	61	57	58
39	62	53	54
39	63	0	0
39	64	0	0
39	65	0	0
39	66	0	0
39	67	34	41
39	68	40	45
39	69	0	0
39	70	0	0
39	71	104	105
39	72	98	99
39	73	71	72
39	74	59	60
39	75	65	66
39	76	55	56
39	77	59	60
39	78	83	84
39	79	354	355
39	80	65	66
39	81	69	70
39	82	55	56
39	83	0	0
39	84	0	0
39	85	46	47
39	86	65	66
39	87	57	58
39	88	69	70
39	89	95	96
39	90	133	134
39	91	69	70
39	92	46	47
39	93	55	56
39	94	59	60
39	95	0	0
39	96	0	0
39	97	83	84
39	98	120	121
39	99	192	193
39	100	95	96
39	101	0	0
39	102	0	0
39	103	71	72
39	104	126	127
39	105	136	137
39	106	109	110
39	107	190	191
39	108	95	96
39	109	122	123
39	110	141	142
39	111	89	90
39	112	71	72
39	113	57	58
39	114	83	84
39	115	101	102
39	116	104	105
39	117	98	99
39	118	78	79
39	119	98	99
39	120	0	0
39	121	0	0
39	122	168	169
39	123	179	180
39	124	120	121
39	125	98	99
39	126	0	0
39	127	0	0
39	128	63	64
39	129	63	64
39	130	89	90
39	131	126	127
39	132	106	107
39	133	0	0
39	134	0	0
39	135	95	96
39	136	0	0
39	137	0	0
39	138	53	54
39	139	122	123
39	140	89	90
39	141	154	155
39	142	170	171
39	143	136	137
39	144	106	107
39	145	136	137
39	146	126	127
39	147	53	54
39	148	83	84
39	149	122	123
39	150	106	107
39	151	63	64
39	152	126	127
39	153	109	110
39	154	216	217
39	155	161	162
39	156	120	121
39	157	136	137
39	158	101	102
39	159	101	102
39	160	141	142
39	161	0	0
39	162	0	0
39	163	104	105
39	164	120	121
39	165	104	105
39	166	141	142
39	167	154	155
39	168	196	197
39	169	201	202
39	170	187	188
39	171	198	199
39	172	78	79
39	173	141	142
39	174	109	110
39	175	44	176
39	176	208	209
39	177	122	123
39	178	170	171
39	179	414	415
39	180	227	228
39	181	179	180
39	182	170	171
39	183	109	110
39	184	133	134
39	185	133	134
39	186	78	79
39	187	0	0
39	188	0	0
39	189	154	155
39	190	194	195
39	191	220	221
39	192	0	0
39	193	0	0
39	194	443	444
39	195	251	252
39	196	0	0
39	197	0	0
39	198	0	0
39	199	0	0
39	200	179	180
39	201	0	0
39	202	0	0
39	203	194	195
39	204	179	180
39	205	194	195
39	206	44	176
39	207	44	176
39	208	229	230
39	209	244	245
39	210	190	191
39	211	198	199
39	212	175	213
39	213	241	242
39	214	161	162
39	215	196	197
39	216	0	0
39	217	0	0
39	218	208	209
39	219	161	162
39	220	249	250
39	221	225	226
39	222	220	221
39	223	194	195
39	224	198	199
39	225	286	287
39	226	266	267
39	227	0	0
39	228	0	0
39	229	292	293
39	230	270	271
39	231	44	176
39	232	196	197
39	233	198	199
39	234	196	197
39	235	227	228
39	236	220	221
39	237	192	193
39	238	161	162
39	239	229	230
39	240	220	221
39	241	397	398
39	242	496	497
39	243	216	217
39	244	345	346
39	245	313	314
39	246	154	155
39	247	208	209
39	248	208	209
39	249	343	344
39	250	272	273
39	251	274	275
39	252	280	281
39	253	175	213
39	254	187	188
39	255	133	134
39	256	244	245
39	257	175	213
39	258	168	169
39	259	170	171
39	260	212	261
39	261	268	269
39	262	241	242
39	263	227	228
39	264	251	252
39	265	216	217
39	266	0	0
39	267	0	0
39	268	348	349
39	269	359	360
39	270	390	391
39	271	340	341
39	272	0	0
39	273	0	0
39	274	0	0
39	275	0	0
39	276	241	242
39	277	244	245
39	278	229	230
39	279	225	226
39	280	0	0
39	281	0	0
39	282	229	230
39	283	212	261
39	284	266	267
39	285	241	242
39	286	0	0
39	287	0	0
39	288	272	273
39	289	249	250
39	290	216	217
39	291	270	271
39	292	294	295
39	293	325	326
39	294	0	0
39	295	437	438
39	296	274	275
39	297	187	188
39	298	260	299
39	299	370	371
39	300	274	275
39	301	268	269
39	302	190	191
39	303	294	295
39	304	190	191
39	305	286	287
39	306	270	271
39	307	266	267
39	308	270	271
39	309	187	188
39	310	268	269
39	311	298	312
39	312	336	337
39	313	329	330
39	314	366	367
39	315	251	252
39	316	201	202
39	317	280	281
39	318	212	261
39	319	272	273
39	320	192	193
39	321	286	287
39	322	175	213
39	323	268	269
39	324	280	281
39	325	417	418
39	326	0	0
39	327	325	326
39	328	286	287
39	329	409	410
39	330	453	454
39	331	294	295
39	332	292	293
39	333	260	299
39	334	266	267
39	335	249	250
39	336	455	456
39	337	471	472
39	338	227	228
39	339	212	261
39	340	517	518
39	341	0	0
39	342	298	312
39	343	0	0
39	344	0	0
39	345	542	543
39	346	381	382
39	347	329	330
39	348	432	433
39	349	402	403
39	350	260	299
39	351	298	312
39	352	348	349
39	353	168	169
39	354	0	0
39	355	0	0
39	356	201	202
39	357	298	312
39	358	192	193
39	359	379	380
39	360	387	388
39	361	244	245
39	362	260	299
39	363	329	330
39	364	325	326
39	365	343	344
39	366	531	532
39	367	0	0
39	368	292	293
39	369	280	281
39	370	764	765
39	371	406	407
39	372	249	250
39	373	251	252
39	374	292	293
39	375	329	330
39	376	343	344
39	377	340	341
39	378	370	371
39	379	427	428
39	380	421	422
39	381	566	567
39	382	486	487
39	383	325	326
39	384	359	360
39	385	274	275
39	386	201	202
39	387	0	0
39	388	706	707
39	389	313	314
39	390	393	394
39	391	585	586
39	392	354	355
39	393	512	513
39	394	464	465
39	395	345	346
39	396	359	360
39	397	613	614
39	398	670	671
39	399	370	371
39	400	272	273
39	401	343	344
39	402	412	413
39	403	891	892
39	404	168	169
39	405	390	391
39	406	535	536
39	407	675	676
39	408	397	398
39	409	528	529
39	410	469	470
39	411	366	367
39	412	429	430
39	413	0	0
39	414	0	0
39	415	0	0
39	416	402	403
39	417	445	446
39	418	423	424
39	419	387	388
39	420	406	407
39	421	460	461
39	422	702	703
39	423	0	0
39	424	0	0
39	425	225	226
39	426	294	295
39	427	630	631
39	428	553	554
39	429	547	548
39	430	481	482
39	431	397	398
39	432	656	657
39	433	628	629
39	434	379	380
39	435	397	398
39	436	421	422
39	437	439	440
39	438	884	885
39	439	0	0
39	440	0	0
39	441	390	391
39	442	417	418
39	443	507	508
39	444	475	476
39	445	0	0
39	446	0	0
39	447	402	403
39	448	313	314
39	449	348	349
39	450	336	337
39	451	393	394
39	452	445	446
39	453	864	865
39	454	576	577
39	455	493	494
39	456	484	485
39	457	421	422
39	458	443	444
39	459	370	371
39	460	590	591
39	461	792	793
39	462	453	454
39	463	417	418
39	464	0	0
39	465	0	0
39	466	439	440
39	467	313	314
39	468	427	428
39	469	0	0
39	470	0	0
39	471	600	601
39	472	0	0
39	473	366	367
39	474	348	349
39	475	0	0
39	476	0	0
39	477	379	380
39	478	423	424
39	479	336	337
39	480	417	418
39	481	0	0
39	482	526	527
39	483	381	382
39	484	489	490
39	485	504	505
39	486	738	739
39	487	501	502
39	488	427	428
39	489	648	649
39	490	510	511
39	491	345	346
39	492	427	428
39	493	515	516
39	494	520	521
39	495	471	472
39	496	540	541
39	497	724	725
39	498	390	391
39	499	393	394
39	500	493	494
39	501	0	0
39	502	0	0
39	503	406	407
39	504	654	655
39	505	872	873
39	506	445	446
39	507	0	0
39	508	0	0
39	509	387	388
39	510	564	565
39	511	855	856
39	512	0	0
39	513	0	0
39	514	493	494
39	515	616	617
39	516	877	878
39	517	663	664
39	518	538	539
39	519	481	482
39	520	835	836
39	521	533	534
39	522	429	430
39	523	381	382
39	524	340	341
39	525	336	337
39	526	709	710
39	527	0	0
39	528	0	0
39	529	0	0
39	530	412	413
39	531	849	850
39	532	0	0
39	533	638	639
39	534	0	0
39	535	0	0
39	536	582	583
39	537	510	511
39	538	0	0
39	539	0	0
39	540	593	594
39	541	0	0
39	542	551	552
39	543	840	841
39	544	345	346
39	545	455	456
39	546	414	415
39	547	720	721
39	548	555	556
39	549	402	403
39	550	453	454
39	551	0	0
39	552	644	645
39	553	881	882
39	554	683	684
39	555	0	0
39	556	0	0
39	557	439	440
39	558	504	505
39	559	481	482
39	560	455	456
39	561	387	388
39	562	547	548
39	563	379	380
39	564	0	0
39	565	731	732
39	566	611	612
39	567	580	581
39	568	366	367
39	569	423	424
39	570	225	226
39	571	423	424
39	572	535	536
39	573	555	556
39	574	510	511
39	575	439	440
39	576	0	0
39	577	0	0
39	578	414	415
39	579	507	508
39	580	0	0
39	581	0	0
39	582	917	918
39	583	666	667
39	584	507	508
39	585	0	0
39	586	843	844
39	587	412	413
39	588	553	554
39	589	489	490
39	590	716	717
39	591	0	0
39	592	469	470
39	593	626	627
39	594	0	0
39	595	517	518
39	596	421	422
39	597	460	461
39	598	582	583
39	599	464	465
39	600	0	0
39	601	659	660
39	602	393	394
39	603	542	543
39	604	414	415
39	605	533	534
39	606	445	446
39	607	590	591
39	608	512	513
39	609	493	494
39	610	443	444
39	611	0	0
39	612	0	0
39	613	0	0
39	614	0	0
39	615	429	430
39	616	744	745
39	617	634	635
39	618	580	581
39	619	455	456
39	620	409	410
39	621	471	472
39	622	504	505
39	623	547	548
39	624	531	532
39	625	600	601
39	626	0	0
39	627	768	769
39	628	747	748
39	629	888	889
39	630	636	637
39	631	700	701
39	632	432	433
39	633	507	508
39	634	0	0
39	635	778	779
39	636	741	742
39	637	0	0
39	638	0	0
39	639	711	712
39	640	409	410
39	641	528	529
39	642	496	497
39	643	464	465
39	644	0	0
39	645	0	0
39	646	634	635
39	647	528	529
39	648	690	691
39	649	861	862
39	650	475	476
39	651	590	591
39	652	489	490
39	653	340	341
39	654	798	799
39	655	964	965
39	656	903	904
39	657	687	688
39	658	510	511
39	659	0	0
39	660	0	0
39	661	520	521
39	662	381	382
39	663	0	0
39	664	0	0
39	665	496	497
39	666	962	963
39	667	756	757
39	668	540	541
39	669	528	529
39	670	866	867
39	671	0	0
39	672	464	465
39	673	429	430
39	674	553	554
39	675	0	0
39	676	0	0
39	677	547	548
39	678	626	627
39	679	553	554
39	680	515	516
39	681	512	513
39	682	437	438
39	683	998	999
39	684	780	781
39	685	616	617
39	686	443	444
39	687	983	984
39	688	727	728
39	689	432	433
39	690	795	796
39	691	0	0
39	692	634	635
39	693	496	497
39	694	634	635
39	695	551	552
39	696	469	470
39	697	566	567
39	698	526	527
39	699	654	655
39	700	811	812
39	701	0	0
39	702	0	0
39	703	0	0
39	704	626	627
39	705	616	617
39	706	0	0
39	707	0	0
39	708	628	629
39	709	0	0
39	710	0	0
39	711	937	938
39	712	0	0
39	713	531	532
39	714	582	583
39	715	683	684
39	716	790	791
39	717	968	969
39	718	515	516
39	719	716	717
39	720	775	776
39	721	0	0
39	722	531	532
39	723	593	594
39	724	770	771
39	725	808	809
39	726	555	556
39	727	0	0
39	728	926	927
39	729	432	433
39	730	517	518
39	731	752	753
39	732	831	832
39	733	731	732
39	734	564	565
39	735	628	629
39	736	702	703
39	737	702	703
39	738	0	0
39	739	0	0
39	740	663	664
39	741	0	0
39	742	0	0
39	743	683	684
39	744	806	807
39	745	943	944
39	746	741	742
39	747	0	0
39	748	0	0
39	749	582	583
39	750	593	594
39	751	654	655
39	752	772	773
39	753	868	869
39	754	453	454
39	755	517	518
39	756	907	908
39	757	0	0
39	758	538	539
39	759	590	591
39	760	486	487
39	761	706	707
39	762	700	701
39	763	756	757
39	764	0	0
39	765	0	0
39	766	616	617
39	767	675	676
39	768	911	912
39	769	803	804
39	770	825	826
39	771	785	786
39	772	0	0
39	773	0	0
39	774	484	485
39	775	0	0
39	776	0	0
39	777	566	567
39	778	0	0
39	779	0	0
39	780	0	0
39	781	0	0
39	782	670	671
39	783	752	753
39	784	778	779
39	785	0	0
39	786	821	822
39	787	409	410
39	788	756	757
39	789	359	360
39	790	0	0
39	791	0	0
39	792	0	0
39	793	0	0
39	794	613	614
39	795	0	0
39	796	0	0
39	797	535	536
39	798	0	0
39	799	0	0
39	800	790	791
39	801	741	742
39	802	504	505
39	803	0	0
39	804	0	0
39	805	663	664
39	806	828	829
39	807	0	0
39	808	875	876
39	809	0	0
39	810	670	671
39	811	0	0
39	812	0	0
39	813	659	660
39	814	700	701
39	815	533	534
39	816	638	639
39	817	683	684
39	818	481	482
39	819	780	781
39	820	611	612
39	821	905	906
39	822	0	0
39	823	533	534
39	824	593	594
39	825	0	0
39	826	0	0
39	827	821	822
39	828	0	0
39	829	923	924
39	830	720	721
39	831	921	922
39	832	0	0
39	833	311	834
39	834	960	961
39	835	851	852
39	836	0	0
39	837	770	771
39	838	709	710
39	839	654	655
39	840	0	0
39	841	0	0
39	842	670	671
39	843	0	0
39	844	0	0
39	845	843	844
39	846	540	541
39	847	659	660
39	848	731	732
39	849	0	0
39	850	0	0
39	851	0	0
39	852	0	0
39	853	825	826
39	854	675	676
39	855	0	0
39	856	0	0
39	857	798	799
39	858	738	739
39	859	706	707
39	860	843	844
39	861	0	0
39	862	932	933
39	863	412	413
39	864	0	0
39	865	0	0
39	866	0	0
39	867	0	0
39	868	985	986
39	869	0	0
39	870	538	539
39	871	868	869
39	872	0	0
39	873	0	0
39	874	613	614
39	875	976	977
39	876	0	0
39	877	0	0
39	878	919	920
39	879	764	765
39	880	702	703
39	881	0	0
39	882	0	0
39	883	555	556
39	884	0	0
39	885	0	0
39	886	828	829
39	887	626	627
39	888	0	0
39	889	0	0
39	890	731	732
39	891	0	0
39	892	0	0
39	893	644	645
39	894	752	753
39	895	840	841
39	896	520	521
39	897	720	721
39	898	861	862
39	899	406	407
39	900	628	629
39	901	535	536
39	902	785	786
39	903	0	0
39	904	0	0
39	905	0	0
39	906	0	0
39	907	0	0
39	908	0	0
39	909	864	865
39	910	687	688
39	911	0	0
39	912	0	0
39	913	872	873
39	914	803	804
39	915	512	513
39	916	851	852
39	917	955	956
39	918	952	953
39	919	0	0
39	920	0	0
39	921	0	0
39	922	0	0
39	923	0	0
39	924	991	992
39	925	795	796
39	926	0	0
39	927	0	0
39	928	636	637
39	929	864	865
39	930	738	739
39	931	659	660
39	932	0	0
39	933	939	940
39	934	613	614
39	935	716	717
39	936	861	862
39	937	0	0
39	938	0	0
39	939	978	979
39	940	0	0
39	941	923	924
39	942	311	834
39	943	0	0
39	944	0	0
39	945	741	742
39	946	772	773
39	947	943	944
39	948	835	836
39	949	770	771
39	950	778	779
39	951	790	791
39	952	0	0
39	953	0	0
39	954	752	753
39	955	0	0
39	956	0	0
39	957	877	878
39	958	526	527
39	959	849	850
39	960	0	0
39	961	0	0
39	962	0	0
39	963	0	0
39	964	0	0
39	965	0	0
39	966	738	739
39	967	727	728
39	968	0	0
39	969	0	0
39	970	520	521
39	971	917	918
39	972	675	676
39	973	716	717
39	974	939	940
39	975	891	892
39	976	0	0
39	977	0	0
39	978	0	0
39	979	0	0
39	980	932	933
39	981	968	969
39	982	580	581
39	983	0	0
39	984	0	0
39	985	0	0
39	986	0	0
39	987	772	773
39	988	866	867
39	989	864	865
39	990	849	850
39	991	0	0
39	992	0	0
39	993	720	721
39	994	835	836
39	995	840	841
39	996	962	963
39	997	611	612
39	998	0	0
39	999	0	0
39	1000	923	924
