22	1	0	0
22	2	1	3
22	3	0	0
22	4	2	5
22	5	10	11
22	6	1	3
22	7	1	3
22	8	1	3
22	9	2	5
22	10	0	0
22	11	0	0
22	12	4	13
22	13	0	0
22	14	10	11
22	15	12	16
22	16	32	33
22	17	4	13
22	18	4	13
22	19	10	11
22	20	10	11
22	21	2	5
22	22	2	5
22	23	15	24
22	24	38	39
22	25	4	13
22	26	23	27
22	27	40	41
22	28	23	27
22	29	12	16
22	30	15	24
22	31	15	24
22	32	0	0
22	33	0	0
22	34	15	24
22	35	32	33
22	36	12	16
22	37	12	16
22	38	48	49
22	39	0	0
22	40	0	0
22	41	0	0
22	42	23	27
22	43	40	41
22	44	40	41
22	45	26	46
22	46	0	0
22	47	40	41
22	48	0	0
22	49	0	0
22	50	26	46
