27	1	0	0
27	2	1	3
27	3	0	0
27	4	1	3
27	5	1	3
27	6	1	3
27	7	2	8
27	8	9	10
27	9	0	0
27	10	0	0
27	11	9	10
27	12	2	8
27	13	2	8
27	14	9	10
27	15	7	16
27	16	108	109
27	17	7	16
27	18	9	10
27	19	2	8
27	20	15	21
27	21	22	23
27	22	30	31
27	23	24	25
27	24	81	82
27	25	63	64
27	26	20	27
27	27	36	37
27	28	20	27
27	29	22	23
27	30	39	40
27	31	44	45
27	32	22	23
27	33	20	27
27	34	7	16
27	35	22	23
27	36	85	86
27	37	47	48
27	38	20	27
27	39	0	0
27	40	0	0
27	41	15	21
27	42	24	25
27	43	36	37
27	44	0	0
27	45	0	0
27	46	39	40
27	47	50	51
27	48	97	98
27	49	39	40
27	50	70	71
27	51	58	59
27	52	47	48
27	53	44	45
27	54	30	31
27	55	39	40
27	56	26	57
27	57	111	112
27	58	0	0
27	59	0	0
27	60	50	51
27	61	44	45
27	62	7	16
27	63	0	0
27	64	0	0
27	65	30	31
27	66	30	31
27	67	26	57
27	68	15	21
27	69	63	64
27	70	0	0
27	71	0	0
27	72	70	71
27	73	50	51
27	74	58	59
27	75	58	59
27	76	70	71
27	77	44	45
27	78	26	57
27	79	15	21
27	80	50	51
27	81	0	0
27	82	0	0
27	83	56	84
27	84	113	114
27	85	91	92
27	86	89	90
27	87	36	37
27	88	85	86
27	89	187	188
27	90	146	147
27	91	137	138
27	92	116	117
27	93	26	57
27	94	81	82
27	95	63	64
27	96	89	90
27	97	166	167
27	98	124	125
27	99	63	64
27	100	91	92
27	101	97	98
27	102	97	98
27	103	24	25
27	104	89	90
27	105	81	82
27	106	83	107
27	107	135	136
27	108	181	182
27	109	155	156
27	110	81	82
27	111	202	203
27	112	126	127
27	113	279	280
27	114	229	230
27	115	97	98
27	116	0	0
27	117	0	0
27	118	113	114
27	119	116	117
27	120	108	109
27	121	113	114
27	122	108	109
27	123	70	71
27	124	0	0
27	125	0	0
27	126	130	131
27	127	164	165
27	128	124	125
27	129	124	125
27	130	254	255
27	131	132	133
27	132	195	196
27	133	148	149
27	134	83	107
27	135	139	140
27	136	330	331
27	137	0	0
27	138	0	0
27	139	208	209
27	140	150	151
27	141	24	25
27	142	47	48
27	143	91	92
27	144	135	136
27	145	85	86
27	146	0	0
27	147	0	0
27	148	0	0
27	149	0	0
27	150	189	190
27	151	170	171
27	152	91	92
27	153	113	114
27	154	130	131
27	155	0	0
27	156	0	0
27	157	56	84
27	158	132	133
27	159	85	86
27	160	148	149
27	161	36	37
27	162	106	163
27	163	277	278
27	164	184	185
27	165	173	174
27	166	0	0
27	167	0	0
27	168	137	138
27	169	111	112
27	170	378	379
27	171	175	176
27	172	89	90
27	173	295	296
27	174	304	305
27	175	0	0
27	176	246	247
27	177	130	131
27	178	173	174
27	179	155	156
27	180	130	131
27	181	0	0
27	182	0	0
27	183	139	140
27	184	191	192
27	185	327	328
27	186	58	59
27	187	0	0
27	188	0	0
27	189	242	243
27	190	214	215
27	191	0	0
27	192	0	0
27	193	126	127
27	194	124	125
27	195	0	0
27	196	0	0
27	197	166	167
27	198	106	163
27	199	155	156
27	200	132	133
27	201	56	84
27	202	291	292
27	203	252	253
27	204	47	48
27	205	132	133
27	206	150	151
27	207	191	192
27	208	300	301
27	209	234	235
27	210	139	140
27	211	191	192
27	212	175	176
27	213	108	109
27	214	249	250
27	215	274	275
27	216	208	209
27	217	173	174
27	218	139	140
27	219	137	138
27	220	202	203
27	221	150	151
27	222	195	196
27	223	150	151
27	224	187	188
27	225	202	203
27	226	155	156
27	227	214	215
27	228	148	149
27	229	263	264
27	230	497	498
27	231	181	182
27	232	187	188
27	233	173	174
27	234	361	362
27	235	244	245
27	236	148	149
27	237	146	147
27	238	191	192
27	239	202	203
27	240	135	136
27	241	187	188
27	242	370	371
27	243	368	369
27	244	306	307
27	245	325	326
27	246	376	377
27	247	340	341
27	248	229	230
27	249	261	262
27	250	283	284
27	251	229	230
27	252	492	493
27	253	258	259
27	254	359	360
27	255	323	324
27	256	181	182
27	257	126	127
27	258	387	388
27	259	0	0
27	260	111	112
27	261	0	0
27	262	0	0
27	263	0	0
27	264	272	273
27	265	261	262
27	266	184	185
27	267	56	84
27	268	175	176
27	269	106	163
27	270	254	255
27	271	164	165
27	272	0	0
27	273	0	0
27	274	0	0
27	275	0	0
27	276	229	230
27	277	312	313
27	278	335	336
27	279	289	290
27	280	485	486
27	281	111	112
27	282	175	176
27	283	0	0
27	284	0	0
27	285	146	147
27	286	234	235
27	287	195	196
27	288	135	136
27	289	0	0
27	290	391	392
27	291	381	382
27	292	365	366
27	293	164	165
27	294	291	292
27	295	0	0
27	296	0	0
27	297	189	190
27	298	242	243
27	299	83	107
27	300	0	0
27	301	457	458
27	302	246	247
27	303	214	215
27	304	0	0
27	305	0	0
27	306	317	318
27	307	354	355
27	308	166	167
27	309	261	262
27	310	106	163
27	311	249	250
27	312	0	0
27	313	0	0
27	314	166	167
27	315	181	182
27	316	249	250
27	317	0	0
27	318	0	0
27	319	170	171
27	320	249	250
27	321	274	275
27	322	258	259
27	323	0	0
27	324	0	0
27	325	443	444
27	326	0	0
27	327	0	0
27	328	0	0
27	329	246	247
27	330	385	386
27	331	435	436
27	332	300	301
27	333	254	255
27	334	258	259
27	335	445	446
27	336	432	433
27	337	146	147
27	338	184	185
27	339	330	331
27	340	0	0
27	341	0	0
27	342	272	273
27	343	162	344
27	344	0	0
27	345	261	262
27	346	274	275
27	347	327	328
27	348	126	127
27	349	327	328
27	350	195	196
27	351	83	107
27	352	164	165
27	353	289	290
27	354	0	0
27	355	0	0
27	356	323	324
27	357	312	313
27	358	300	301
27	359	0	0
27	360	0	0
27	361	422	423
27	362	0	0
27	363	116	117
27	364	277	278
27	365	0	0
27	366	374	375
27	367	291	292
27	368	494	495
27	369	478	479
27	370	441	442
27	371	410	411
27	372	323	324
27	373	289	290
27	374	0	0
27	375	0	0
27	376	0	0
27	377	0	0
27	378	453	454
27	379	383	384
27	380	291	292
27	381	0	0
27	382	0	0
27	383	0	0
27	384	475	476
27	385	0	0
27	386	0	0
27	387	0	0
27	388	0	0
27	389	354	355
27	390	304	305
27	391	393	394
27	392	473	474
27	393	395	396
27	394	402	403
27	395	0	0
27	396	0	0
27	397	359	360
27	398	277	278
27	399	365	366
27	400	330	331
27	401	234	235
27	402	0	0
27	403	0	0
27	404	279	280
27	405	354	355
27	406	234	235
27	407	323	324
27	408	274	275
27	409	393	394
27	410	0	0
27	411	0	0
27	412	393	394
27	413	116	117
27	414	378	379
27	415	312	313
27	416	376	377
27	417	335	336
27	418	395	396
27	419	383	384
27	420	304	305
27	421	162	344
27	422	0	0
27	423	0	0
27	424	410	411
27	425	354	355
27	426	208	209
27	427	277	278
27	428	391	392
27	429	170	171
27	430	295	296
27	431	340	341
27	432	451	452
27	433	0	0
27	434	279	280
27	435	0	0
27	436	488	489
27	437	432	433
27	438	263	264
27	439	370	371
27	440	252	253
27	441	0	0
27	442	0	0
27	443	0	0
27	444	0	0
27	445	0	0
27	446	460	461
27	447	283	284
27	448	402	403
27	449	162	344
27	450	300	301
27	451	0	0
27	452	463	464
27	453	0	0
27	454	0	0
27	455	391	392
27	456	263	264
27	457	0	0
27	458	0	0
27	459	376	377
27	460	0	0
27	461	0	0
27	462	445	446
27	463	0	0
27	464	466	467
27	465	422	423
27	466	0	0
27	467	0	0
27	468	361	362
27	469	137	138
27	470	330	331
27	471	335	336
27	472	263	264
27	473	0	0
27	474	0	0
27	475	0	0
27	476	0	0
27	477	312	313
27	478	0	0
27	479	0	0
27	480	170	171
27	481	478	479
27	482	254	255
27	483	391	392
27	484	242	243
27	485	0	0
27	486	0	0
27	487	368	369
27	488	0	0
27	489	0	0
27	490	335	336
27	491	306	307
27	492	0	0
27	493	0	0
27	494	0	0
27	495	0	0
27	496	381	382
27	497	0	0
27	498	0	0
27	499	374	375
27	500	485	486
