31	1	0	0
31	2	1	3
31	3	0	0
31	4	1	3
31	5	1	3
31	6	2	7
31	7	12	13
31	8	2	7
31	9	2	7
31	10	2	7
31	11	1	3
31	12	0	0
31	13	0	0
31	14	6	15
31	15	46	47
31	16	12	13
31	17	12	13
31	18	12	13
31	19	6	15
31	20	6	15
31	21	6	15
31	22	14	23
31	23	29	30
31	24	14	23
31	25	14	23
31	26	22	27
31	27	34	35
31	28	22	27
31	29	161	162
31	30	105	106
31	31	26	32
31	32	36	37
31	33	26	32
31	34	38	39
31	35	65	66
31	36	0	0
31	37	55	56
31	38	86	87
31	39	116	117
31	40	34	35
31	41	14	23
31	42	38	39
31	43	36	37
31	44	29	30
31	45	29	30
31	46	51	52
31	47	63	64
31	48	34	35
31	49	38	39
31	50	46	47
31	51	0	0
31	52	0	0
31	53	31	54
31	54	57	58
31	55	0	0
31	56	92	93
31	57	82	83
31	58	0	0
31	59	31	54
31	60	57	58
31	61	46	47
31	62	22	27
31	63	0	0
31	64	0	0
31	65	74	75
31	66	101	102
31	67	26	32
31	68	26	32
31	69	36	37
31	70	51	52
31	71	38	39
31	72	53	73
31	73	88	89
31	74	166	167
31	75	111	112
31	76	63	64
31	77	74	75
31	78	55	56
31	79	65	66
31	80	57	58
31	81	29	30
31	82	142	143
31	83	168	169
31	84	82	83
31	85	34	35
31	86	90	91
31	87	151	152
31	88	99	100
31	89	0	0
31	90	0	0
31	91	0	0
31	92	0	0
31	93	130	131
31	94	55	56
31	95	53	73
31	96	55	56
31	97	88	89
31	98	86	87
31	99	139	140
31	100	163	164
31	101	193	194
31	102	0	0
31	103	92	93
31	104	57	58
31	105	108	109
31	106	185	186
31	107	105	106
31	108	0	0
31	109	0	0
31	110	90	91
31	111	0	0
31	112	0	0
31	113	82	83
31	114	31	54
31	115	108	109
31	116	0	0
31	117	175	176
31	118	101	102
31	119	74	75
31	120	74	75
31	121	101	102
31	122	116	117
31	123	53	73
31	124	86	87
31	125	22	27
31	126	51	52
31	127	108	109
31	128	86	87
31	129	63	64
31	130	148	149
31	131	157	158
31	132	111	112
31	133	46	47
31	134	88	89
31	135	90	91
31	136	36	37
31	137	105	106
31	138	90	91
31	139	154	155
31	140	0	0
31	141	31	54
31	142	0	0
31	143	0	0
31	144	99	100
31	145	63	64
31	146	88	89
31	147	101	102
31	148	0	0
31	149	0	0
31	150	99	100
31	151	0	0
31	152	0	0
31	153	130	131
31	154	178	179
31	155	0	0
31	156	99	100
31	157	0	0
31	158	0	0
31	159	139	140
31	160	82	83
31	161	0	0
31	162	187	188
31	163	180	181
31	164	0	0
31	165	51	52
31	166	0	0
31	167	0	0
31	168	0	0
31	169	197	198
31	170	116	117
31	171	130	131
31	172	154	155
31	173	139	140
31	174	92	93
31	175	0	0
31	176	0	0
31	177	65	66
31	178	191	192
31	179	0	0
31	180	0	0
31	181	0	0
31	182	53	73
31	183	154	155
31	184	161	162
31	185	0	0
31	186	0	0
31	187	0	0
31	188	0	0
31	189	108	109
31	190	105	106
31	191	0	0
31	192	0	0
31	193	0	0
31	194	0	0
31	195	163	164
31	196	180	181
31	197	0	0
31	198	0	0
31	199	157	158
31	200	151	152
