10	1	0	0
10	2	1	3
10	3	0	0
10	4	1	3
10	5	1	3
10	6	1	3
10	7	2	8
10	8	13	14
10	9	7	10
10	10	17	18
10	11	7	10
10	12	2	8
10	13	0	0
10	14	0	0
10	15	2	8
10	16	2	8
10	17	26	27
10	18	22	23
10	19	7	10
10	20	9	21
10	21	46	47
10	22	0	0
10	23	0	0
10	24	9	21
10	25	7	10
10	26	0	0
10	27	0	0
10	28	9	21
10	29	13	14
10	30	20	31
10	31	64	65
10	32	26	27
10	33	17	18
10	34	20	31
10	35	13	14
10	36	13	14
10	37	9	21
10	38	17	18
10	39	26	27
10	40	30	41
10	41	55	56
10	42	17	18
10	43	26	27
10	44	22	23
10	45	22	23
10	46	50	51
10	47	154	155
10	48	46	47
10	49	46	47
10	50	81	82
10	51	59	60
10	52	46	47
10	53	20	31
10	54	30	41
10	55	62	63
10	56	68	69
10	57	22	23
10	58	30	41
10	59	0	0
10	60	0	0
10	61	59	60
10	62	70	71
10	63	73	74
10	64	118	119
10	65	98	99
10	66	30	41
10	67	64	65
10	68	86	87
10	69	159	160
10	70	0	0
10	71	83	84
10	72	55	56
10	73	0	0
10	74	75	76
10	75	165	166
10	76	100	101
10	77	59	60
10	78	73	74
10	79	55	56
10	80	62	63
10	81	0	0
10	82	0	0
10	83	170	171
10	84	93	94
10	85	62	63
10	86	95	96
10	87	102	103
10	88	73	74
10	89	83	84
10	90	40	91
10	91	168	169
10	92	83	84
10	93	0	0
10	94	0	0
10	95	133	134
10	96	179	180
10	97	68	69
10	98	162	163
10	99	130	131
10	100	0	0
10	101	0	0
10	102	123	124
10	103	151	152
10	104	102	103
10	105	73	74
10	106	64	65
10	107	55	56
10	108	100	101
10	109	83	84
10	110	81	82
10	111	98	99
10	112	40	91
10	113	100	101
10	114	93	94
10	115	20	31
10	116	68	69
10	117	62	63
10	118	121	122
10	119	139	140
10	120	100	101
10	121	173	174
10	122	0	0
10	123	0	0
10	124	0	0
10	125	95	96
10	126	90	127
10	127	183	184
10	128	121	122
10	129	90	127
10	130	0	0
10	131	148	149
10	132	59	60
10	133	0	0
10	134	0	0
10	135	50	51
10	136	123	124
10	137	93	94
10	138	40	91
10	139	0	0
10	140	0	0
10	141	64	65
10	142	126	143
10	143	177	178
10	144	68	69
10	145	93	94
10	146	95	96
10	147	40	91
10	148	0	0
10	149	0	0
10	150	86	87
10	151	0	0
10	152	0	0
10	153	90	127
10	154	0	0
10	155	0	0
10	156	102	103
10	157	102	103
10	158	70	71
10	159	0	0
10	160	0	0
10	161	133	134
10	162	0	0
10	163	0	0
10	164	81	82
10	165	0	0
10	166	0	0
10	167	151	152
10	168	0	0
10	169	0	0
10	170	0	0
10	171	0	0
10	172	98	99
10	173	0	0
10	174	0	0
10	175	162	163
10	176	162	163
10	177	0	0
10	178	0	0
10	179	0	0
10	180	0	0
10	181	151	152
10	182	126	143
10	183	193	194
10	184	0	0
10	185	121	122
10	186	70	71
10	187	183	184
10	188	118	119
10	189	139	140
10	190	183	184
10	191	118	119
10	192	168	169
10	193	0	0
10	194	0	0
10	195	130	131
10	196	70	71
10	197	139	140
10	198	121	122
10	199	95	96
10	200	165	166
