0	1	0	0
0	2	1	3
0	3	0	0
0	4	1	3
0	5	2	6
0	6	19	20
0	7	1	3
0	8	5	9
0	9	31	32
0	10	5	9
0	11	2	6
0	12	1	3
0	13	5	9
0	14	5	9
0	15	8	16
0	16	24	25
0	17	8	16
0	18	8	16
0	19	0	0
0	20	0	0
0	21	2	6
0	22	8	16
0	23	2	6
0	24	44	45
0	25	58	59
0	26	19	20
0	27	15	28
0	28	46	47
0	29	15	28
0	30	15	28
0	31	42	43
0	32	97	98
0	33	31	32
0	34	31	32
0	35	31	32
0	36	24	25
0	37	24	25
0	38	15	28
0	39	19	20
0	40	19	20
0	41	24	25
0	42	0	0
0	43	0	0
0	44	49	50
0	45	51	52
0	46	71	72
0	47	75	76
0	48	42	43
0	49	0	0
0	50	0	0
0	51	0	0
0	52	0	0
0	53	44	45
0	54	46	47
0	55	51	52
0	56	27	57
0	57	100	101
0	58	68	69
0	59	87	88
0	60	56	61
0	61	82	83
0	62	27	57
0	63	58	59
0	64	58	59
0	65	44	45
0	66	56	61
0	67	51	52
0	68	0	0
0	69	0	0
0	70	46	47
0	71	73	74
0	72	126	127
0	73	173	174
0	74	106	107
0	75	102	103
0	76	124	125
0	77	51	52
0	78	58	59
0	79	49	50
0	80	60	81
0	81	0	0
0	82	115	116
0	83	104	105
0	84	49	50
0	85	75	76
0	86	56	61
0	87	0	0
0	88	0	0
0	89	71	72
0	90	87	88
0	91	80	92
0	92	93	94
0	93	140	141
0	94	198	199
0	95	71	72
0	96	49	50
0	97	0	0
0	98	0	0
0	99	42	43
0	100	132	133
0	101	112	113
0	102	175	176
0	103	0	0
0	104	128	129
0	105	109	110
0	106	0	0
0	107	0	0
0	108	46	47
0	109	0	0
0	110	0	0
0	111	102	103
0	112	143	144
0	113	155	156
0	114	60	81
0	115	181	182
0	116	0	0
0	117	56	61
0	118	87	88
0	119	60	81
0	120	109	110
0	121	73	74
0	122	93	94
0	123	112	113
0	124	0	0
0	125	0	0
0	126	147	148
0	127	0	0
0	128	165	166
0	129	0	0
0	130	80	92
0	131	60	81
0	132	0	0
0	133	0	0
0	134	104	105
0	135	75	76
0	136	128	129
0	137	27	57
0	138	97	98
0	139	80	92
0	140	145	146
0	141	0	0
0	142	87	88
0	143	158	159
0	144	177	178
0	145	0	0
0	146	167	168
0	147	0	0
0	148	0	0
0	149	128	129
0	150	100	101
0	151	93	94
0	152	82	83
0	153	104	105
0	154	100	101
0	155	161	162
0	156	0	0
0	157	44	45
0	158	0	0
0	159	0	0
0	160	97	98
0	161	0	0
0	162	196	197
0	163	71	72
0	164	109	110
0	165	0	0
0	166	0	0
0	167	0	0
0	168	0	0
0	169	161	162
0	170	106	107
0	171	68	69
0	172	27	57
0	173	0	0
0	174	0	0
0	175	0	0
0	176	0	0
0	177	0	0
0	178	0	0
0	179	126	127
0	180	128	129
0	181	0	0
0	182	0	0
0	183	112	113
0	184	73	74
0	185	115	116
0	186	109	110
0	187	145	146
0	188	97	98
0	189	165	166
0	190	104	105
0	191	112	113
0	192	126	127
0	193	82	83
0	194	132	133
0	195	93	94
0	196	0	0
0	197	0	0
0	198	0	0
0	199	0	0
0	200	198	199
