8	1	0	0
8	2	1	3
8	3	0	0
8	4	1	3
8	5	1	3
8	6	1	3
8	7	2	8
8	8	15	16
8	9	7	10
8	10	29	30
8	11	7	10
8	12	2	8
8	13	7	10
8	14	2	8
8	15	0	0
8	16	0	0
8	17	15	16
8	18	2	8
8	19	15	16
8	20	15	16
8	21	7	10
8	22	9	23
8	23	27	28
8	24	9	23
8	25	9	23
8	26	9	23
8	27	36	37
8	28	57	58
8	29	83	84
8	30	32	33
8	31	29	30
8	32	0	0
8	33	0	0
8	34	27	28
8	35	29	30
8	36	54	55
8	37	40	41
8	38	36	37
8	39	36	37
8	40	0	0
8	41	0	0
8	42	40	41
8	43	29	30
8	44	32	33
8	45	27	28
8	46	22	47
8	47	60	61
8	48	22	47
8	49	32	33
8	50	36	37
8	51	22	47
8	52	46	53
8	53	91	92
8	54	0	0
8	55	0	0
8	56	54	55
8	57	78	79
8	58	81	82
8	59	32	33
8	60	70	71
8	61	73	74
8	62	40	41
8	63	54	55
8	64	27	28
8	65	46	53
8	66	40	41
8	67	60	61
8	68	57	58
8	69	22	47
8	70	118	119
8	71	103	104
8	72	57	58
8	73	94	95
8	74	0	0
8	75	70	71
8	76	46	53
8	77	46	53
8	78	0	0
8	79	0	0
8	80	54	55
8	81	0	0
8	82	0	0
8	83	0	0
8	84	0	0
8	85	81	82
8	86	73	74
8	87	60	61
8	88	83	84
8	89	83	84
8	90	83	84
8	91	101	102
8	92	162	163
8	93	78	79
8	94	96	97
8	95	99	100
8	96	0	0
8	97	0	0
8	98	78	79
8	99	0	0
8	100	0	0
8	101	113	114
8	102	0	0
8	103	152	153
8	104	106	107
8	105	94	95
8	106	0	0
8	107	0	0
8	108	78	79
8	109	101	102
8	110	81	82
8	111	52	112
8	112	127	128
8	113	164	165
8	114	129	130
8	115	111	116
8	116	0	0
8	117	96	97
8	118	154	155
8	119	124	125
8	120	99	100
8	121	52	112
8	122	57	58
8	123	70	71
8	124	0	0
8	125	0	0
8	126	73	74
8	127	150	151
8	128	168	169
8	129	136	137
8	130	195	196
8	131	94	95
8	132	60	61
8	133	101	102
8	134	103	104
8	135	124	125
8	136	0	0
8	137	0	0
8	138	70	71
8	139	124	125
8	140	124	125
8	141	136	137
8	142	136	137
8	143	111	116
8	144	73	74
8	145	101	102
8	146	52	112
8	147	129	130
8	148	81	82
8	149	96	97
8	150	0	0
8	151	0	0
8	152	0	0
8	153	0	0
8	154	0	0
8	155	0	0
8	156	127	128
8	157	103	104
8	158	152	153
8	159	94	95
8	160	118	119
8	161	129	130
8	162	0	0
8	163	173	174
8	164	0	0
8	165	0	0
8	166	154	155
8	167	136	137
8	168	183	184
8	169	176	177
8	170	164	165
8	171	127	128
8	172	129	130
8	173	0	0
8	174	0	0
8	175	106	107
8	176	198	199
8	177	0	0
8	178	127	128
8	179	118	119
8	180	96	97
8	181	106	107
8	182	111	116
8	183	0	0
8	184	0	0
8	185	164	165
8	186	115	187
8	187	0	0
8	188	173	174
8	189	152	153
8	190	115	187
8	191	176	177
8	192	111	116
8	193	173	174
8	194	183	184
8	195	0	0
8	196	0	0
8	197	115	187
8	198	0	0
8	199	0	0
8	200	113	114
