18	1	0	0
18	2	1	3
18	3	0	0
18	4	1	3
18	5	1	3
18	6	1	3
18	7	2	8
18	8	9	10
18	9	0	0
18	10	0	0
18	11	7	12
18	12	15	16
18	13	7	12
18	14	2	8
18	15	19	20
18	16	45	46
18	17	2	8
18	18	9	10
18	19	0	0
18	20	0	0
18	21	19	20
18	22	15	16
18	23	15	16
18	24	7	12
18	25	15	16
18	26	19	20
18	27	19	20
18	28	11	29
18	29	149	150
18	30	7	12
18	31	2	8
18	32	28	33
18	33	51	52
18	34	32	35
18	35	41	42
18	36	32	35
18	37	28	33
18	38	28	33
18	39	34	40
18	40	69	70
18	41	180	181
18	42	60	61
18	43	28	33
18	44	11	29
18	45	0	0
18	46	0	0
18	47	11	29
18	48	39	49
18	49	73	74
18	50	9	10
18	51	567	568
18	52	54	55
18	53	41	42
18	54	111	112
18	55	85	86
18	56	32	35
18	57	34	40
18	58	41	42
18	59	54	55
18	60	115	116
18	61	79	80
18	62	32	35
18	63	54	55
18	64	45	46
18	65	41	42
18	66	60	61
18	67	39	49
18	68	9	10
18	69	82	83
18	70	137	138
18	71	39	49
18	72	69	70
18	73	100	101
18	74	249	250
18	75	69	70
18	76	69	70
18	77	51	52
18	78	45	46
18	79	88	89
18	80	330	331
18	81	79	80
18	82	498	499
18	83	92	93
18	84	51	52
18	85	95	96
18	86	127	128
18	87	51	52
18	88	120	121
18	89	98	99
18	90	82	83
18	91	79	80
18	92	177	178
18	93	434	435
18	94	39	49
18	95	0	0
18	96	0	0
18	97	54	55
18	98	0	0
18	99	0	0
18	100	194	195
18	101	229	230
18	102	60	61
18	103	98	99
18	104	45	46
18	105	11	29
18	106	48	107
18	107	109	110
18	108	100	101
18	109	117	118
18	110	0	0
18	111	113	114
18	112	141	142
18	113	0	0
18	114	0	0
18	115	287	288
18	116	174	175
18	117	130	131
18	118	123	124
18	119	95	96
18	120	0	0
18	121	0	0
18	122	117	118
18	123	132	133
18	124	185	186
18	125	48	107
18	126	100	101
18	127	0	0
18	128	0	0
18	129	82	83
18	130	159	160
18	131	397	398
18	132	264	265
18	133	639	640
18	134	120	121
18	135	100	101
18	136	115	116
18	137	155	156
18	138	196	197
18	139	79	80
18	140	60	61
18	141	0	0
18	142	0	0
18	143	95	96
18	144	95	96
18	145	85	86
18	146	137	138
18	147	115	116
18	148	113	114
18	149	303	304
18	150	151	152
18	151	216	217
18	152	164	165
18	153	48	107
18	154	149	150
18	155	213	214
18	156	290	291
18	157	149	150
18	158	123	124
18	159	458	459
18	160	166	167
18	161	106	162
18	162	260	261
18	163	109	110
18	164	0	0
18	165	0	0
18	166	239	240
18	167	482	483
18	168	164	165
18	169	48	107
18	170	130	131
18	171	109	110
18	172	117	118
18	173	132	133
18	174	275	276
18	175	590	591
18	176	164	165
18	177	485	486
18	178	210	211
18	179	159	160
18	180	207	208
18	181	202	203
18	182	159	160
18	183	85	86
18	184	98	99
18	185	188	189
18	186	603	604
18	187	155	156
18	188	452	453
18	189	285	286
18	190	106	162
18	191	149	150
18	192	115	116
18	193	130	131
18	194	297	298
18	195	225	226
18	196	405	406
18	197	0	0
18	198	132	133
18	199	161	200
18	200	403	404
18	201	151	152
18	202	255	256
18	203	0	0
18	204	113	114
18	205	141	142
18	206	132	133
18	207	222	223
18	208	506	507
18	209	98	99
18	210	318	319
18	211	714	715
18	212	92	93
18	213	371	372
18	214	530	531
18	215	166	167
18	216	0	0
18	217	0	0
18	218	180	181
18	219	123	124
18	220	174	175
18	221	111	112
18	222	244	245
18	223	419	420
18	224	161	200
18	225	377	378
18	226	247	248
18	227	88	89
18	228	210	211
18	229	0	0
18	230	423	424
18	231	207	208
18	232	216	217
18	233	225	226
18	234	82	83
18	235	34	40
18	236	188	189
18	237	88	89
18	238	111	112
18	239	373	374
18	240	292	293
18	241	127	128
18	242	73	74
18	243	202	203
18	244	0	0
18	245	0	0
18	246	174	175
18	247	307	308
18	248	268	269
18	249	251	252
18	250	817	818
18	251	258	259
18	252	364	365
18	253	177	178
18	254	73	74
18	255	472	473
18	256	392	393
18	257	111	112
18	258	324	325
18	259	470	471
18	260	316	317
18	261	0	0
18	262	222	223
18	263	229	230
18	264	354	355
18	265	0	0
18	266	109	110
18	267	92	93
18	268	456	457
18	269	503	504
18	270	92	93
18	271	137	138
18	272	225	226
18	273	213	214
18	274	239	240
18	275	0	0
18	276	0	0
18	277	255	256
18	278	268	269
18	279	151	152
18	280	251	252
18	281	225	226
18	282	196	197
18	283	73	74
18	284	258	259
18	285	314	315
18	286	335	336
18	287	300	301
18	288	399	400
18	289	123	124
18	290	410	411
18	291	461	462
18	292	751	752
18	293	382	383
18	294	151	152
18	295	249	250
18	296	177	178
18	297	949	950
18	298	637	638
18	299	255	256
18	300	0	0
18	301	0	0
18	302	85	86
18	303	551	552
18	304	341	342
18	305	255	256
18	306	260	261
18	307	580	581
18	308	492	493
18	309	287	288
18	310	34	40
18	311	127	128
18	312	244	245
18	313	287	288
18	314	379	380
18	315	607	608
18	316	684	685
18	317	358	359
18	318	0	0
18	319	0	0
18	320	196	197
18	321	314	315
18	322	185	186
18	323	222	223
18	324	351	352
18	325	454	455
18	326	213	214
18	327	244	245
18	328	264	265
18	329	213	214
18	330	356	357
18	331	592	593
18	332	287	288
18	333	268	269
18	334	229	230
18	335	764	765
18	336	346	347
18	337	120	121
18	338	113	114
18	339	335	336
18	340	141	142
18	341	0	0
18	342	0	0
18	343	174	175
18	344	141	142
18	345	264	265
18	346	0	0
18	347	0	0
18	348	159	160
18	349	207	208
18	350	106	162
18	351	759	760
18	352	480	481
18	353	180	181
18	354	384	385
18	355	710	711
18	356	0	0
18	357	0	0
18	358	368	369
18	359	626	627
18	360	188	189
18	361	275	276
18	362	297	298
18	363	251	252
18	364	476	477
18	365	561	562
18	366	358	359
18	367	216	217
18	368	437	438
18	369	0	0
18	370	354	355
18	371	512	513
18	372	0	0
18	373	761	762
18	374	985	986
18	375	130	131
18	376	290	291
18	377	966	967
18	378	401	402
18	379	0	0
18	380	0	0
18	381	247	248
18	382	0	0
18	383	0	0
18	384	652	653
18	385	655	656
18	386	307	308
18	387	379	380
18	388	249	250
18	389	177	178
18	390	185	186
18	391	371	372
18	392	0	0
18	393	0	0
18	394	303	304
18	395	368	369
18	396	341	342
18	397	605	606
18	398	662	663
18	399	0	0
18	400	0	0
18	401	426	427
18	402	629	630
18	403	0	0
18	404	443	444
18	405	421	422
18	406	0	0
18	407	207	208
18	408	290	291
18	409	314	315
18	410	703	704
18	411	855	856
18	412	335	336
18	413	303	304
18	414	247	248
18	415	264	265
18	416	341	342
18	417	210	211
18	418	373	374
18	419	0	0
18	420	0	0
18	421	449	450
18	422	644	645
18	423	474	475
18	424	0	0
18	425	88	89
18	426	0	0
18	427	0	0
18	428	210	211
18	429	239	240
18	430	290	291
18	431	247	248
18	432	379	380
18	433	379	380
18	434	719	720
18	435	0	0
18	436	155	156
18	437	823	824
18	438	0	0
18	439	318	319
18	440	137	138
18	441	258	259
18	442	303	304
18	443	510	511
18	444	464	465
18	445	423	424
18	446	364	365
18	447	403	404
18	448	368	369
18	449	0	0
18	450	0	0
18	451	185	186
18	452	527	528
18	453	542	543
18	454	0	0
18	455	478	479
18	456	0	0
18	457	0	0
18	458	932	933
18	459	809	810
18	460	260	261
18	461	635	636
18	462	600	601
18	463	155	156
18	464	657	658
18	465	496	497
18	466	249	250
18	467	120	121
18	468	458	459
18	469	419	420
18	470	501	502
18	471	611	612
18	472	0	0
18	473	0	0
18	474	754	755
18	475	712	713
18	476	518	519
18	477	791	792
18	478	0	0
18	479	0	0
18	480	0	0
18	481	0	0
18	482	0	0
18	483	918	919
18	484	371	372
18	485	738	739
18	486	621	622
18	487	324	325
18	488	354	355
18	489	364	365
18	490	474	475
18	491	472	473
18	492	0	0
18	493	0	0
18	494	454	455
18	495	275	276
18	496	0	0
18	497	707	708
18	498	0	0
18	499	930	931
18	500	222	223
18	501	734	735
18	502	534	535
18	503	0	0
18	504	0	0
18	505	449	450
18	506	532	533
18	507	0	0
18	508	472	473
18	509	501	502
18	510	789	790
18	511	569	570
18	512	0	0
18	513	0	0
18	514	510	511
18	515	476	477
18	516	470	471
18	517	456	457
18	518	524	525
18	519	595	596
18	520	161	200
18	521	307	308
18	522	117	118
18	523	485	486
18	524	0	0
18	525	0	0
18	526	482	483
18	527	539	540
18	528	648	649
18	529	297	298
18	530	669	670
18	531	650	651
18	532	0	0
18	533	0	0
18	534	0	0
18	535	0	0
18	536	532	533
18	537	524	525
18	538	300	301
18	539	0	0
18	540	0	0
18	541	216	217
18	542	695	696
18	543	609	610
18	544	239	240
18	545	166	167
18	546	501	502
18	547	426	427
18	548	532	533
18	549	316	317
18	550	449	450
18	551	0	0
18	552	0	0
18	553	506	507
18	554	196	197
18	555	307	308
18	556	421	422
18	557	194	195
18	558	482	483
18	559	335	336
18	560	330	331
18	561	0	0
18	562	0	0
18	563	532	533
18	564	492	493
18	565	330	331
18	566	419	420
18	567	0	0
18	568	740	741
18	569	0	0
18	570	995	996
18	571	539	540
18	572	510	511
18	573	346	347
18	574	258	259
18	575	318	319
18	576	354	355
18	577	368	369
18	578	476	477
18	579	482	483
18	580	0	0
18	581	0	0
18	582	454	455
18	583	188	189
18	584	464	465
18	585	485	486
18	586	397	398
18	587	401	402
18	588	472	473
18	589	382	383
18	590	0	0
18	591	0	0
18	592	0	0
18	593	0	0
18	594	268	269
18	595	0	0
18	596	0	0
18	597	542	543
18	598	346	347
18	599	106	162
18	600	0	0
18	601	0	0
18	602	542	543
18	603	848	849
18	604	0	0
18	605	0	0
18	606	0	0
18	607	0	0
18	608	0	0
18	609	0	0
18	610	0	0
18	611	616	617
18	612	727	728
18	613	503	504
18	614	454	455
18	615	512	513
18	616	0	0
18	617	0	0
18	618	330	331
18	619	480	481
18	620	351	352
18	621	0	0
18	622	0	0
18	623	397	398
18	624	478	479
18	625	461	462
18	626	870	871
18	627	743	744
18	628	356	357
18	629	0	0
18	630	0	0
18	631	351	352
18	632	314	315
18	633	600	601
18	634	569	570
18	635	0	0
18	636	0	0
18	637	901	902
18	638	875	876
18	639	0	0
18	640	0	0
18	641	580	581
18	642	358	359
18	643	605	606
18	644	0	0
18	645	0	0
18	646	539	540
18	647	297	298
18	648	0	0
18	649	0	0
18	650	0	0
18	651	0	0
18	652	0	0
18	653	0	0
18	654	603	604
18	655	0	0
18	656	0	0
18	657	0	0
18	658	686	687
18	659	492	493
18	660	384	385
18	661	419	420
18	662	784	785
18	663	925	926
18	664	275	276
18	665	607	608
18	666	351	352
18	667	324	325
18	668	452	453
18	669	0	0
18	670	0	0
18	671	657	658
18	672	567	568
18	673	456	457
18	674	657	658
18	675	285	286
18	676	480	481
18	677	655	656
18	678	580	581
18	679	292	293
18	680	669	670
18	681	592	593
18	682	421	422
18	683	364	365
18	684	821	822
18	685	811	812
18	686	693	694
18	687	723	724
18	688	403	404
18	689	478	479
18	690	496	497
18	691	501	502
18	692	229	230
18	693	835	836
18	694	0	0
18	695	0	0
18	696	0	0
18	697	476	477
18	698	534	535
18	699	324	325
18	700	449	450
18	701	437	438
18	702	524	525
18	703	0	0
18	704	0	0
18	705	377	378
18	706	657	658
18	707	845	846
18	708	0	0
18	709	492	493
18	710	0	0
18	711	0	0
18	712	928	929
18	713	893	894
18	714	0	0
18	715	0	0
18	716	392	393
18	717	616	617
18	718	244	245
18	719	831	832
18	720	864	865
18	721	316	317
18	722	194	195
18	723	0	0
18	724	0	0
18	725	161	200
18	726	194	195
18	727	0	0
18	728	0	0
18	729	580	581
18	730	443	444
18	731	373	374
18	732	437	438
18	733	358	359
18	734	0	0
18	735	0	0
18	736	542	543
18	737	423	424
18	738	0	0
18	739	0	0
18	740	843	844
18	741	0	0
18	742	503	504
18	743	0	0
18	744	0	0
18	745	318	319
18	746	727	728
18	747	166	167
18	748	590	591
18	749	443	444
18	750	316	317
18	751	0	0
18	752	0	0
18	753	405	406
18	754	0	0
18	755	794	795
18	756	621	622
18	757	590	591
18	758	693	694
18	759	0	0
18	760	0	0
18	761	0	0
18	762	0	0
18	763	164	165
18	764	0	0
18	765	0	0
18	766	703	704
18	767	485	486
18	768	443	444
18	769	464	465
18	770	377	378
18	771	434	435
18	772	452	453
18	773	452	453
18	774	759	760
18	775	251	252
18	776	456	457
18	777	707	708
18	778	426	427
18	779	401	402
18	780	478	479
18	781	707	708
18	782	399	400
18	783	377	378
18	784	803	804
18	785	859	860
18	786	719	720
18	787	734	735
18	788	458	459
18	789	0	0
18	790	0	0
18	791	862	863
18	792	884	885
18	793	669	670
18	794	0	0
18	795	0	0
18	796	512	513
18	797	496	497
18	798	609	610
18	799	662	663
18	800	292	293
18	801	764	765
18	802	635	636
18	803	0	0
18	804	868	869
18	805	759	760
18	806	434	435
18	807	629	630
18	808	639	640
18	809	0	0
18	810	852	853
18	811	990	991
18	812	879	880
18	813	524	525
18	814	695	696
18	815	590	591
18	816	600	601
18	817	0	0
18	818	0	0
18	819	616	617
18	820	759	760
18	821	911	912
18	822	0	0
18	823	916	917
18	824	904	905
18	825	727	728
18	826	464	465
18	827	712	713
18	828	626	627
18	829	686	687
18	830	789	790
18	831	0	0
18	832	0	0
18	833	285	286
18	834	743	744
18	835	0	0
18	836	0	0
18	837	821	822
18	838	405	406
18	839	470	471
18	840	371	372
18	841	202	203
18	842	127	128
18	843	0	0
18	844	0	0
18	845	0	0
18	846	0	0
18	847	703	704
18	848	0	0
18	849	0	0
18	850	635	636
18	851	616	617
18	852	0	0
18	853	0	0
18	854	434	435
18	855	0	0
18	856	0	0
18	857	611	612
18	858	855	856
18	859	0	0
18	860	0	0
18	861	437	438
18	862	0	0
18	863	0	0
18	864	0	0
18	865	0	0
18	866	611	612
18	867	503	504
18	868	0	0
18	869	0	0
18	870	877	878
18	871	976	977
18	872	734	735
18	873	870	871
18	874	397	398
18	875	952	953
18	876	935	936
18	877	0	0
18	878	0	0
18	879	0	0
18	880	0	0
18	881	401	402
18	882	686	687
18	883	684	685
18	884	0	0
18	885	0	0
18	886	300	301
18	887	831	832
18	888	684	685
18	889	852	853
18	890	714	715
18	891	382	383
18	892	877	878
18	893	0	0
18	894	0	0
18	895	530	531
18	896	855	856
18	897	405	406
18	898	458	459
18	899	761	762
18	900	710	711
18	901	999	1000
18	902	0	0
18	903	569	570
18	904	992	993
18	905	0	0
18	906	611	612
18	907	392	393
18	908	621	622
18	909	510	511
18	910	300	301
18	911	0	0
18	912	988	989
18	913	285	286
18	914	600	601
18	915	848	849
18	916	0	0
18	917	0	0
18	918	0	0
18	919	0	0
18	920	652	653
18	921	809	810
18	922	864	865
18	923	817	818
18	924	848	849
18	925	0	0
18	926	0	0
18	927	791	792
18	928	0	0
18	929	0	0
18	930	0	0
18	931	969	970
18	932	0	0
18	933	0	0
18	934	686	687
18	935	0	0
18	936	0	0
18	937	845	846
18	938	567	568
18	939	629	630
18	940	703	704
18	941	569	570
18	942	791	792
18	943	710	711
18	944	784	785
18	945	727	728
18	946	714	715
18	947	811	812
18	948	712	713
18	949	0	0
18	950	0	0
18	951	373	374
18	952	0	0
18	953	0	0
18	954	199	955
18	955	0	0
18	956	626	627
18	957	862	863
18	958	754	755
18	959	202	203
18	960	714	715
18	961	835	836
18	962	884	885
18	963	751	752
18	964	707	708
18	965	392	393
18	966	980	981
18	967	0	0
18	968	669	670
18	969	0	0
18	970	0	0
18	971	723	724
18	972	710	711
18	973	423	424
18	974	635	636
18	975	474	475
18	976	0	0
18	977	0	0
18	978	843	844
18	979	884	885
18	980	0	0
18	981	0	0
18	982	918	919
18	983	399	400
18	984	870	871
18	985	0	0
18	986	0	0
18	987	539	540
18	988	0	0
18	989	0	0
18	990	0	0
18	991	0	0
18	992	0	0
18	993	0	0
18	994	512	513
18	995	0	0
18	996	0	0
18	997	421	422
18	998	644	645
18	999	0	0
18	1000	0	0
