6	1	0	0
6	2	1	3
6	3	0	0
6	4	1	3
6	5	2	6
6	6	7	8
6	7	0	0
6	8	0	0
6	9	7	8
6	10	1	3
6	11	1	3
6	12	7	8
6	13	2	6
6	14	2	6
6	15	2	6
6	16	7	8
6	17	5	18
6	18	21	22
6	19	5	18
6	20	5	18
6	21	25	26
6	22	38	39
6	23	21	22
6	24	5	18
6	25	0	0
6	26	0	0
6	27	17	28
6	28	33	34
6	29	21	22
6	30	21	22
6	31	25	26
6	32	17	28
6	33	41	42
6	34	48	49
6	35	17	28
6	36	33	34
6	37	17	28
6	38	0	0
6	39	0	0
6	40	25	26
6	41	69	70
6	42	60	61
6	43	33	34
6	44	41	42
6	45	25	26
6	46	33	34
6	47	41	42
6	48	57	58
6	49	50	51
6	50	0	0
6	51	0	0
6	52	50	51
6	53	38	39
6	54	38	39
6	55	48	49
6	56	38	39
6	57	0	0
6	58	0	0
6	59	48	49
6	60	0	0
6	61	0	0
6	62	60	61
6	63	50	51
6	64	50	51
6	65	41	42
6	66	57	58
6	67	27	68
6	68	82	83
6	69	0	0
6	70	0	0
6	71	48	49
6	72	60	61
6	73	60	61
6	74	27	68
6	75	69	70
6	76	57	58
6	77	69	70
6	78	27	68
6	79	69	70
6	80	27	68
6	81	57	58
6	82	99	100
6	83	89	90
6	84	82	83
6	85	82	83
6	86	67	87
6	87	160	161
6	88	82	83
6	89	92	93
6	90	97	98
6	91	89	90
6	92	0	0
6	93	173	174
6	94	67	87
6	95	92	93
6	96	89	90
6	97	110	111
6	98	104	105
6	99	102	103
6	100	163	164
6	101	99	100
6	102	0	0
6	103	106	107
6	104	0	0
6	105	0	0
6	106	0	0
6	107	0	0
6	108	86	109
6	109	117	118
6	110	0	0
6	111	0	0
6	112	86	109
6	113	108	114
6	114	0	0
6	115	97	98
6	116	92	93
6	117	131	132
6	118	0	0
6	119	113	120
6	120	133	134
6	121	110	111
6	122	99	100
6	123	86	109
6	124	86	109
6	125	119	126
6	126	140	141
6	127	92	93
6	128	117	118
6	129	104	105
6	130	119	126
6	131	0	0
6	132	0	0
6	133	194	195
6	134	135	136
6	135	151	152
6	136	0	0
6	137	119	126
6	138	108	114
6	139	67	87
6	140	0	0
6	141	179	180
6	142	106	107
6	143	125	144
6	144	0	0
6	145	125	144
6	146	131	132
6	147	106	107
6	148	143	149
6	149	153	154
6	150	133	134
6	151	0	0
6	152	0	0
6	153	175	176
6	154	0	0
6	155	113	120
6	156	99	100
6	157	110	111
6	158	131	132
6	159	117	118
6	160	0	0
6	161	0	0
6	162	110	111
6	163	165	166
6	164	0	0
6	165	0	0
6	166	0	0
6	167	151	152
6	168	135	136
6	169	102	103
6	170	89	90
6	171	102	103
6	172	163	164
6	173	0	0
6	174	0	0
6	175	0	0
6	176	0	0
6	177	119	126
6	178	131	132
6	179	197	198
6	180	0	0
6	181	175	176
6	182	165	166
6	183	135	136
6	184	102	103
6	185	160	161
6	186	97	98
6	187	97	98
6	188	163	164
6	189	160	161
6	190	125	144
6	191	117	118
6	192	151	152
6	193	175	176
6	194	0	0
6	195	0	0
6	196	67	87
6	197	0	0
6	198	0	0
6	199	163	164
6	200	113	120
