20	1	0	0
20	2	1	3
20	3	0	0
20	4	2	5
20	5	6	7
20	6	0	0
20	7	0	0
20	8	1	3
20	9	6	7
20	10	6	7
20	11	4	12
20	12	14	15
20	13	1	3
20	14	94	95
20	15	27	28
20	16	11	17
20	17	25	26
20	18	4	12
20	19	16	20
20	20	32	33
20	21	6	7
20	22	19	23
20	23	39	40
20	24	19	23
20	25	50	51
20	26	0	0
20	27	0	0
20	28	0	0
20	29	16	20
20	30	4	12
20	31	4	12
20	32	54	55
20	33	34	35
20	34	82	83
20	35	0	0
20	36	14	15
20	37	16	20
20	38	2	5
20	39	0	0
20	40	0	0
20	41	22	42
20	42	48	49
20	43	19	23
20	44	19	23
20	45	14	15
20	46	25	26
20	47	2	5
20	48	56	57
20	49	60	61
20	50	67	68
20	51	0	0
20	52	22	42
20	53	22	42
20	54	0	0
20	55	0	0
20	56	74	75
20	57	65	66
20	58	27	28
20	59	14	15
20	60	92	93
20	61	0	0
20	62	2	5
20	63	22	42
20	64	27	28
20	65	0	0
20	66	72	73
20	67	0	0
20	68	0	0
20	69	27	28
20	70	54	55
20	71	67	68
20	72	88	89
20	73	0	0
20	74	0	0
20	75	77	78
20	76	32	33
20	77	0	0
20	78	0	0
20	79	1	3
20	80	25	26
20	81	34	35
20	82	0	0
20	83	96	97
20	84	72	73
20	85	67	68
20	86	77	78
20	87	82	83
20	88	0	0
20	89	0	0
20	90	34	35
20	91	39	40
20	92	0	0
20	93	0	0
20	94	0	0
20	95	0	0
20	96	0	0
20	97	0	0
20	98	32	33
20	99	25	26
20	100	34	35
