6	1	0	0
6	2	1	3
6	3	0	0
6	4	2	5
6	5	19	20
6	6	4	7
6	7	11	12
6	8	4	7
6	9	6	10
6	10	100	101
6	11	53	54
6	12	22	23
6	13	4	7
6	14	11	12
6	15	11	12
6	16	1	3
6	17	11	12
6	18	2	5
6	19	0	0
6	20	0	0
6	21	1	3
6	22	0	0
6	23	0	0
6	24	6	10
6	25	6	10
6	26	6	10
6	27	19	20
6	28	4	7
6	29	1	3
6	30	19	20
6	31	2	5
6	32	2	5
6	33	22	23
6	34	9	35
6	35	44	45
6	36	34	37
6	37	282	283
6	38	19	20
6	39	36	40
6	40	69	70
6	41	34	37
6	42	34	37
6	43	34	37
6	44	93	94
6	45	47	48
6	46	9	35
6	47	64	65
6	48	51	52
6	49	44	45
6	50	47	48
6	51	59	60
6	52	87	88
6	53	0	0
6	54	0	0
6	55	53	54
6	56	36	40
6	57	47	48
6	58	51	52
6	59	0	0
6	60	0	0
6	61	44	45
6	62	44	45
6	63	22	23
6	64	82	83
6	65	147	148
6	66	47	48
6	67	39	68
6	68	78	79
6	69	464	465
6	70	114	115
6	71	22	23
6	72	51	52
6	73	9	35
6	74	9	35
6	75	59	60
6	76	39	68
6	77	51	52
6	78	80	81
6	79	298	299
6	80	91	92
6	81	240	241
6	82	0	0
6	83	0	0
6	84	59	60
6	85	67	86
6	86	98	99
6	87	0	0
6	88	0	0
6	89	87	88
6	90	87	88
6	91	121	122
6	92	163	164
6	93	169	170
6	94	248	249
6	95	59	60
6	96	78	79
6	97	36	40
6	98	252	253
6	99	123	124
6	100	300	301
6	101	104	105
6	102	53	54
6	103	80	81
6	104	188	189
6	105	157	158
6	106	39	68
6	107	98	99
6	108	93	94
6	109	78	79
6	110	98	99
6	111	36	40
6	112	98	99
6	113	69	70
6	114	639	640
6	115	127	128
6	116	87	88
6	117	114	115
6	118	82	83
6	119	39	68
6	120	114	115
6	121	264	265
6	122	174	175
6	123	132	133
6	124	226	227
6	125	91	92
6	126	64	65
6	127	152	153
6	128	172	173
6	129	104	105
6	130	91	92
6	131	78	79
6	132	502	503
6	133	138	139
6	134	64	65
6	135	121	122
6	136	123	124
6	137	127	128
6	138	160	161
6	139	183	184
6	140	100	101
6	141	104	105
6	142	64	65
6	143	53	54
6	144	127	128
6	145	67	86
6	146	127	128
6	147	0	0
6	148	0	0
6	149	100	101
6	150	132	133
6	151	138	139
6	152	154	155
6	153	200	201
6	154	207	208
6	155	231	232
6	156	100	101
6	157	0	0
6	158	0	0
6	159	132	133
6	160	203	204
6	161	197	198
6	162	132	133
6	163	186	187
6	164	205	206
6	165	67	86
6	166	93	94
6	167	85	168
6	168	266	267
6	169	191	192
6	170	341	342
6	171	91	92
6	172	180	181
6	173	338	339
6	174	699	700
6	175	215	216
6	176	174	175
6	177	93	94
6	178	121	122
6	179	152	153
6	180	359	360
6	181	219	220
6	182	152	153
6	183	217	218
6	184	273	274
6	185	82	83
6	186	330	331
6	187	228	229
6	188	0	0
6	189	0	0
6	190	154	155
6	191	0	0
6	192	0	0
6	193	154	155
6	194	121	122
6	195	114	115
6	196	123	124
6	197	262	263
6	198	447	448
6	199	183	184
6	200	0	0
6	201	325	326
6	202	191	192
6	203	319	320
6	204	276	277
6	205	242	243
6	206	427	428
6	207	0	0
6	208	0	0
6	209	180	181
6	210	200	201
6	211	207	208
6	212	207	208
6	213	123	124
6	214	152	153
6	215	246	247
6	216	594	595
6	217	237	238
6	218	388	389
6	219	0	0
6	220	0	0
6	221	163	164
6	222	172	173
6	223	163	164
6	224	183	184
6	225	82	83
6	226	424	425
6	227	352	353
6	228	734	735
6	229	244	245
6	230	191	192
6	231	0	0
6	232	0	0
6	233	154	155
6	234	157	158
6	235	180	181
6	236	157	158
6	237	637	638
6	238	260	261
6	239	69	70
6	240	254	255
6	241	327	328
6	242	707	708
6	243	490	491
6	244	0	0
6	245	0	0
6	246	0	0
6	247	0	0
6	248	500	501
6	249	284	285
6	250	157	158
6	251	80	81
6	252	311	312
6	253	278	279
6	254	271	272
6	255	280	281
6	256	217	218
6	257	226	227
6	258	69	70
6	259	219	220
6	260	0	0
6	261	0	0
6	262	323	324
6	263	366	367
6	264	0	0
6	265	0	0
6	266	348	349
6	267	817	818
6	268	242	243
6	269	85	168
6	270	240	241
6	271	609	610
6	272	456	457
6	273	290	291
6	274	630	631
6	275	147	148
6	276	408	409
6	277	986	987
6	278	346	347
6	279	513	514
6	280	295	296
6	281	313	314
6	282	467	468
6	283	694	695
6	284	0	0
6	285	0	0
6	286	244	245
6	287	80	81
6	288	262	263
6	289	203	204
6	290	336	337
6	291	361	362
6	292	264	265
6	293	172	173
6	294	262	263
6	295	526	527
6	296	0	0
6	297	85	168
6	298	414	415
6	299	304	305
6	300	321	322
6	301	373	374
6	302	172	173
6	303	231	232
6	304	0	0
6	305	454	455
6	306	260	261
6	307	85	168
6	308	237	238
6	309	205	206
6	310	280	281
6	311	390	391
6	312	382	383
6	313	777	778
6	314	0	0
6	315	147	148
6	316	138	139
6	317	248	249
6	318	163	164
6	319	450	451
6	320	843	844
6	321	0	0
6	322	0	0
6	323	0	0
6	324	0	0
6	325	0	0
6	326	0	0
6	327	624	625
6	328	596	597
6	329	191	192
6	330	800	801
6	331	370	371
6	332	254	255
6	333	273	274
6	334	300	301
6	335	260	261
6	336	0	0
6	337	0	0
6	338	648	649
6	339	511	512
6	340	244	245
6	341	0	0
6	342	0	0
6	343	273	274
6	344	188	189
6	345	323	324
6	346	604	605
6	347	400	401
6	348	717	718
6	349	405	406
6	350	246	247
6	351	147	148
6	352	764	765
6	353	417	418
6	354	271	272
6	355	325	326
6	356	319	320
6	357	295	296
6	358	282	283
6	359	0	0
6	360	0	0
6	361	0	0
6	362	0	0
6	363	188	189
6	364	295	296
6	365	323	324
6	366	0	0
6	367	0	0
6	368	280	281
6	369	282	283
6	370	0	0
6	371	0	0
6	372	311	312
6	373	0	0
6	374	0	0
6	375	323	324
6	376	262	263
6	377	207	208
6	378	366	367
6	379	252	253
6	380	325	326
6	381	341	342
6	382	535	536
6	383	825	826
6	384	352	353
6	385	311	312
6	386	205	206
6	387	264	265
6	388	504	505
6	389	719	720
6	390	760	761
6	391	607	608
6	392	180	181
6	393	361	362
6	394	311	312
6	395	276	277
6	396	336	337
6	397	217	218
6	398	370	371
6	399	248	249
6	400	755	756
6	401	452	453
6	402	167	403
6	403	786	787
6	404	228	229
6	405	685	686
6	406	578	579
6	407	338	339
6	408	0	0
6	409	0	0
6	410	203	204
6	411	298	299
6	412	138	139
6	413	313	314
6	414	441	442
6	415	795	796
6	416	313	314
6	417	484	485
6	418	775	776
6	419	388	389
6	420	264	265
6	421	252	253
6	422	417	418
6	423	290	291
6	424	537	538
6	425	471	472
6	426	67	86
6	427	430	431
6	428	626	627
6	429	405	406
6	430	0	0
6	431	0	0
6	432	313	314
6	433	427	428
6	434	427	428
6	435	300	301
6	436	341	342
6	437	244	245
6	438	430	431
6	439	427	428
6	440	327	328
6	441	0	0
6	442	524	525
6	443	167	403
6	444	205	206
6	445	104	105
6	446	304	305
6	447	459	460
6	448	476	477
6	449	231	232
6	450	0	0
6	451	0	0
6	452	904	905
6	453	461	462
6	454	507	508
6	455	0	0
6	456	473	474
6	457	0	0
6	458	338	339
6	459	0	0
6	460	0	0
6	461	977	978
6	462	571	572
6	463	366	367
6	464	481	482
6	465	576	577
6	466	290	291
6	467	564	565
6	468	0	0
6	469	160	161
6	470	273	274
6	471	531	532
6	472	551	552
6	473	0	0
6	474	0	0
6	475	461	462
6	476	0	0
6	477	0	0
6	478	361	362
6	479	327	328
6	480	174	175
6	481	0	0
6	482	522	523
6	483	352	353
6	484	520	521
6	485	0	0
6	486	441	442
6	487	359	360
6	488	447	448
6	489	240	241
6	490	0	0
6	491	0	0
6	492	338	339
6	493	280	281
6	494	336	337
6	495	215	216
6	496	327	328
6	497	467	468
6	498	298	299
6	499	300	301
6	500	0	0
6	501	0	0
6	502	713	714
6	503	959	960
6	504	0	0
6	505	0	0
6	506	461	462
6	507	968	969
6	508	768	769
6	509	400	401
6	510	271	272
6	511	0	0
6	512	0	0
6	513	560	561
6	514	730	731
6	515	405	406
6	516	183	184
6	517	390	391
6	518	260	261
6	519	240	241
6	520	907	908
6	521	0	0
6	522	583	584
6	523	586	587
6	524	0	0
6	525	670	671
6	526	0	0
6	527	0	0
6	528	346	347
6	529	511	512
6	530	237	238
6	531	589	590
6	532	0	0
6	533	276	277
6	534	500	501
6	535	617	618
6	536	0	0
6	537	876	877
6	538	881	882
6	539	502	503
6	540	254	255
6	541	188	189
6	542	348	349
6	543	361	362
6	544	266	267
6	545	522	523
6	546	370	371
6	547	242	243
6	548	197	198
6	549	336	337
6	550	304	305
6	551	827	828
6	552	861	862
6	553	295	296
6	554	169	170
6	555	321	322
6	556	551	552
6	557	373	374
6	558	169	170
6	559	370	371
6	560	680	681
6	561	615	616
6	562	319	320
6	563	231	232
6	564	667	668
6	565	641	642
6	566	271	272
6	567	500	501
6	568	484	485
6	569	341	342
6	570	390	391
6	571	0	0
6	572	0	0
6	573	319	320
6	574	513	514
6	575	325	326
6	576	0	0
6	577	0	0
6	578	611	612
6	579	721	722
6	580	276	277
6	581	321	322
6	582	464	465
6	583	592	593
6	584	927	928
6	585	237	238
6	586	0	0
6	587	819	820
6	588	348	349
6	589	661	662
6	590	599	600
6	591	408	409
6	592	0	0
6	593	0	0
6	594	0	0
6	595	0	0
6	596	950	951
6	597	0	0
6	598	511	512
6	599	0	0
6	600	0	0
6	601	459	460
6	602	402	603
6	603	869	870
6	604	703	704
6	605	0	0
6	606	242	243
6	607	0	0
6	608	634	635
6	609	0	0
6	610	923	924
6	611	728	729
6	612	0	0
6	613	464	465
6	614	484	485
6	615	663	664
6	616	0	0
6	617	0	0
6	618	0	0
6	619	217	218
6	620	576	577
6	621	490	491
6	622	564	565
6	623	388	389
6	624	682	683
6	625	0	0
6	626	0	0
6	627	0	0
6	628	484	485
6	629	526	527
6	630	0	0
6	631	0	0
6	632	200	201
6	633	321	322
6	634	805	806
6	635	0	0
6	636	564	565
6	637	0	0
6	638	0	0
6	639	779	780
6	640	723	724
6	641	921	922
6	642	0	0
6	643	464	465
6	644	481	482
6	645	634	635
6	646	607	608
6	647	203	204
6	648	0	0
6	649	0	0
6	650	500	501
6	651	524	525
6	652	615	616
6	653	254	255
6	654	504	505
6	655	586	587
6	656	366	367
6	657	578	579
6	658	459	460
6	659	586	587
6	660	359	360
6	661	0	0
6	662	0	0
6	663	0	0
6	664	748	749
6	665	520	521
6	666	624	625
6	667	0	0
6	668	674	675
6	669	382	383
6	670	871	872
6	671	930	931
6	672	607	608
6	673	634	635
6	674	0	0
6	675	0	0
6	676	626	627
6	677	502	503
6	678	604	605
6	679	473	474
6	680	750	751
6	681	0	0
6	682	0	0
6	683	0	0
6	684	169	170
6	685	866	867
6	686	789	790
6	687	359	360
6	688	661	662
6	689	490	491
6	690	551	552
6	691	531	532
6	692	604	605
6	693	630	631
6	694	0	0
6	695	0	0
6	696	388	389
6	697	246	247
6	698	648	649
6	699	0	0
6	700	0	0
6	701	609	610
6	702	586	587
6	703	0	0
6	704	0	0
6	705	641	642
6	706	507	508
6	707	0	0
6	708	0	0
6	709	284	285
6	710	617	618
6	711	674	675
6	712	641	642
6	713	896	897
6	714	984	985
6	715	571	572
6	716	490	491
6	717	0	0
6	718	889	890
6	719	0	0
6	720	0	0
6	721	0	0
6	722	0	0
6	723	0	0
6	724	0	0
6	725	594	595
6	726	661	662
6	727	346	347
6	728	863	864
6	729	0	0
6	730	0	0
6	731	0	0
6	732	663	664
6	733	504	505
6	734	0	0
6	735	0	0
6	736	524	525
6	737	699	700
6	738	471	472
6	739	611	612
6	740	471	472
6	741	564	565
6	742	526	527
6	743	454	455
6	744	454	455
6	745	284	285
6	746	713	714
6	747	596	597
6	748	0	0
6	749	0	0
6	750	847	848
6	751	879	880
6	752	624	625
6	753	685	686
6	754	197	198
6	755	0	0
6	756	822	823
6	757	604	605
6	758	467	468
6	759	596	597
6	760	0	0
6	761	0	0
6	762	615	616
6	763	531	532
6	764	0	0
6	765	0	0
6	766	266	267
6	767	476	477
6	768	0	0
6	769	0	0
6	770	511	512
6	771	768	769
6	772	414	415
6	773	703	704
6	774	599	600
6	775	831	832
6	776	0	0
6	777	0	0
6	778	0	0
6	779	0	0
6	780	0	0
6	781	596	597
6	782	777	778
6	783	248	249
6	784	578	579
6	785	607	608
6	786	0	0
6	787	0	0
6	788	723	724
6	789	814	815
6	790	0	0
6	791	504	505
6	792	578	579
6	793	661	662
6	794	417	418
6	795	893	894
6	796	0	0
6	797	707	708
6	798	728	729
6	799	734	735
6	800	0	0
6	801	0	0
6	802	682	683
6	803	526	527
6	804	282	283
6	805	0	0
6	806	0	0
6	807	290	291
6	808	304	305
6	809	417	418
6	810	777	778
6	811	694	695
6	812	768	769
6	813	537	538
6	814	0	0
6	815	0	0
6	816	476	477
6	817	0	0
6	818	911	912
6	819	0	0
6	820	0	0
6	821	817	818
6	822	0	0
6	823	0	0
6	824	551	552
6	825	0	0
6	826	0	0
6	827	0	0
6	828	0	0
6	829	200	201
6	830	703	704
6	831	0	0
6	832	0	0
6	833	594	595
6	834	748	749
6	835	764	765
6	836	481	482
6	837	694	695
6	838	764	765
6	839	611	612
6	840	779	780
6	841	609	610
6	842	454	455
6	843	0	0
6	844	0	0
6	845	186	187
6	846	634	635
6	847	0	0
6	848	0	0
6	849	827	828
6	850	734	735
6	851	284	285
6	852	502	503
6	853	626	627
6	854	278	279
6	855	663	664
6	856	819	820
6	857	456	457
6	858	719	720
6	859	522	523
6	860	663	664
6	861	0	0
6	862	0	0
6	863	932	933
6	864	0	0
6	865	670	671
6	866	0	0
6	867	0	0
6	868	513	514
6	869	948	949
6	870	874	875
6	871	0	0
6	872	0	0
6	873	160	161
6	874	0	0
6	875	886	887
6	876	0	0
6	877	0	0
6	878	414	415
6	879	0	0
6	880	0	0
6	881	946	947
6	882	0	0
6	883	734	735
6	884	670	671
6	885	814	815
6	886	0	0
6	887	0	0
6	888	874	875
6	889	0	0
6	890	0	0
6	891	819	820
6	892	414	415
6	893	0	0
6	894	0	0
6	895	786	787
6	896	917	918
6	897	0	0
6	898	760	761
6	899	831	832
6	900	589	590
6	901	682	683
6	902	680	681
6	903	537	538
6	904	0	0
6	905	971	972
6	906	713	714
6	907	0	0
6	908	0	0
6	909	861	862
6	910	827	828
6	911	941	942
6	912	0	0
6	913	617	618
6	914	822	823
6	915	576	577
6	916	779	780
6	917	0	0
6	918	0	0
6	919	215	216
6	920	471	472
6	921	0	0
6	922	0	0
6	923	0	0
6	924	0	0
6	925	717	718
6	926	400	401
6	927	0	0
6	928	0	0
6	929	405	406
6	930	0	0
6	931	0	0
6	932	989	990
6	933	0	0
6	934	630	631
6	935	670	671
6	936	789	790
6	937	456	457
6	938	452	453
6	939	531	532
6	940	447	448
6	941	998	999
6	942	0	0
6	943	825	826
6	944	786	787
6	945	583	584
6	946	957	958
6	947	0	0
6	948	0	0
6	949	0	0
6	950	0	0
6	951	0	0
6	952	674	675
6	953	941	942
6	954	748	749
6	955	896	897
6	956	847	848
6	957	0	0
6	958	0	0
6	959	0	0
6	960	0	0
6	961	728	729
6	962	450	451
6	963	959	960
6	964	535	536
6	965	215	216
6	966	719	720
6	967	522	523
6	968	0	0
6	969	0	0
6	970	879	880
6	971	0	0
6	972	0	0
6	973	252	253
6	974	524	525
6	975	805	806
6	976	481	482
6	977	0	0
6	978	0	0
6	979	917	918
6	980	624	625
6	981	637	638
6	982	641	642
6	983	950	951
6	984	0	0
6	985	0	0
6	986	0	0
6	987	0	0
6	988	626	627
6	989	0	0
6	990	0	0
6	991	917	918
6	992	889	890
6	993	957	958
6	994	611	612
6	995	874	875
6	996	805	806
6	997	467	468
6	998	0	0
6	999	0	0
6	1000	0	0
