15	1	0	0
15	2	1	3
15	3	0	0
15	4	1	3
15	5	1	3
15	6	1	3
15	7	2	8
15	8	9	10
15	9	0	0
15	10	0	0
15	11	9	10
15	12	9	10
15	13	9	10
15	14	7	15
15	15	16	17
15	16	27	28
15	17	22	23
15	18	7	15
15	19	2	8
15	20	16	17
15	21	2	8
15	22	0	0
15	23	0	0
15	24	7	15
15	25	7	15
15	26	2	8
15	27	0	0
15	28	0	0
15	29	22	23
15	30	22	23
15	31	27	28
15	32	22	23
15	33	16	17
15	34	27	28
15	35	16	17
15	36	27	28
15	37	14	38
15	38	57	58
15	39	37	40
15	40	52	53
15	41	14	38
15	42	37	40
15	43	39	44
15	44	126	127
15	45	37	40
15	46	14	38
15	47	14	38
15	48	39	44
15	49	39	44
15	50	37	40
15	51	39	44
15	52	54	55
15	53	63	64
15	54	73	74
15	55	59	60
15	56	52	53
15	57	82	83
15	58	87	88
15	59	65	66
15	60	69	70
15	61	59	60
15	62	59	60
15	63	110	111
15	64	76	77
15	65	0	0
15	66	0	0
15	67	63	64
15	68	54	55
15	69	0	0
15	70	0	0
15	71	63	64
15	72	69	70
15	73	79	80
15	74	138	139
15	75	63	64
15	76	99	100
15	77	105	106
15	78	76	77
15	79	0	0
15	80	0	0
15	81	65	66
15	82	84	85
15	83	103	104
15	84	0	0
15	85	0	0
15	86	52	53
15	87	163	164
15	88	89	90
15	89	0	0
15	90	0	0
15	91	79	80
15	92	89	90
15	93	73	74
15	94	84	85
15	95	76	77
15	96	84	85
15	97	69	70
15	98	54	55
15	99	0	0
15	100	0	0
15	101	52	53
15	102	79	80
15	103	0	0
15	104	0	0
15	105	0	0
15	106	0	0
15	107	84	85
15	108	73	74
15	109	89	90
15	110	124	125
15	111	188	189
15	112	110	111
15	113	87	88
15	114	79	80
15	115	99	100
15	116	105	106
15	117	73	74
15	118	43	119
15	119	133	134
15	120	76	77
15	121	54	55
15	122	87	88
15	123	69	70
15	124	0	0
15	125	0	0
15	126	151	152
15	127	0	0
15	128	65	66
15	129	87	88
15	130	57	58
15	131	126	127
15	132	89	90
15	133	0	0
15	134	167	168
15	135	65	66
15	136	105	106
15	137	124	125
15	138	0	0
15	139	0	0
15	140	103	104
15	141	118	142
15	142	153	154
15	143	138	139
15	144	82	83
15	145	141	146
15	146	0	0
15	147	105	106
15	148	110	111
15	149	138	139
15	150	59	60
15	151	0	0
15	152	0	0
15	153	0	0
15	154	174	175
15	155	151	152
15	156	99	100
15	157	153	154
15	158	103	104
15	159	153	154
15	160	145	161
15	161	0	0
15	162	118	142
15	163	0	0
15	164	0	0
15	165	151	152
15	166	145	161
15	167	0	0
15	168	0	0
15	169	145	161
15	170	43	119
15	171	145	161
15	172	118	142
15	173	124	125
15	174	180	181
15	175	0	0
15	176	43	119
15	177	82	83
15	178	151	152
15	179	43	119
15	180	191	192
15	181	0	0
15	182	126	127
15	183	126	127
15	184	167	168
15	185	103	104
15	186	180	181
15	187	118	142
15	188	0	0
15	189	0	0
15	190	138	139
15	191	0	0
15	192	198	199
15	193	57	58
15	194	174	175
15	195	141	146
15	196	188	189
15	197	180	181
15	198	0	0
15	199	0	0
15	200	57	58
