28	1	0	0
28	2	1	3
28	3	0	0
28	4	2	5
28	5	9	10
28	6	2	5
28	7	1	3
28	8	2	5
28	9	0	0
28	10	0	0
28	11	1	3
28	12	9	10
28	13	1	3
28	14	2	5
28	15	4	16
28	16	21	22
28	17	4	16
28	18	9	10
28	19	4	16
28	20	9	10
28	21	31	32
28	22	23	24
28	23	0	0
28	24	0	0
28	25	23	24
28	26	4	16
28	27	21	22
28	28	23	24
28	29	23	24
28	30	21	22
28	31	0	0
28	32	0	0
28	33	15	34
28	34	35	36
28	35	46	47
28	36	78	79
28	37	21	22
28	38	35	36
28	39	35	36
28	40	15	34
28	41	15	34
28	42	31	32
28	43	35	36
28	44	15	34
28	45	31	32
28	46	59	60
28	47	48	49
28	48	0	0
28	49	0	0
28	50	31	32
28	51	48	49
28	52	33	53
28	53	54	55
28	54	101	102
28	55	64	65
28	56	46	47
28	57	48	49
28	58	54	55
28	59	0	0
28	60	0	0
28	61	59	60
28	62	54	55
28	63	48	49
28	64	85	86
28	65	66	67
28	66	99	100
28	67	80	81
28	68	64	65
28	69	46	47
28	70	54	55
28	71	66	67
28	72	64	65
28	73	64	65
28	74	46	47
28	75	33	53
28	76	59	60
28	77	33	53
28	78	93	94
28	79	114	115
28	80	0	0
28	81	0	0
28	82	78	79
28	83	80	81
28	84	33	53
28	85	108	109
28	86	105	106
28	87	80	81
28	88	85	86
28	89	85	86
28	90	78	79
28	91	85	86
28	92	80	81
28	93	0	0
28	94	0	0
28	95	93	94
28	96	52	97
28	97	149	150
28	98	66	67
28	99	0	0
28	100	0	0
28	101	129	130
28	102	134	135
28	103	78	79
28	104	66	67
28	105	0	0
28	106	0	0
28	107	52	97
28	108	0	0
28	109	0	0
28	110	59	60
28	111	101	102
28	112	93	94
28	113	101	102
28	114	0	0
28	115	0	0
28	116	99	100
28	117	99	100
28	118	52	97
28	119	99	100
28	120	114	115
28	121	52	97
28	122	96	123
28	123	127	128
28	124	105	106
28	125	122	126
28	126	144	145
28	127	136	137
28	128	185	186
28	129	520	521
28	130	131	132
28	131	0	0
28	132	0	0
28	133	101	102
28	134	142	143
28	135	169	170
28	136	152	153
28	137	375	376
28	138	129	130
28	139	93	94
28	140	105	106
28	141	105	106
28	142	0	0
28	143	0	0
28	144	147	148
28	145	171	172
28	146	114	115
28	147	167	168
28	148	160	161
28	149	199	200
28	150	221	222
28	151	131	132
28	152	834	835
28	153	230	231
28	154	147	148
28	155	152	153
28	156	131	132
28	157	152	153
28	158	125	159
28	159	399	400
28	160	163	164
28	161	193	194
28	162	125	159
28	163	470	471
28	164	508	509
28	165	163	164
28	166	108	109
28	167	183	184
28	168	246	247
28	169	0	0
28	170	0	0
28	171	174	175
28	172	276	277
28	173	134	135
28	174	189	190
28	175	293	294
28	176	169	170
28	177	129	130
28	178	160	161
28	179	125	159
28	180	163	164
28	181	147	148
28	182	149	150
28	183	195	196
28	184	464	465
28	185	197	198
28	186	239	240
28	187	183	184
28	188	144	145
28	189	300	301
28	190	203	204
28	191	114	115
28	192	142	143
28	193	427	428
28	194	279	280
28	195	207	208
28	196	201	202
28	197	401	402
28	198	217	218
28	199	262	263
28	200	215	216
28	201	212	213
28	202	680	681
28	203	318	319
28	204	325	326
28	205	149	150
28	206	201	202
28	207	303	304
28	208	395	396
28	209	167	168
28	210	185	186
28	211	129	130
28	212	0	0
28	213	0	0
28	214	163	164
28	215	237	238
28	216	334	335
28	217	310	311
28	218	250	251
28	219	193	194
28	220	127	128
28	221	564	565
28	222	291	292
28	223	221	222
28	224	142	143
28	225	221	222
28	226	142	143
28	227	215	216
28	228	215	216
28	229	193	194
28	230	499	500
28	231	233	234
28	232	96	123
28	233	253	254
28	234	477	478
28	235	195	196
28	236	147	148
28	237	405	406
28	238	297	298
28	239	397	398
28	240	244	245
28	241	134	135
28	242	108	109
28	243	131	132
28	244	689	690
28	245	735	736
28	246	468	469
28	247	313	314
28	248	144	145
28	249	230	231
28	250	273	274
28	251	407	408
28	252	212	213
28	253	0	0
28	254	0	0
28	255	237	238
28	256	201	202
28	257	212	213
28	258	149	150
28	259	144	145
28	260	189	190
28	261	233	234
28	262	265	266
28	263	282	283
28	264	221	222
28	265	445	446
28	266	849	850
28	267	127	128
28	268	193	194
28	269	108	109
28	270	239	240
28	271	203	204
28	272	239	240
28	273	0	0
28	274	0	0
28	275	195	196
28	276	0	0
28	277	359	360
28	278	207	208
28	279	356	357
28	280	424	425
28	281	207	208
28	282	307	308
28	283	336	337
28	284	171	172
28	285	152	153
28	286	160	161
28	287	195	196
28	288	212	213
28	289	96	123
28	290	244	245
28	291	628	629
28	292	349	350
28	293	0	0
28	294	367	368
28	295	169	170
28	296	244	245
28	297	0	0
28	298	0	0
28	299	174	175
28	300	0	0
28	301	633	634
28	302	96	123
28	303	0	0
28	304	0	0
28	305	169	170
28	306	293	294
28	307	0	0
28	308	0	0
28	309	230	231
28	310	475	476
28	311	327	328
28	312	273	274
28	313	329	330
28	314	538	539
28	315	250	251
28	316	158	317
28	317	453	454
28	318	323	324
28	319	340	341
28	320	246	247
28	321	183	184
28	322	253	254
28	323	0	0
28	324	0	0
28	325	0	0
28	326	429	430
28	327	0	0
28	328	0	0
28	329	416	417
28	330	351	352
28	331	279	280
28	332	239	240
28	333	122	126
28	334	758	759
28	335	461	462
28	336	0	0
28	337	0	0
28	338	303	304
28	339	329	330
28	340	0	0
28	341	0	0
28	342	246	247
28	343	183	184
28	344	310	311
28	345	262	263
28	346	244	245
28	347	207	208
28	348	189	190
28	349	392	393
28	350	570	571
28	351	0	0
28	352	0	0
28	353	215	216
28	354	189	190
28	355	293	294
28	356	558	559
28	357	361	362
28	358	273	274
28	359	436	437
28	360	389	390
28	361	0	0
28	362	0	0
28	363	293	294
28	364	297	298
28	365	327	328
28	366	250	251
28	367	380	381
28	368	432	433
28	369	253	254
28	370	356	357
28	371	327	328
28	372	158	317
28	373	160	161
28	374	359	360
28	375	700	701
28	376	857	858
28	377	136	137
28	378	327	328
28	379	217	218
28	380	838	839
28	381	481	482
28	382	262	263
28	383	125	159
28	384	167	168
28	385	323	324
28	386	310	311
28	387	349	350
28	388	199	200
28	389	650	651
28	390	443	444
28	391	237	238
28	392	0	0
28	393	0	0
28	394	297	298
28	395	0	0
28	396	0	0
28	397	616	617
28	398	0	0
28	399	906	907
28	400	553	554
28	401	422	423
28	402	502	503
28	403	246	247
28	404	399	400
28	405	0	0
28	406	0	0
28	407	0	0
28	408	0	0
28	409	273	274
28	410	291	292
28	411	250	251
28	412	300	301
28	413	185	186
28	414	174	175
28	415	405	406
28	416	0	0
28	417	0	0
28	418	334	335
28	419	171	172
28	420	203	204
28	421	197	198
28	422	705	706
28	423	440	441
28	424	486	487
28	425	746	747
28	426	356	357
28	427	676	677
28	428	450	451
28	429	0	0
28	430	0	0
28	431	237	238
28	432	0	0
28	433	473	474
28	434	310	311
28	435	395	396
28	436	703	704
28	437	894	895
28	438	436	437
28	439	416	417
28	440	0	0
28	441	0	0
28	442	201	202
28	443	0	0
28	444	674	675
28	445	0	0
28	446	0	0
28	447	167	168
28	448	253	254
28	449	329	330
28	450	980	981
28	451	457	458
28	452	432	433
28	453	719	720
28	454	491	492
28	455	325	326
28	456	422	423
28	457	0	0
28	458	0	0
28	459	457	458
28	460	395	396
28	461	0	0
28	462	0	0
28	463	334	335
28	464	479	480
28	465	535	536
28	466	303	304
28	467	233	234
28	468	514	515
28	469	0	0
28	470	643	644
28	471	637	638
28	472	174	175
28	473	0	0
28	474	0	0
28	475	0	0
28	476	0	0
28	477	0	0
28	478	0	0
28	479	517	518
28	480	691	692
28	481	0	0
28	482	0	0
28	483	323	324
28	484	127	128
28	485	380	381
28	486	0	0
28	487	0	0
28	488	416	417
28	489	356	357
28	490	427	428
28	491	726	727
28	492	918	919
28	493	401	402
28	494	265	266
28	495	336	337
28	496	300	301
28	497	470	471
28	498	389	390
28	499	0	0
28	500	695	696
28	501	422	423
28	502	540	541
28	503	809	810
28	504	134	135
28	505	424	425
28	506	392	393
28	507	424	425
28	508	0	0
28	509	785	786
28	510	479	480
28	511	265	266
28	512	453	454
28	513	136	137
28	514	0	0
28	515	567	568
28	516	217	218
28	517	0	0
28	518	0	0
28	519	158	317
28	520	0	0
28	521	0	0
28	522	436	437
28	523	499	500
28	524	461	462
28	525	443	444
28	526	392	393
28	527	323	324
28	528	276	277
28	529	300	301
28	530	158	317
28	531	407	408
28	532	440	441
28	533	389	390
28	534	171	172
28	535	589	590
28	536	755	756
28	537	367	368
28	538	575	576
28	539	596	597
28	540	0	0
28	541	0	0
28	542	440	441
28	543	389	390
28	544	445	446
28	545	217	218
28	546	282	283
28	547	367	368
28	548	307	308
28	549	453	454
28	550	427	428
28	551	375	376
28	552	457	458
28	553	910	911
28	554	730	731
28	555	316	556
28	556	579	580
28	557	230	231
28	558	0	0
28	559	0	0
28	560	291	292
28	561	361	362
28	562	318	319
28	563	440	441
28	564	790	791
28	565	960	961
28	566	361	362
28	567	0	0
28	568	0	0
28	569	450	451
28	570	0	0
28	571	0	0
28	572	470	471
28	573	558	559
28	574	520	521
28	575	0	0
28	576	0	0
28	577	325	326
28	578	303	304
28	579	583	584
28	580	873	874
28	581	567	568
28	582	399	400
28	583	605	606
28	584	717	718
28	585	453	454
28	586	203	204
28	587	297	298
28	588	450	451
28	589	0	0
28	590	0	0
28	591	508	509
28	592	432	433
28	593	555	594
28	594	623	624
28	595	233	234
28	596	0	0
28	597	0	0
28	598	313	314
28	599	199	200
28	600	570	571
28	601	558	559
28	602	380	381
28	603	351	352
28	604	596	597
28	605	0	0
28	606	752	753
28	607	432	433
28	608	553	554
28	609	361	362
28	610	570	571
28	611	429	430
28	612	605	606
28	613	468	469
28	614	535	536
28	615	479	480
28	616	765	766
28	617	803	804
28	618	475	476
28	619	564	565
28	620	325	326
28	621	477	478
28	622	136	137
28	623	939	940
28	624	0	0
28	625	555	594
28	626	570	571
28	627	351	352
28	628	707	708
28	629	0	0
28	630	392	393
28	631	424	425
28	632	351	352
28	633	798	799
28	634	779	780
28	635	380	381
28	636	502	503
28	637	853	854
28	638	964	965
28	639	279	280
28	640	375	376
28	641	553	554
28	642	375	376
28	643	922	923
28	644	721	722
28	645	553	554
28	646	633	634
28	647	436	437
28	648	514	515
28	649	491	492
28	650	653	654
28	651	805	806
28	652	555	594
28	653	0	0
28	654	0	0
28	655	499	500
28	656	470	471
28	657	579	580
28	658	567	568
28	659	407	408
28	660	596	597
28	661	643	644
28	662	336	337
28	663	318	319
28	664	605	606
28	665	653	654
28	666	623	624
28	667	340	341
28	668	405	406
28	669	575	576
28	670	359	360
28	671	185	186
28	672	564	565
28	673	596	597
28	674	0	0
28	675	0	0
28	676	955	956
28	677	0	0
28	678	616	617
28	679	291	292
28	680	0	0
28	681	0	0
28	682	276	277
28	683	583	584
28	684	397	398
28	685	405	406
28	686	336	337
28	687	359	360
28	688	407	408
28	689	774	775
28	690	709	710
28	691	0	0
28	692	0	0
28	693	475	476
28	694	473	474
28	695	0	0
28	696	0	0
28	697	427	428
28	698	307	308
28	699	567	568
28	700	825	826
28	701	0	0
28	702	349	350
28	703	732	733
28	704	0	0
28	705	0	0
28	706	0	0
28	707	0	0
28	708	0	0
28	709	0	0
28	710	0	0
28	711	468	469
28	712	313	314
28	713	276	277
28	714	262	263
28	715	695	696
28	716	450	451
28	717	0	0
28	718	899	900
28	719	748	749
28	720	761	762
28	721	0	0
28	722	0	0
28	723	520	521
28	724	653	654
28	725	473	474
28	726	795	796
28	727	0	0
28	728	680	681
28	729	689	690
28	730	0	0
28	731	0	0
28	732	0	0
28	733	0	0
28	734	637	638
28	735	0	0
28	736	770	771
28	737	401	402
28	738	122	126
28	739	349	350
28	740	653	654
28	741	726	727
28	742	318	319
28	743	307	308
28	744	340	341
28	745	717	718
28	746	0	0
28	747	0	0
28	748	0	0
28	749	870	871
28	750	538	539
28	751	726	727
28	752	0	0
28	753	0	0
28	754	719	720
28	755	0	0
28	756	0	0
28	757	475	476
28	758	0	0
28	759	0	0
28	760	473	474
28	761	811	812
28	762	0	0
28	763	313	314
28	764	717	718
28	765	0	0
28	766	0	0
28	767	575	576
28	768	650	651
28	769	650	651
28	770	0	0
28	771	0	0
28	772	589	590
28	773	282	283
28	774	0	0
28	775	0	0
28	776	633	634
28	777	732	733
28	778	334	335
28	779	0	0
28	780	0	0
28	781	479	480
28	782	779	780
28	783	703	704
28	784	486	487
28	785	0	0
28	786	887	888
28	787	579	580
28	788	502	503
28	789	540	541
28	790	935	936
28	791	0	0
28	792	593	793
28	793	820	821
28	794	535	536
28	795	0	0
28	796	842	843
28	797	502	503
28	798	0	0
28	799	0	0
28	800	707	708
28	801	785	786
28	802	616	617
28	803	0	0
28	804	0	0
28	805	0	0
28	806	0	0
28	807	628	629
28	808	633	634
28	809	0	0
28	810	0	0
28	811	0	0
28	812	0	0
28	813	792	814
28	814	0	0
28	815	445	446
28	816	457	458
28	817	514	515
28	818	676	677
28	819	803	804
28	820	0	0
28	821	823	824
28	822	758	759
28	823	851	852
28	824	855	856
28	825	879	880
28	826	0	0
28	827	520	521
28	828	558	559
28	829	748	749
28	830	798	799
28	831	650	651
28	832	795	796
28	833	637	638
28	834	882	883
28	835	0	0
28	836	508	509
28	837	199	200
28	838	0	0
28	839	0	0
28	840	838	839
28	841	691	692
28	842	868	869
28	843	946	947
28	844	514	515
28	845	429	430
28	846	605	606
28	847	805	806
28	848	758	759
28	849	0	0
28	850	0	0
28	851	0	0
28	852	0	0
28	853	0	0
28	854	0	0
28	855	0	0
28	856	860	861
28	857	0	0
28	858	929	930
28	859	637	638
28	860	0	0
28	861	0	0
28	862	838	839
28	863	732	733
28	864	758	759
28	865	468	469
28	866	748	749
28	867	746	747
28	868	983	984
28	869	0	0
28	870	978	979
28	871	0	0
28	872	555	594
28	873	877	878
28	874	0	0
28	875	340	341
28	876	643	644
28	877	916	917
28	878	914	915
28	879	0	0
28	880	0	0
28	881	535	536
28	882	0	0
28	883	0	0
28	884	820	821
28	885	461	462
28	886	628	629
28	887	0	0
28	888	0	0
28	889	703	704
28	890	732	733
28	891	820	821
28	892	540	541
28	893	820	821
28	894	0	0
28	895	0	0
28	896	477	478
28	897	282	283
28	898	540	541
28	899	0	0
28	900	0	0
28	901	564	565
28	902	689	690
28	903	774	775
28	904	860	861
28	905	464	465
28	906	0	0
28	907	0	0
28	908	197	198
28	909	700	701
28	910	0	0
28	911	0	0
28	912	422	423
28	913	873	874
28	914	925	926
28	915	0	0
28	916	0	0
28	917	0	0
28	918	0	0
28	919	0	0
28	920	748	749
28	921	798	799
28	922	0	0
28	923	0	0
28	924	429	430
28	925	0	0
28	926	0	0
28	927	779	780
28	928	842	843
28	929	0	0
28	930	0	0
28	931	855	856
28	932	486	487
28	933	735	736
28	934	910	911
28	935	0	0
28	936	0	0
28	937	593	793
28	938	481	482
28	939	0	0
28	940	0	0
28	941	916	917
28	942	873	874
28	943	805	806
28	944	795	796
28	945	939	940
28	946	0	0
28	947	0	0
28	948	676	677
28	949	197	198
28	950	680	681
28	951	695	696
28	952	755	756
28	953	887	888
28	954	838	839
28	955	0	0
28	956	0	0
28	957	703	704
28	958	397	398
28	959	879	880
28	960	992	993
28	961	976	977
28	962	785	786
28	963	790	791
28	964	0	0
28	965	0	0
28	966	628	629
28	967	851	852
28	968	939	940
28	969	401	402
28	970	853	854
28	971	774	775
28	972	416	417
28	973	805	806
28	974	922	923
28	975	709	710
28	976	0	0
28	977	0	0
28	978	0	0
28	979	0	0
28	980	0	0
28	981	0	0
28	982	834	835
28	983	996	997
28	984	985	986
28	985	0	0
28	986	0	0
28	987	916	917
28	988	877	878
28	989	575	576
28	990	700	701
28	991	367	368
28	992	0	0
28	993	0	0
28	994	316	556
28	995	779	780
28	996	0	0
28	997	0	0
28	998	851	852
28	999	397	398
28	1000	0	0
