2	1	0	0
2	2	1	3
2	3	0	0
2	4	2	5
2	5	14	15
2	6	2	5
2	7	4	8
2	8	26	27
2	9	1	3
2	10	4	8
2	11	2	5
2	12	4	8
2	13	1	3
2	14	0	0
2	15	0	0
2	16	14	15
2	17	4	8
2	18	2	5
2	19	14	15
2	20	7	21
2	21	24	25
2	22	20	23
2	23	69	70
2	24	42	43
2	25	30	31
2	26	32	33
2	27	28	29
2	28	0	0
2	29	0	0
2	30	34	35
2	31	67	68
2	32	0	0
2	33	0	0
2	34	0	0
2	35	0	0
2	36	20	23
2	37	7	21
2	38	32	33
2	39	14	15
2	40	26	27
2	41	34	35
2	42	63	64
2	43	44	45
2	44	0	0
2	45	0	0
2	46	26	27
2	47	30	31
2	48	34	35
2	49	7	21
2	50	44	45
2	51	30	31
2	52	28	29
2	53	24	25
2	54	26	27
2	55	28	29
2	56	24	25
2	57	44	45
2	58	7	21
2	59	32	33
2	60	34	35
2	61	30	31
2	62	24	25
2	63	0	0
2	64	0	0
2	65	1	3
2	66	32	33
2	67	0	0
2	68	0	0
2	69	89	90
2	70	71	72
2	71	97	98
2	72	102	103
2	73	42	43
2	74	67	68
2	75	63	64
2	76	20	23
2	77	28	29
2	78	63	64
2	79	67	68
2	80	20	23
2	81	63	64
2	82	44	45
2	83	42	43
2	84	69	70
2	85	69	70
2	86	69	70
2	87	42	43
2	88	71	72
2	89	149	150
2	90	95	96
2	91	67	68
2	92	89	90
2	93	22	94
2	94	124	125
2	95	100	101
2	96	109	110
2	97	130	131
2	98	142	143
2	99	97	98
2	100	0	0
2	101	0	0
2	102	118	119
2	103	182	183
2	104	22	94
2	105	22	94
2	106	22	94
2	107	100	101
2	108	97	98
2	109	0	0
2	110	0	0
2	111	71	72
2	112	71	72
2	113	100	101
2	114	95	96
2	115	89	90
2	116	89	90
2	117	100	101
2	118	0	0
2	119	0	0
2	120	97	98
2	121	109	110
2	122	118	119
2	123	102	103
2	124	134	135
2	125	127	128
2	126	95	96
2	127	140	141
2	128	733	734
2	129	118	119
2	130	0	0
2	131	0	0
2	132	109	110
2	133	124	125
2	134	269	270
2	135	188	189
2	136	95	96
2	137	109	110
2	138	134	135
2	139	124	125
2	140	146	147
2	141	160	161
2	142	0	0
2	143	0	0
2	144	130	131
2	145	118	119
2	146	216	217
2	147	192	193
2	148	140	141
2	149	152	153
2	150	171	172
2	151	146	147
2	152	0	0
2	153	0	0
2	154	102	103
2	155	130	131
2	156	140	141
2	157	142	143
2	158	134	135
2	159	146	147
2	160	222	223
2	161	178	179
2	162	146	147
2	163	152	153
2	164	152	153
2	165	149	150
2	166	102	103
2	167	149	150
2	168	149	150
2	169	160	161
2	170	127	128
2	171	0	0
2	172	0	0
2	173	140	141
2	174	134	135
2	175	152	153
2	176	171	172
2	177	127	128
2	178	0	0
2	179	0	0
2	180	93	181
2	181	233	234
2	182	0	0
2	183	0	0
2	184	130	131
2	185	93	181
2	186	180	187
2	187	245	246
2	188	214	215
2	189	210	211
2	190	160	161
2	191	160	161
2	192	0	0
2	193	0	0
2	194	178	179
2	195	178	179
2	196	142	143
2	197	142	143
2	198	124	125
2	199	186	200
2	200	219	220
2	201	93	181
2	202	186	200
2	203	192	193
2	204	127	128
2	205	188	189
2	206	188	189
2	207	188	189
2	208	171	172
2	209	180	187
2	210	228	229
2	211	0	0
2	212	93	181
2	213	182	183
2	214	226	227
2	215	251	252
2	216	0	0
2	217	0	0
2	218	171	172
2	219	249	250
2	220	304	305
2	221	182	183
2	222	0	0
2	223	0	0
2	224	222	223
2	225	192	193
2	226	0	0
2	227	0	0
2	228	0	0
2	229	0	0
2	230	199	231
2	231	292	293
2	232	199	231
2	233	0	0
2	234	236	237
2	235	178	179
2	236	370	371
2	237	261	262
2	238	230	239
2	239	265	266
2	240	210	211
2	241	192	193
2	242	226	227
2	243	186	200
2	244	199	231
2	245	445	446
2	246	272	273
2	247	233	234
2	248	186	200
2	249	254	255
2	250	298	299
2	251	0	0
2	252	0	0
2	253	216	217
2	254	275	276
2	255	281	282
2	256	219	220
2	257	249	250
2	258	226	227
2	259	210	211
2	260	228	229
2	261	355	356
2	262	362	363
2	263	210	211
2	264	249	250
2	265	379	380
2	266	283	284
2	267	214	215
2	268	251	252
2	269	325	326
2	270	726	727
2	271	245	246
2	272	339	340
2	273	934	935
2	274	228	229
2	275	341	342
2	276	345	346
2	277	216	217
2	278	265	266
2	279	199	231
2	280	182	183
2	281	323	324
2	282	301	302
2	283	296	297
2	284	294	295
2	285	251	252
2	286	254	255
2	287	251	252
2	288	233	234
2	289	261	262
2	290	219	220
2	291	230	239
2	292	578	579
2	293	319	320
2	294	350	351
2	295	348	349
2	296	412	413
2	297	398	399
2	298	434	435
2	299	477	478
2	300	275	276
2	301	560	561
2	302	603	604
2	303	294	295
2	304	373	374
2	305	653	654
2	306	292	293
2	307	261	262
2	308	254	255
2	309	236	237
2	310	214	215
2	311	265	266
2	312	219	220
2	313	228	229
2	314	233	234
2	315	283	284
2	316	180	187
2	317	269	270
2	318	275	276
2	319	0	0
2	320	688	689
2	321	230	239
2	322	272	273
2	323	327	328
2	324	0	0
2	325	337	338
2	326	368	369
2	327	364	365
2	328	353	354
2	329	236	237
2	330	294	295
2	331	319	320
2	332	254	255
2	333	236	237
2	334	261	262
2	335	238	336
2	336	391	392
2	337	0	0
2	338	0	0
2	339	359	360
2	340	589	590
2	341	508	509
2	342	481	482
2	343	296	297
2	344	230	239
2	345	455	456
2	346	967	968
2	347	214	215
2	348	558	559
2	349	384	385
2	350	405	406
2	351	692	693
2	352	296	297
2	353	381	382
2	354	475	476
2	355	395	396
2	356	479	480
2	357	298	299
2	358	319	320
2	359	428	429
2	360	416	417
2	361	298	299
2	362	366	367
2	363	414	415
2	364	729	730
2	365	419	420
2	366	519	520
2	367	461	462
2	368	0	0
2	369	0	0
2	370	375	376
2	371	763	764
2	372	368	369
2	373	498	499
2	374	568	569
2	375	636	637
2	376	719	720
2	377	180	187
2	378	341	342
2	379	505	506
2	380	0	0
2	381	0	0
2	382	0	0
2	383	296	297
2	384	0	0
2	385	407	408
2	386	319	320
2	387	355	356
2	388	269	270
2	389	275	276
2	390	381	382
2	391	525	526
2	392	957	958
2	393	323	324
2	394	265	266
2	395	468	469
2	396	605	606
2	397	269	270
2	398	0	0
2	399	0	0
2	400	370	371
2	401	375	376
2	402	226	227
2	403	301	302
2	404	245	246
2	405	473	474
2	406	595	596
2	407	619	620
2	408	464	465
2	409	238	336
2	410	348	349
2	411	272	273
2	412	722	723
2	413	597	598
2	414	775	776
2	415	436	437
2	416	547	548
2	417	493	494
2	418	379	380
2	419	0	0
2	420	0	0
2	421	245	246
2	422	222	223
2	423	381	382
2	424	414	415
2	425	384	385
2	426	416	417
2	427	238	336
2	428	0	0
2	429	449	450
2	430	281	282
2	431	362	363
2	432	366	367
2	433	327	328
2	434	0	0
2	435	543	544
2	436	0	0
2	437	0	0
2	438	381	382
2	439	436	437
2	440	294	295
2	441	414	415
2	442	353	354
2	443	355	356
2	444	281	282
2	445	488	489
2	446	500	501
2	447	337	338
2	448	362	363
2	449	0	0
2	450	755	756
2	451	353	354
2	452	398	399
2	453	384	385
2	454	398	399
2	455	490	491
2	456	539	540
2	457	449	450
2	458	337	338
2	459	384	385
2	460	379	380
2	461	0	0
2	462	0	0
2	463	366	367
2	464	0	0
2	465	0	0
2	466	455	456
2	467	249	250
2	468	0	0
2	469	0	0
2	470	304	305
2	471	449	450
2	472	341	342
2	473	831	832
2	474	556	557
2	475	0	0
2	476	0	0
2	477	686	687
2	478	646	647
2	479	585	586
2	480	744	745
2	481	0	0
2	482	630	631
2	483	473	474
2	484	327	328
2	485	395	396
2	486	292	293
2	487	373	374
2	488	582	583
2	489	0	0
2	490	553	554
2	491	613	614
2	492	416	417
2	493	639	640
2	494	677	678
2	495	238	336
2	496	479	480
2	497	323	324
2	498	980	981
2	499	942	943
2	500	0	0
2	501	572	573
2	502	362	363
2	503	500	501
2	504	375	376
2	505	580	581
2	506	0	0
2	507	348	349
2	508	528	529
2	509	511	512
2	510	407	408
2	511	550	551
2	512	515	516
2	513	419	420
2	514	405	406
2	515	0	0
2	516	0	0
2	517	345	346
2	518	391	392
2	519	0	0
2	520	0	0
2	521	479	480
2	522	505	506
2	523	405	406
2	524	281	282
2	525	731	732
2	526	801	802
2	527	419	420
2	528	0	0
2	529	607	608
2	530	493	494
2	531	364	365
2	532	345	346
2	533	445	446
2	534	345	346
2	535	341	342
2	536	405	406
2	537	350	351
2	538	449	450
2	539	683	684
2	540	0	0
2	541	407	408
2	542	436	437
2	543	0	0
2	544	0	0
2	545	436	437
2	546	473	474
2	547	771	772
2	548	611	612
2	549	222	223
2	550	0	0
2	551	0	0
2	552	359	360
2	553	0	0
2	554	0	0
2	555	350	351
2	556	615	616
2	557	601	602
2	558	696	697
2	559	851	852
2	560	648	649
2	561	757	758
2	562	553	554
2	563	414	415
2	564	490	491
2	565	323	324
2	566	412	413
2	567	525	526
2	568	827	828
2	569	724	725
2	570	519	520
2	571	337	338
2	572	0	0
2	573	0	0
2	574	468	469
2	575	553	554
2	576	359	360
2	577	366	367
2	578	0	0
2	579	710	711
2	580	0	0
2	581	962	963
2	582	626	627
2	583	809	810
2	584	339	340
2	585	0	0
2	586	0	0
2	587	379	380
2	588	519	520
2	589	845	846
2	590	992	993
2	591	216	217
2	592	325	326
2	593	373	374
2	594	325	326
2	595	0	0
2	596	681	682
2	597	0	0
2	598	0	0
2	599	353	354
2	600	355	356
2	601	817	818
2	602	0	0
2	603	965	966
2	604	621	622
2	605	0	0
2	606	0	0
2	607	0	0
2	608	0	0
2	609	500	501
2	610	468	469
2	611	0	0
2	612	0	0
2	613	0	0
2	614	0	0
2	615	0	0
2	616	643	644
2	617	428	429
2	618	595	596
2	619	716	717
2	620	707	708
2	621	856	857
2	622	932	933
2	623	490	491
2	624	505	506
2	625	601	602
2	626	950	951
2	627	843	844
2	628	375	376
2	629	597	598
2	630	768	769
2	631	898	899
2	632	481	482
2	633	558	559
2	634	468	469
2	635	479	480
2	636	783	784
2	637	741	742
2	638	461	462
2	639	0	0
2	640	0	0
2	641	505	506
2	642	560	561
2	643	712	713
2	644	836	837
2	645	461	462
2	646	0	0
2	647	0	0
2	648	0	0
2	649	658	659
2	650	473	474
2	651	568	569
2	652	547	548
2	653	0	0
2	654	690	691
2	655	636	637
2	656	589	590
2	657	613	614
2	658	0	0
2	659	0	0
2	660	428	429
2	661	572	573
2	662	621	622
2	663	416	417
2	664	477	478
2	665	428	429
2	666	398	399
2	667	539	540
2	668	327	328
2	669	585	586
2	670	556	557
2	671	395	396
2	672	481	482
2	673	298	299
2	674	348	349
2	675	543	544
2	676	519	520
2	677	0	0
2	678	0	0
2	679	359	360
2	680	677	678
2	681	0	0
2	682	747	748
2	683	0	0
2	684	0	0
2	685	455	456
2	686	0	0
2	687	0	0
2	688	873	874
2	689	0	0
2	690	905	906
2	691	798	799
2	692	944	945
2	693	902	903
2	694	621	622
2	695	490	491
2	696	0	0
2	697	794	795
2	698	493	494
2	699	601	602
2	700	589	590
2	701	508	509
2	702	373	374
2	703	646	647
2	704	547	548
2	705	407	408
2	706	304	305
2	707	0	0
2	708	854	855
2	709	547	548
2	710	792	793
2	711	0	0
2	712	0	0
2	713	0	0
2	714	498	499
2	715	613	614
2	716	825	826
2	717	761	762
2	718	511	512
2	719	998	999
2	720	0	0
2	721	370	371
2	722	819	820
2	723	925	926
2	724	0	0
2	725	937	938
2	726	0	0
2	727	0	0
2	728	722	723
2	729	0	0
2	730	0	0
2	731	0	0
2	732	0	0
2	733	0	0
2	734	0	0
2	735	477	478
2	736	560	561
2	737	528	529
2	738	350	351
2	739	560	561
2	740	630	631
2	741	0	0
2	742	0	0
2	743	481	482
2	744	0	0
2	745	0	0
2	746	722	723
2	747	750	751
2	748	0	0
2	749	339	340
2	750	988	989
2	751	0	0
2	752	607	608
2	753	729	730
2	754	585	586
2	755	0	0
2	756	0	0
2	757	0	0
2	758	986	987
2	759	607	608
2	760	744	745
2	761	849	850
2	762	881	882
2	763	0	0
2	764	779	780
2	765	488	489
2	766	272	273
2	767	692	693
2	768	0	0
2	769	0	0
2	770	445	446
2	771	0	0
2	772	0	0
2	773	724	725
2	774	729	730
2	775	0	0
2	776	0	0
2	777	621	622
2	778	716	717
2	779	838	839
2	780	821	822
2	781	498	499
2	782	498	499
2	783	0	0
2	784	0	0
2	785	747	748
2	786	741	742
2	787	605	606
2	788	761	762
2	789	553	554
2	790	464	465
2	791	775	776
2	792	0	0
2	793	0	0
2	794	879	880
2	795	0	0
2	796	741	742
2	797	744	745
2	798	0	0
2	799	0	0
2	800	619	620
2	801	990	991
2	802	0	0
2	803	731	732
2	804	488	489
2	805	755	756
2	806	696	697
2	807	681	682
2	808	528	529
2	809	0	0
2	810	0	0
2	811	445	446
2	812	580	581
2	813	301	302
2	814	572	573
2	815	595	596
2	816	368	369
2	817	890	891
2	818	0	0
2	819	0	0
2	820	865	866
2	821	0	0
2	822	0	0
2	823	419	420
2	824	580	581
2	825	0	0
2	826	0	0
2	827	0	0
2	828	954	955
2	829	368	369
2	830	412	413
2	831	0	0
2	832	883	884
2	833	339	340
2	834	761	762
2	835	683	684
2	836	0	0
2	837	0	0
2	838	0	0
2	839	0	0
2	840	615	616
2	841	838	839
2	842	488	489
2	843	0	0
2	844	0	0
2	845	0	0
2	846	0	0
2	847	792	793
2	848	568	569
2	849	0	0
2	850	0	0
2	851	895	896
2	852	0	0
2	853	572	573
2	854	887	888
2	855	0	0
2	856	0	0
2	857	0	0
2	858	856	857
2	859	648	649
2	860	831	832
2	861	801	802
2	862	731	732
2	863	849	850
2	864	613	614
2	865	939	940
2	866	0	0
2	867	726	727
2	868	304	305
2	869	639	640
2	870	821	822
2	871	500	501
2	872	722	723
2	873	929	930
2	874	0	0
2	875	750	751
2	876	658	659
2	877	543	544
2	878	692	693
2	879	0	0
2	880	0	0
2	881	0	0
2	882	0	0
2	883	893	894
2	884	0	0
2	885	881	882
2	886	528	529
2	887	0	0
2	888	0	0
2	889	729	730
2	890	0	0
2	891	0	0
2	892	477	478
2	893	0	0
2	894	0	0
2	895	0	0
2	896	0	0
2	897	543	544
2	898	0	0
2	899	0	0
2	900	550	551
2	901	733	734
2	902	0	0
2	903	0	0
2	904	817	818
2	905	0	0
2	906	977	978
2	907	719	720
2	908	731	732
2	909	817	818
2	910	905	906
2	911	827	828
2	912	827	828
2	913	511	512
2	914	905	906
2	915	515	516
2	916	643	644
2	917	391	392
2	918	589	590
2	919	817	818
2	920	771	772
2	921	607	608
2	922	335	923
2	923	972	973
2	924	578	579
2	925	0	0
2	926	0	0
2	927	719	720
2	928	688	689
2	929	0	0
2	930	0	0
2	931	887	888
2	932	0	0
2	933	0	0
2	934	0	0
2	935	0	0
2	936	615	616
2	937	959	960
2	938	0	0
2	939	0	0
2	940	0	0
2	941	475	476
2	942	0	0
2	943	0	0
2	944	0	0
2	945	0	0
2	946	838	839
2	947	601	602
2	948	783	784
2	949	942	943
2	950	0	0
2	951	0	0
2	952	890	891
2	953	335	923
2	954	0	0
2	955	0	0
2	956	783	784
2	957	0	0
2	958	0	0
2	959	0	0
2	960	0	0
2	961	925	926
2	962	0	0
2	963	0	0
2	964	690	691
2	965	0	0
2	966	0	0
2	967	969	970
2	968	982	983
2	969	0	0
2	970	0	0
2	971	364	365
2	972	0	0
2	973	0	0
2	974	965	966
2	975	550	551
2	976	508	509
2	977	0	0
2	978	0	0
2	979	626	627
2	980	0	0
2	981	0	0
2	982	0	0
2	983	0	0
2	984	932	933
2	985	925	926
2	986	0	0
2	987	0	0
2	988	0	0
2	989	0	0
2	990	0	0
2	991	0	0
2	992	0	0
2	993	0	0
2	994	511	512
2	995	942	943
2	996	646	647
2	997	827	828
2	998	0	0
2	999	0	0
2	1000	539	540
