44	1	0	0
44	2	1	3
44	3	0	0
44	4	2	5
44	5	6	7
44	6	0	0
44	7	0	0
44	8	1	3
44	9	2	5
44	10	1	3
44	11	2	5
44	12	2	5
44	13	6	7
44	14	6	7
44	15	6	7
44	16	1	3
44	17	4	18
44	18	30	31
44	19	17	20
44	20	26	27
44	21	19	22
44	22	54	55
44	23	19	22
44	24	4	18
44	25	17	20
44	26	50	51
44	27	81	82
44	28	4	18
44	29	4	18
44	30	44	45
44	31	37	38
44	32	30	31
44	33	17	20
44	34	26	27
44	35	19	22
44	36	30	31
44	37	0	0
44	38	0	0
44	39	26	27
44	40	37	38
44	41	17	20
44	42	37	38
44	43	19	22
44	44	0	0
44	45	0	0
44	46	44	45
44	47	44	45
44	48	44	45
44	49	37	38
44	50	63	64
44	51	65	66
44	52	30	31
44	53	50	51
44	54	56	57
44	55	73	74
44	56	110	111
44	57	58	59
44	58	68	69
44	59	71	72
44	60	54	55
44	61	26	27
44	62	50	51
44	63	0	0
44	64	0	0
44	65	0	0
44	66	0	0
44	67	58	59
44	68	0	0
44	69	0	0
44	70	50	51
44	71	0	0
44	72	0	0
44	73	137	138
44	74	88	89
44	75	56	57
44	76	68	69
44	77	54	55
44	78	73	74
44	79	73	74
44	80	63	64
44	81	116	117
44	82	133	134
44	83	65	66
44	84	21	85
44	85	124	125
44	86	21	85
44	87	63	64
44	88	127	128
44	89	122	123
44	90	58	59
44	91	56	57
44	92	81	82
44	93	71	72
44	94	63	64
44	95	21	85
44	96	54	55
44	97	21	85
44	98	71	72
44	99	81	82
44	100	65	66
44	101	65	66
44	102	73	74
44	103	88	89
44	104	68	69
44	105	88	89
44	106	84	107
44	107	211	212
44	108	58	59
44	109	81	82
44	110	195	196
44	111	119	120
44	112	71	72
44	113	110	111
44	114	68	69
44	115	84	107
44	116	0	0
44	117	0	0
44	118	84	107
44	119	0	0
44	120	0	0
44	121	88	89
44	122	0	0
44	123	0	0
44	124	182	183
44	125	162	163
44	126	124	125
44	127	0	0
44	128	0	0
44	129	116	117
44	130	122	123
44	131	106	132
44	132	143	144
44	133	0	0
44	134	0	0
44	135	133	134
44	136	133	134
44	137	148	149
44	138	0	0
44	139	119	120
44	140	127	128
44	141	137	138
44	142	122	123
44	143	150	151
44	144	172	173
44	145	56	57
44	146	84	107
44	147	119	120
44	148	0	0
44	149	0	0
44	150	152	153
44	151	201	202
44	152	185	186
44	153	295	296
44	154	127	128
44	155	137	138
44	156	127	128
44	157	152	153
44	158	152	153
44	159	137	138
44	160	110	111
44	161	143	144
44	162	187	188
44	163	176	177
44	164	162	163
44	165	150	151
44	166	122	123
44	167	124	125
44	168	106	132
44	169	162	163
44	170	110	111
44	171	162	163
44	172	221	222
44	173	193	194
44	174	116	117
44	175	172	173
44	176	226	227
44	177	198	199
44	178	106	132
44	179	124	125
44	180	152	153
44	181	172	173
44	182	191	192
44	183	401	402
44	184	106	132
44	185	238	239
44	186	372	373
44	187	0	0
44	188	214	215
44	189	131	190
44	190	286	287
44	191	251	252
44	192	298	299
44	193	243	244
44	194	0	0
44	195	0	0
44	196	0	0
44	197	116	117
44	198	431	432
44	199	0	0
44	200	182	183
44	201	208	209
44	202	204	205
44	203	133	134
44	204	323	324
44	205	235	236
44	206	193	194
44	207	172	173
44	208	341	342
44	209	263	264
44	210	150	151
44	211	218	219
44	212	276	277
44	213	204	205
44	214	347	348
44	215	268	269
44	216	191	192
44	217	182	183
44	218	0	0
44	219	466	467
44	220	193	194
44	221	0	0
44	222	308	309
44	223	201	202
44	224	214	215
44	225	214	215
44	226	0	0
44	227	261	262
44	228	150	151
44	229	193	194
44	230	185	186
44	231	204	205
44	232	214	215
44	233	198	199
44	234	187	188
44	235	325	326
44	236	349	350
44	237	148	149
44	238	291	292
44	239	271	272
44	240	148	149
44	241	148	149
44	242	131	190
44	243	0	0
44	244	246	247
44	245	119	120
44	246	256	257
44	247	293	294
44	248	187	188
44	249	189	250
44	250	259	260
44	251	0	0
44	252	303	304
44	253	238	239
44	254	201	202
44	255	187	188
44	256	442	443
44	257	0	0
44	258	238	239
44	259	279	280
44	260	415	416
44	261	0	0
44	262	0	0
44	263	289	290
44	264	404	405
44	265	261	262
44	266	201	202
44	267	189	250
44	268	0	0
44	269	0	0
44	270	176	177
44	271	0	0
44	272	391	392
44	273	243	244
44	274	191	192
44	275	182	183
44	276	417	418
44	277	365	366
44	278	276	277
44	279	336	337
44	280	310	311
44	281	226	227
44	282	185	186
44	283	235	236
44	284	198	199
44	285	143	144
44	286	426	427
44	287	0	0
44	288	204	205
44	289	0	0
44	290	0	0
44	291	374	375
44	292	0	0
44	293	0	0
44	294	0	0
44	295	0	0
44	296	316	317
44	297	176	177
44	298	376	377
44	299	0	0
44	300	251	252
44	301	235	236
44	302	298	299
44	303	0	0
44	304	0	0
44	305	221	222
44	306	289	290
44	307	131	190
44	308	399	400
44	309	0	0
44	310	327	328
44	311	330	331
44	312	279	280
44	313	218	219
44	314	198	199
44	315	256	257
44	316	339	340
44	317	319	320
44	318	263	264
44	319	0	0
44	320	0	0
44	321	226	227
44	322	176	177
44	323	413	414
44	324	0	0
44	325	360	361
44	326	0	0
44	327	464	465
44	328	334	335
44	329	308	309
44	330	358	359
44	331	389	390
44	332	221	222
44	333	208	209
44	334	448	449
44	335	0	0
44	336	0	0
44	337	494	495
44	338	291	292
44	339	0	0
44	340	0	0
44	341	421	422
44	342	0	0
44	343	259	260
44	344	286	287
44	345	327	328
44	346	341	342
44	347	0	0
44	348	0	0
44	349	0	0
44	350	450	451
44	351	325	326
44	352	259	260
44	353	276	277
44	354	251	252
44	355	221	222
44	356	268	269
44	357	293	294
44	358	0	0
44	359	379	380
44	360	0	0
44	361	0	0
44	362	249	363
44	363	395	396
44	364	243	244
44	365	0	0
44	366	0	0
44	367	362	368
44	368	0	0
44	369	261	262
44	370	330	331
44	371	211	212
44	372	458	459
44	373	383	384
44	374	0	0
44	375	0	0
44	376	0	0
44	377	0	0
44	378	261	262
44	379	0	0
44	380	0	0
44	381	185	186
44	382	295	296
44	383	0	0
44	384	0	0
44	385	251	252
44	386	276	277
44	387	303	304
44	388	238	239
44	389	0	0
44	390	428	429
44	391	0	0
44	392	0	0
44	393	208	209
44	394	246	247
44	395	0	0
44	396	0	0
44	397	349	350
44	398	360	361
44	399	434	435
44	400	419	420
44	401	439	440
44	402	474	475
44	403	374	375
44	404	0	0
44	405	0	0
44	406	271	272
44	407	349	350
44	408	349	350
44	409	391	392
44	410	379	380
44	411	404	405
44	412	243	244
44	413	0	0
44	414	0	0
44	415	424	425
44	416	0	0
44	417	0	0
44	418	444	445
44	419	0	0
44	420	0	0
44	421	0	0
44	422	488	489
44	423	319	320
44	424	0	0
44	425	0	0
44	426	0	0
44	427	455	456
44	428	0	0
44	429	0	0
44	430	389	390
44	431	0	0
44	432	0	0
44	433	421	422
44	434	0	0
44	435	0	0
44	436	426	427
44	437	347	348
44	438	271	272
44	439	0	0
44	440	0	0
44	441	286	287
44	442	0	0
44	443	0	0
44	444	0	0
44	445	0	0
44	446	413	414
44	447	226	227
44	448	482	483
44	449	0	0
44	450	0	0
44	451	0	0
44	452	389	390
44	453	259	260
44	454	404	405
44	455	0	0
44	456	492	493
44	457	268	269
44	458	0	0
44	459	0	0
44	460	316	317
44	461	249	363
44	462	431	432
44	463	293	294
44	464	0	0
44	465	0	0
44	466	0	0
44	467	0	0
44	468	334	335
44	469	362	368
44	470	289	290
44	471	235	236
44	472	421	422
44	473	458	459
44	474	0	0
44	475	0	0
44	476	323	324
44	477	455	456
44	478	325	326
44	479	295	296
44	480	389	390
44	481	195	196
44	482	0	0
44	483	0	0
44	484	334	335
44	485	448	449
44	486	295	296
44	487	419	420
44	488	0	0
44	489	0	0
44	490	362	368
44	491	413	414
44	492	0	0
44	493	0	0
44	494	0	0
44	495	0	0
44	496	336	337
44	497	263	264
44	498	323	324
44	499	424	425
44	500	279	280
