39	1	0	0
39	2	1	3
39	3	0	0
39	4	2	5
39	5	13	14
39	6	2	5
39	7	2	5
39	8	1	3
39	9	1	3
39	10	1	3
39	11	4	12
39	12	34	35
39	13	0	0
39	14	0	0
39	15	2	5
39	16	13	14
39	17	11	18
39	18	19	20
39	19	24	25
39	20	41	42
39	21	11	18
39	22	4	12
39	23	11	18
39	24	31	32
39	25	26	27
39	26	0	0
39	27	0	0
39	28	26	27
39	29	24	25
39	30	13	14
39	31	0	0
39	32	0	0
39	33	13	14
39	34	0	0
39	35	0	0
39	36	11	18
39	37	24	25
39	38	31	32
39	39	31	32
39	40	34	35
39	41	0	0
39	42	0	0
39	43	31	32
39	44	34	35
39	45	26	27
39	46	17	47
39	47	0	0
39	48	19	20
39	49	19	20
39	50	0	0
