0	1	0	0
0	2	1	3
0	3	0	0
0	4	1	3
0	5	1	3
0	6	2	7
0	7	12	13
0	8	1	3
0	9	2	7
0	10	2	7
0	11	2	7
0	12	0	0
0	13	0	0
0	14	12	13
0	15	12	13
0	16	12	13
0	17	6	18
0	18	19	20
0	19	27	28
0	20	21	22
0	21	0	0
0	22	0	0
0	23	21	22
0	24	19	20
0	25	19	20
0	26	19	20
0	27	0	0
0	28	0	0
0	29	6	18
0	30	21	22
0	31	21	22
0	32	27	28
0	33	6	18
0	34	27	28
0	35	27	28
0	36	17	37
0	37	47	48
0	38	36	39
0	39	43	44
0	40	36	39
0	41	36	39
0	42	6	18
0	43	52	53
0	44	54	55
0	45	17	37
0	46	43	44
0	47	116	117
0	48	80	81
0	49	47	48
0	50	17	37
0	51	36	39
0	52	82	83
0	53	71	72
0	54	69	70
0	55	56	57
0	56	93	94
0	57	76	77
0	58	17	37
0	59	38	60
0	60	62	63
0	61	56	57
0	62	67	68
0	63	158	159
0	64	47	48
0	65	62	63
0	66	62	63
0	67	95	96
0	68	146	147
0	69	137	138
0	70	104	105
0	71	0	0
0	72	127	128
0	73	43	44
0	74	54	55
0	75	67	68
0	76	0	0
0	77	0	0
0	78	52	53
0	79	56	57
0	80	0	0
0	81	85	86
0	82	140	141
0	83	114	115
0	84	54	55
0	85	0	0
0	86	0	0
0	87	76	77
0	88	85	86
0	89	85	86
0	90	43	44
0	91	59	92
0	92	111	112
0	93	0	0
0	94	0	0
0	95	98	99
0	96	109	110
0	97	54	55
0	98	150	151
0	99	100	101
0	100	0	0
0	101	0	0
0	102	85	86
0	103	98	99
0	104	0	0
0	105	0	0
0	106	80	81
0	107	104	105
0	108	93	94
0	109	161	162
0	110	129	130
0	111	124	125
0	112	182	183
0	113	104	105
0	114	0	0
0	115	0	0
0	116	238	239
0	117	0	0
0	118	38	60
0	119	98	99
0	120	109	110
0	121	76	77
0	122	69	70
0	123	59	92
0	124	172	173
0	125	199	200
0	126	93	94
0	127	0	0
0	128	0	0
0	129	0	0
0	130	0	0
0	131	67	68
0	132	56	57
0	133	93	94
0	134	71	72
0	135	100	101
0	136	100	101
0	137	0	0
0	138	0	0
0	139	100	101
0	140	0	0
0	141	0	0
0	142	104	105
0	143	95	96
0	144	111	112
0	145	69	70
0	146	234	235
0	147	228	229
0	148	80	81
0	149	129	130
0	150	0	0
0	151	0	0
0	152	62	63
0	153	67	68
0	154	111	112
0	155	82	83
0	156	111	112
0	157	98	99
0	158	211	212
0	159	0	0
0	160	95	96
0	161	0	0
0	162	0	0
0	163	137	138
0	164	95	96
0	165	146	147
0	166	80	81
0	167	124	125
0	168	47	48
0	169	129	130
0	170	161	162
0	171	52	53
0	172	175	176
0	173	222	223
0	174	69	70
0	175	244	245
0	176	0	0
0	177	161	162
0	178	172	173
0	179	59	92
0	180	127	128
0	181	109	110
0	182	187	188
0	183	190	191
0	184	158	159
0	185	38	60
0	186	52	53
0	187	0	0
0	188	220	221
0	189	146	147
0	190	192	193
0	191	226	227
0	192	203	204
0	193	214	215
0	194	182	183
0	195	175	176
0	196	129	130
0	197	150	151
0	198	140	141
0	199	208	209
0	200	0	0
0	201	150	151
0	202	150	151
0	203	261	262
0	204	0	0
0	205	59	92
0	206	161	162
0	207	172	173
0	208	0	0
0	209	242	243
0	210	116	117
0	211	240	241
0	212	230	231
0	213	71	72
0	214	283	284
0	215	0	0
0	216	175	176
0	217	192	193
0	218	116	117
0	219	182	183
0	220	0	0
0	221	0	0
0	222	0	0
0	223	0	0
0	224	190	191
0	225	140	141
0	226	0	0
0	227	0	0
0	228	276	277
0	229	255	256
0	230	273	274
0	231	264	265
0	232	211	212
0	233	187	188
0	234	0	0
0	235	0	0
0	236	208	209
0	237	222	223
0	238	0	0
0	239	0	0
0	240	0	0
0	241	0	0
0	242	0	0
0	243	0	0
0	244	279	280
0	245	287	288
0	246	137	138
0	247	175	176
0	248	199	200
0	249	109	110
0	250	158	159
0	251	234	235
0	252	226	227
0	253	182	183
0	254	226	227
0	255	0	0
0	256	0	0
0	257	211	212
0	258	140	141
0	259	226	227
0	260	71	72
0	261	0	0
0	262	0	0
0	263	146	147
0	264	0	0
0	265	0	0
0	266	124	125
0	267	91	268
0	268	0	0
0	269	158	159
0	270	114	115
0	271	199	200
0	272	242	243
0	273	0	0
0	274	0	0
0	275	190	191
0	276	0	0
0	277	0	0
0	278	192	193
0	279	0	0
0	280	0	0
0	281	76	77
0	282	230	231
0	283	0	0
0	284	0	0
0	285	255	256
0	286	220	221
0	287	0	0
0	288	0	0
0	289	192	193
0	290	172	173
0	291	276	277
0	292	244	245
0	293	222	223
0	294	228	229
0	295	238	239
0	296	214	215
0	297	240	241
0	298	287	288
0	299	127	128
0	300	187	188
