3	1	0	0
3	2	1	3
3	3	0	0
3	4	1	3
3	5	1	3
3	6	1	3
3	7	2	8
3	8	12	13
3	9	2	8
3	10	2	8
3	11	2	8
3	12	0	0
3	13	0	0
3	14	12	13
3	15	12	13
3	16	7	17
3	17	38	39
3	18	16	19
3	19	22	23
3	20	18	21
3	21	56	57
3	22	64	65
3	23	25	26
3	24	7	17
3	25	51	52
3	26	28	29
3	27	25	26
3	28	0	0
3	29	0	0
3	30	25	26
3	31	28	29
3	32	25	26
3	33	18	21
3	34	7	17
3	35	22	23
3	36	22	23
3	37	12	13
3	38	43	44
3	39	41	42
3	40	38	39
3	41	0	0
3	42	0	0
3	43	0	0
3	44	0	0
3	45	38	39
3	46	7	17
3	47	28	29
3	48	41	42
3	49	41	42
3	50	28	29
3	51	0	0
3	52	0	0
3	53	16	19
3	54	18	21
3	55	38	39
3	56	92	93
3	57	74	75
3	58	51	52
3	59	51	52
3	60	56	57
3	61	51	52
3	62	18	21
3	63	41	42
3	64	81	82
3	65	71	72
3	66	22	23
3	67	43	44
3	68	43	44
3	69	64	65
3	70	64	65
3	71	0	0
3	72	0	0
3	73	43	44
3	74	103	104
3	75	133	134
3	76	64	65
3	77	74	75
3	78	74	75
3	79	74	75
3	80	71	72
3	81	0	0
3	82	0	0
3	83	56	57
3	84	71	72
3	85	81	82
3	86	16	19
3	87	81	82
3	88	56	57
3	89	81	82
3	90	16	19
3	91	71	72
3	92	105	106
3	93	94	95
3	94	114	115
3	95	99	100
3	96	94	95
3	97	94	95
3	98	94	95
3	99	0	0
3	100	0	0
3	101	20	102
3	102	107	108
3	103	131	132
3	104	109	110
3	105	197	198
3	106	277	278
3	107	117	118
3	108	119	120
3	109	0	0
3	110	0	0
3	111	109	110
3	112	109	110
3	113	109	110
3	114	0	0
3	115	0	0
3	116	103	104
3	117	224	225
3	118	121	122
3	119	146	147
3	120	153	154
3	121	129	130
3	122	143	144
3	123	103	104
3	124	99	100
3	125	92	93
3	126	92	93
3	127	114	115
3	128	99	100
3	129	256	257
3	130	273	274
3	131	0	0
3	132	0	0
3	133	165	166
3	134	155	156
3	135	133	134
3	136	103	104
3	137	107	108
3	138	119	120
3	139	119	120
3	140	114	115
3	141	117	118
3	142	99	100
3	143	186	187
3	144	201	202
3	145	20	102
3	146	189	190
3	147	191	192
3	148	92	93
3	149	105	106
3	150	101	151
3	151	219	220
3	152	105	106
3	153	158	159
3	154	183	184
3	155	0	0
3	156	0	0
3	157	101	151
3	158	236	237
3	159	161	162
3	160	133	134
3	161	0	0
3	162	0	0
3	163	119	120
3	164	133	134
3	165	0	0
3	166	0	0
3	167	131	132
3	168	105	106
3	169	114	115
3	170	20	102
3	171	153	154
3	172	143	144
3	173	146	147
3	174	117	118
3	175	161	162
3	176	155	156
3	177	161	162
3	178	153	154
3	179	146	147
3	180	117	118
3	181	153	154
3	182	20	102
3	183	206	207
3	184	199	200
3	185	155	156
3	186	0	0
3	187	0	0
3	188	129	130
3	189	233	234
3	190	298	299
3	191	229	230
3	192	269	270
3	193	158	159
3	194	131	132
3	195	143	144
3	196	129	130
3	197	0	0
3	198	0	0
3	199	0	0
3	200	0	0
3	201	0	0
3	202	0	0
3	203	165	166
3	204	146	147
3	205	191	192
3	206	0	0
3	207	0	0
3	208	155	156
3	209	143	144
3	210	191	192
3	211	121	122
3	212	199	200
3	213	197	198
3	214	121	122
3	215	191	192
3	216	201	202
3	217	197	198
3	218	101	151
3	219	231	232
3	220	431	432
3	221	165	166
3	222	206	207
3	223	197	198
3	224	309	310
3	225	323	324
3	226	131	132
3	227	183	184
3	228	165	166
3	229	0	0
3	230	0	0
3	231	252	253
3	232	244	245
3	233	0	0
3	234	0	0
3	235	199	200
3	236	0	0
3	237	0	0
3	238	236	237
3	239	224	225
3	240	129	130
3	241	107	108
3	242	206	207
3	243	229	230
3	244	246	247
3	245	293	294
3	246	302	303
3	247	465	466
3	248	101	151
3	249	201	202
3	250	236	237
3	251	121	122
3	252	375	376
3	253	347	348
3	254	150	255
3	255	350	351
3	256	0	0
3	257	0	0
3	258	107	108
3	259	244	245
3	260	158	159
3	261	201	202
3	262	254	263
3	263	503	504
3	264	231	232
3	265	150	255
3	266	246	247
3	267	161	162
3	268	158	159
3	269	0	0
3	270	0	0
3	271	252	253
3	272	231	232
3	273	0	0
3	274	0	0
3	275	199	200
3	276	254	263
3	277	0	0
3	278	0	0
3	279	277	278
3	280	233	234
3	281	150	255
3	282	219	220
3	283	252	253
3	284	252	253
3	285	273	274
3	286	219	220
3	287	186	187
3	288	150	255
3	289	189	190
3	290	273	274
3	291	183	184
3	292	236	237
3	293	532	533
3	294	313	314
3	295	206	207
3	296	277	278
3	297	269	270
3	298	0	0
3	299	0	0
3	300	229	230
3	301	273	274
3	302	306	307
3	303	420	421
3	304	189	190
3	305	229	230
3	306	0	0
3	307	0	0
3	308	256	257
3	309	477	478
3	310	340	341
3	311	306	307
3	312	246	247
3	313	333	334
3	314	361	362
3	315	309	310
3	316	277	278
3	317	231	232
3	318	293	294
3	319	189	190
3	320	313	314
3	321	269	270
3	322	183	184
3	323	329	330
3	324	582	583
3	325	323	324
3	326	306	307
3	327	306	307
3	328	313	314
3	329	0	0
3	330	0	0
3	331	246	247
3	332	298	299
3	333	0	0
3	334	0	0
3	335	293	294
3	336	224	225
3	337	293	294
3	338	186	187
3	339	298	299
3	340	0	0
3	341	0	0
3	342	269	270
3	343	302	303
3	344	313	314
3	345	329	330
3	346	254	263
3	347	381	382
3	348	410	411
3	349	233	234
3	350	355	356
3	351	570	571
3	352	254	263
3	353	186	187
3	354	350	351
3	355	372	373
3	356	438	439
3	357	224	225
3	358	233	234
3	359	244	245
3	360	329	330
3	361	0	0
3	362	0	0
3	363	340	341
3	364	302	303
3	365	256	257
3	366	355	356
3	367	323	324
3	368	361	362
3	369	256	257
3	370	340	341
3	371	302	303
3	372	399	400
3	373	388	389
3	374	372	373
3	375	377	378
3	376	467	468
3	377	558	559
3	378	424	425
3	379	219	220
3	380	375	376
3	381	462	463
3	382	393	394
3	383	350	351
3	384	377	378
3	385	309	310
3	386	309	310
3	387	375	376
3	388	452	453
3	389	514	515
3	390	340	341
3	391	347	348
3	392	329	330
3	393	0	0
3	394	0	0
3	395	333	334
3	396	377	378
3	397	347	348
3	398	388	389
3	399	402	403
3	400	433	434
3	401	355	356
3	402	408	409
3	403	417	418
3	404	323	324
3	405	372	373
3	406	372	373
3	407	402	403
3	408	441	442
3	409	427	428
3	410	546	547
3	411	469	470
3	412	333	334
3	413	410	411
3	414	244	245
3	415	399	400
3	416	298	299
3	417	584	585
3	418	435	436
3	419	388	389
3	420	0	0
3	421	0	0
3	422	375	376
3	423	377	378
3	424	0	0
3	425	0	0
3	426	399	400
3	427	0	0
3	428	0	0
3	429	408	409
3	430	424	425
3	431	450	451
3	432	443	444
3	433	457	458
3	434	485	486
3	435	0	0
3	436	0	0
3	437	347	348
3	438	473	474
3	439	769	770
3	440	417	418
3	441	0	0
3	442	0	0
3	443	512	513
3	444	648	649
3	445	393	394
3	446	420	421
3	447	420	421
3	448	417	418
3	449	381	382
3	450	794	795
3	451	455	456
3	452	516	517
3	453	735	736
3	454	399	400
3	455	561	562
3	456	508	509
3	457	577	578
3	458	479	480
3	459	433	434
3	460	438	439
3	461	408	409
3	462	0	0
3	463	0	0
3	464	424	425
3	465	493	494
3	466	535	536
3	467	782	783
3	468	541	542
3	469	0	0
3	470	0	0
3	471	462	463
3	472	424	425
3	473	521	522
3	474	598	599
3	475	350	351
3	476	465	466
3	477	0	0
3	478	0	0
3	479	0	0
3	480	0	0
3	481	477	478
3	482	443	444
3	483	469	470
3	484	355	356
3	485	510	511
3	486	527	528
3	487	393	394
3	488	479	480
3	489	393	394
3	490	417	418
3	491	438	439
3	492	479	480
3	493	0	0
3	494	0	0
3	495	408	409
3	496	435	436
3	497	433	434
3	498	361	362
3	499	333	334
3	500	361	362
3	501	467	468
3	502	452	453
3	503	680	681
3	504	543	544
3	505	465	466
3	506	503	504
3	507	420	421
3	508	780	781
3	509	684	685
3	510	0	0
3	511	0	0
3	512	595	596
3	513	729	730
3	514	644	645
3	515	720	721
3	516	579	580
3	517	821	822
3	518	473	474
3	519	469	470
3	520	516	517
3	521	537	538
3	522	621	622
3	523	462	463
3	524	485	486
3	525	431	432
3	526	508	509
3	527	0	0
3	528	0	0
3	529	485	486
3	530	457	458
3	531	455	456
3	532	574	575
3	533	640	641
3	534	443	444
3	535	0	0
3	536	0	0
3	537	539	540
3	538	548	549
3	539	0	0
3	540	0	0
3	541	0	0
3	542	0	0
3	543	553	554
3	544	775	776
3	545	431	432
3	546	0	0
3	547	0	0
3	548	0	0
3	549	0	0
3	550	443	444
3	551	457	458
3	552	410	411
3	553	836	837
3	554	624	625
3	555	438	439
3	556	521	522
3	557	402	403
3	558	0	0
3	559	0	0
3	560	541	542
3	561	651	652
3	562	634	635
3	563	427	428
3	564	493	494
3	565	473	474
3	566	455	456
3	567	558	559
3	568	512	513
3	569	441	442
3	570	608	609
3	571	716	717
3	572	477	478
3	573	514	515
3	574	0	0
3	575	0	0
3	576	514	515
3	577	0	0
3	578	0	0
3	579	0	0
3	580	0	0
3	581	570	571
3	582	0	0
3	583	0	0
3	584	0	0
3	585	0	0
3	586	431	432
3	587	512	513
3	588	450	451
3	589	532	533
3	590	452	453
3	591	450	451
3	592	479	480
3	593	493	494
3	594	577	578
3	595	646	647
3	596	718	719
3	597	465	466
3	598	0	0
3	599	600	601
3	600	874	875
3	601	962	963
3	602	469	470
3	603	546	547
3	604	493	494
3	605	462	463
3	606	532	533
3	607	450	451
3	608	664	665
3	609	785	786
3	610	435	436
3	611	541	542
3	612	410	411
3	613	535	536
3	614	598	599
3	615	574	575
3	616	543	544
3	617	514	515
3	618	457	458
3	619	503	504
3	620	543	544
3	621	628	629
3	622	903	904
3	623	527	528
3	624	832	833
3	625	755	756
3	626	624	625
3	627	546	547
3	628	0	0
3	629	0	0
3	630	455	456
3	631	558	559
3	632	512	513
3	633	477	478
3	634	0	0
3	635	0	0
3	636	521	522
3	637	546	547
3	638	577	578
3	639	527	528
3	640	0	0
3	641	0	0
3	642	433	434
3	643	577	578
3	644	765	766
3	645	992	993
3	646	0	0
3	647	0	0
3	648	891	892
3	649	709	710
3	650	640	641
3	651	0	0
3	652	0	0
3	653	640	641
3	654	535	536
3	655	608	609
3	656	584	585
3	657	595	596
3	658	435	436
3	659	521	522
3	660	510	511
3	661	527	528
3	662	508	509
3	663	574	575
3	664	674	675
3	665	773	774
3	666	570	571
3	667	473	474
3	668	579	580
3	669	561	562
3	670	381	382
3	671	548	549
3	672	574	575
3	673	541	542
3	674	984	985
3	675	987	988
3	676	539	540
3	677	441	442
3	678	579	580
3	679	579	580
3	680	817	818
3	681	758	759
3	682	584	585
3	683	600	601
3	684	0	0
3	685	0	0
3	686	634	635
3	687	582	583
3	688	595	596
3	689	516	517
3	690	503	504
3	691	543	544
3	692	634	635
3	693	648	649
3	694	644	645
3	695	651	652
3	696	680	681
3	697	646	647
3	698	648	649
3	699	628	629
3	700	553	554
3	701	535	536
3	702	651	652
3	703	680	681
3	704	674	675
3	705	441	442
3	706	644	645
3	707	452	453
3	708	537	538
3	709	796	797
3	710	0	0
3	711	674	675
3	712	684	685
3	713	381	382
3	714	584	585
3	715	402	403
3	716	900	901
3	717	0	0
3	718	0	0
3	719	0	0
3	720	748	749
3	721	724	725
3	722	621	622
3	723	388	389
3	724	0	0
3	725	0	0
3	726	570	571
3	727	680	681
3	728	709	710
3	729	815	816
3	730	745	746
3	731	582	583
3	732	621	622
3	733	553	554
3	734	582	583
3	735	0	0
3	736	738	739
3	737	539	540
3	738	0	0
3	739	0	0
3	740	716	717
3	741	718	719
3	742	634	635
3	743	735	736
3	744	720	721
3	745	0	0
3	746	0	0
3	747	595	596
3	748	0	0
3	749	0	0
3	750	729	730
3	751	548	549
3	752	729	730
3	753	624	625
3	754	729	730
3	755	980	981
3	756	930	931
3	757	755	756
3	758	792	793
3	759	760	761
3	760	911	912
3	761	858	859
3	762	485	486
3	763	628	629
3	764	516	517
3	765	0	0
3	766	0	0
3	767	748	749
3	768	561	562
3	769	804	805
3	770	0	0
3	771	553	554
3	772	648	649
3	773	0	0
3	774	920	921
3	775	909	910
3	776	947	948
3	777	608	609
3	778	745	746
3	779	709	710
3	780	0	0
3	781	0	0
3	782	0	0
3	783	0	0
3	784	598	599
3	785	884	885
3	786	802	803
3	787	745	746
3	788	735	736
3	789	467	468
3	790	745	746
3	791	558	559
3	792	941	942
3	793	854	855
3	794	806	807
3	795	809	810
3	796	0	0
3	797	0	0
3	798	644	645
3	799	769	770
3	800	792	793
3	801	600	601
3	802	844	845
3	803	811	812
3	804	0	0
3	805	825	826
3	806	828	829
3	807	935	936
3	808	537	538
3	809	861	862
3	810	893	894
3	811	0	0
3	812	913	914
3	813	561	562
3	814	758	759
3	815	0	0
3	816	0	0
3	817	999	1000
3	818	0	0
3	819	539	540
3	820	664	665
3	821	0	0
3	822	0	0
3	823	794	795
3	824	664	665
3	825	0	0
3	826	0	0
3	827	817	818
3	828	0	0
3	829	0	0
3	830	755	756
3	831	748	749
3	832	888	889
3	833	0	0
3	834	773	774
3	835	651	652
3	836	0	0
3	837	0	0
3	838	796	797
3	839	664	665
3	840	624	625
3	841	769	770
3	842	782	783
3	843	825	826
3	844	0	0
3	845	879	880
3	846	765	766
3	847	802	803
3	848	825	826
3	849	748	749
3	850	427	428
3	851	825	826
3	852	796	797
3	853	735	736
3	854	0	0
3	855	955	956
3	856	621	622
3	857	765	766
3	858	928	929
3	859	907	908
3	860	760	761
3	861	0	0
3	862	0	0
3	863	600	601
3	864	738	739
3	865	709	710
3	866	532	533
3	867	821	822
3	868	844	845
3	869	821	822
3	870	802	803
3	871	773	774
3	872	861	862
3	873	858	859
3	874	0	0
3	875	0	0
3	876	724	725
3	877	804	805
3	878	674	675
3	879	0	0
3	880	0	0
3	881	724	725
3	882	510	511
3	883	844	845
3	884	0	0
3	885	952	953
3	886	804	805
3	887	769	770
3	888	959	960
3	889	0	0
3	890	806	807
3	891	0	0
3	892	0	0
3	893	0	0
3	894	0	0
3	895	792	793
3	896	815	816
3	897	796	797
3	898	874	875
3	899	794	795
3	900	0	0
3	901	0	0
3	902	811	812
3	903	0	0
3	904	0	0
3	905	815	816
3	906	794	795
3	907	0	0
3	908	0	0
3	909	0	0
3	910	0	0
3	911	0	0
3	912	915	916
3	913	0	0
3	914	0	0
3	915	0	0
3	916	0	0
3	917	802	803
3	918	911	912
3	919	608	609
3	920	0	0
3	921	0	0
3	922	646	647
3	923	804	805
3	924	844	845
3	925	891	892
3	926	765	766
3	927	806	807
3	928	969	970
3	929	0	0
3	930	0	0
3	931	0	0
3	932	884	885
3	933	720	721
3	934	755	756
3	935	0	0
3	936	0	0
3	937	903	904
3	938	773	774
3	939	628	629
3	940	861	862
3	941	0	0
3	942	0	0
3	943	724	725
3	944	884	885
3	945	817	818
3	946	891	892
3	947	0	0
3	948	0	0
3	949	510	511
3	950	718	719
3	951	930	931
3	952	957	958
3	953	0	0
3	954	684	685
3	955	994	995
3	956	0	0
3	957	0	0
3	958	0	0
3	959	0	0
3	960	971	972
3	961	928	929
3	962	0	0
3	963	0	0
3	964	907	908
3	965	836	837
3	966	598	599
3	967	879	880
3	968	809	810
3	969	0	0
3	970	0	0
3	971	0	0
3	972	0	0
3	973	971	972
3	974	947	948
3	975	969	970
3	976	930	931
3	977	947	948
3	978	548	549
3	979	780	781
3	980	0	0
3	981	997	998
3	982	262	983
3	983	0	0
3	984	0	0
3	985	0	0
3	986	811	812
3	987	0	0
3	988	0	0
3	989	957	958
3	990	718	719
3	991	262	983
3	992	0	0
3	993	0	0
3	994	0	0
3	995	0	0
3	996	720	721
3	997	0	0
3	998	0	0
3	999	0	0
3	1000	0	0
