1	1	0	0
1	2	1	3
1	3	0	0
1	4	2	5
1	5	9	10
1	6	1	3
1	7	1	3
1	8	1	3
1	9	0	0
1	10	0	0
1	11	2	5
1	12	2	5
1	13	2	5
1	14	9	10
1	15	9	10
1	16	4	17
1	17	23	24
1	18	4	17
1	19	4	17
1	20	4	17
1	21	16	22
1	22	25	26
1	23	53	54
1	24	61	62
1	25	29	30
1	26	56	57
1	27	21	28
1	28	33	34
1	29	48	49
1	30	105	106
1	31	9	10
1	32	25	26
1	33	67	68
1	34	37	38
1	35	16	22
1	36	25	26
1	37	114	115
1	38	152	153
1	39	37	38
1	40	25	26
1	41	23	24
1	42	16	22
1	43	21	28
1	44	21	28
1	45	23	24
1	46	21	28
1	47	33	34
1	48	0	0
1	49	0	0
1	50	27	51
1	51	75	76
1	52	29	30
1	53	0	0
1	54	0	0
1	55	23	24
1	56	64	65
1	57	127	128
1	58	50	59
1	59	91	92
1	60	48	49
1	61	0	0
1	62	0	0
1	63	16	22
1	64	0	0
1	65	0	0
1	66	48	49
1	67	83	84
1	68	95	96
1	69	37	38
1	70	56	57
1	71	53	54
1	72	37	38
1	73	29	30
1	74	48	49
1	75	119	120
1	76	258	259
1	77	56	57
1	78	33	34
1	79	27	51
1	80	27	51
1	81	33	34
1	82	50	59
1	83	93	94
1	84	102	103
1	85	50	59
1	86	53	54
1	87	53	54
1	88	75	76
1	89	56	57
1	90	64	65
1	91	133	134
1	92	176	177
1	93	0	0
1	94	0	0
1	95	100	101
1	96	98	99
1	97	67	68
1	98	0	0
1	99	0	0
1	100	0	0
1	101	0	0
1	102	0	0
1	103	0	0
1	104	75	76
1	105	0	0
1	106	0	0
1	107	95	96
1	108	61	62
1	109	67	68
1	110	67	68
1	111	93	94
1	112	75	76
1	113	61	62
1	114	124	125
1	115	150	151
1	116	64	65
1	117	98	99
1	118	50	59
1	119	198	199
1	120	138	139
1	121	98	99
1	122	58	123
1	123	165	166
1	124	0	0
1	125	0	0
1	126	102	103
1	127	0	0
1	128	0	0
1	129	124	125
1	130	114	115
1	131	100	101
1	132	93	94
1	133	173	174
1	134	143	144
1	135	124	125
1	136	100	101
1	137	91	92
1	138	155	156
1	139	387	388
1	140	124	125
1	141	58	123
1	142	95	96
1	143	267	268
1	144	320	321
1	145	27	51
1	146	105	106
1	147	93	94
1	148	114	115
1	149	98	99
1	150	0	0
1	151	0	0
1	152	298	299
1	153	195	196
1	154	133	134
1	155	170	171
1	156	182	183
1	157	105	106
1	158	102	103
1	159	152	153
1	160	152	153
1	161	155	156
1	162	119	120
1	163	100	101
1	164	114	115
1	165	210	211
1	166	352	353
1	167	152	153
1	168	122	169
1	169	192	193
1	170	0	0
1	171	0	0
1	172	102	103
1	173	218	219
1	174	188	189
1	175	61	62
1	176	234	235
1	177	190	191
1	178	91	92
1	179	176	177
1	180	133	134
1	181	119	120
1	182	0	0
1	183	0	0
1	184	127	128
1	185	143	144
1	186	29	30
1	187	170	171
1	188	332	333
1	189	264	265
1	190	0	0
1	191	225	226
1	192	246	247
1	193	495	496
1	194	58	123
1	195	0	0
1	196	0	0
1	197	165	166
1	198	312	313
1	199	0	0
1	200	170	171
1	201	176	177
1	202	91	92
1	203	122	169
1	204	95	96
1	205	119	120
1	206	170	171
1	207	105	106
1	208	176	177
1	209	64	65
1	210	222	223
1	211	623	624
1	212	190	191
1	213	198	199
1	214	192	193
1	215	155	156
1	216	122	169
1	217	210	211
1	218	238	239
1	219	308	309
1	220	218	219
1	221	58	123
1	222	448	449
1	223	229	230
1	224	143	144
1	225	285	286
1	226	429	430
1	227	168	228
1	228	356	357
1	229	275	276
1	230	375	376
1	231	168	228
1	232	192	193
1	233	188	189
1	234	382	383
1	235	255	256
1	236	83	84
1	237	83	84
1	238	418	419
1	239	241	242
1	240	198	199
1	241	0	0
1	242	0	0
1	243	190	191
1	244	238	239
1	245	155	156
1	246	277	278
1	247	394	395
1	248	210	211
1	249	218	219
1	250	150	151
1	251	210	211
1	252	192	193
1	253	168	228
1	254	150	151
1	255	289	290
1	256	397	398
1	257	234	235
1	258	347	348
1	259	757	758
1	260	229	230
1	261	173	174
1	262	238	239
1	263	234	235
1	264	304	305
1	265	638	639
1	266	198	199
1	267	296	297
1	268	273	274
1	269	246	247
1	270	143	144
1	271	122	169
1	272	238	239
1	273	408	409
1	274	473	474
1	275	281	282
1	276	294	295
1	277	524	525
1	278	300	301
1	279	241	242
1	280	182	183
1	281	421	422
1	282	898	899
1	283	229	230
1	284	83	84
1	285	712	713
1	286	330	331
1	287	225	226
1	288	222	223
1	289	600	601
1	290	338	339
1	291	168	228
1	292	234	235
1	293	225	226
1	294	306	307
1	295	0	0
1	296	0	0
1	297	470	471
1	298	0	0
1	299	0	0
1	300	401	402
1	301	318	319
1	302	298	299
1	303	281	282
1	304	0	0
1	305	0	0
1	306	0	0
1	307	0	0
1	308	315	316
1	309	821	822
1	310	227	311
1	311	335	336
1	312	349	350
1	313	930	931
1	314	275	276
1	315	0	0
1	316	0	0
1	317	300	301
1	318	923	924
1	319	486	487
1	320	343	344
1	321	454	455
1	322	318	319
1	323	273	274
1	324	264	265
1	325	246	247
1	326	267	268
1	327	273	274
1	328	229	230
1	329	127	128
1	330	0	0
1	331	0	0
1	332	340	341
1	333	364	365
1	334	275	276
1	335	499	500
1	336	431	432
1	337	300	301
1	338	0	0
1	339	0	0
1	340	0	0
1	341	0	0
1	342	330	331
1	343	542	543
1	344	848	849
1	345	258	259
1	346	195	196
1	347	686	687
1	348	481	482
1	349	0	0
1	350	0	0
1	351	306	307
1	352	361	362
1	353	576	577
1	354	312	313
1	355	218	219
1	356	676	677
1	357	399	400
1	358	340	341
1	359	296	297
1	360	264	265
1	361	544	545
1	362	368	369
1	363	320	321
1	364	0	0
1	365	0	0
1	366	246	247
1	367	182	183
1	368	0	0
1	369	456	457
1	370	332	333
1	371	343	344
1	372	304	305
1	373	300	301
1	374	298	299
1	375	590	591
1	376	0	0
1	377	320	321
1	378	343	344
1	379	225	226
1	380	182	183
1	381	308	309
1	382	574	575
1	383	445	446
1	384	338	339
1	385	332	333
1	386	375	376
1	387	392	393
1	388	634	635
1	389	241	242
1	390	382	383
1	391	347	348
1	392	0	0
1	393	0	0
1	394	403	404
1	395	0	0
1	396	222	223
1	397	406	407
1	398	493	494
1	399	609	610
1	400	436	437
1	401	491	492
1	402	907	908
1	403	586	587
1	404	514	515
1	405	368	369
1	406	0	0
1	407	0	0
1	408	0	0
1	409	0	0
1	410	289	290
1	411	368	369
1	412	356	357
1	413	275	276
1	414	403	404
1	415	356	357
1	416	294	295
1	417	315	316
1	418	0	0
1	419	0	0
1	420	315	316
1	421	0	0
1	422	0	0
1	423	387	388
1	424	399	400
1	425	277	278
1	426	289	290
1	427	127	128
1	428	361	362
1	429	578	579
1	430	626	627
1	431	518	519
1	432	516	517
1	433	294	295
1	434	195	196
1	435	361	362
1	436	479	480
1	437	917	918
1	438	133	134
1	439	349	350
1	440	165	166
1	441	304	305
1	442	227	311
1	443	285	286
1	444	392	393
1	445	0	0
1	446	0	0
1	447	308	309
1	448	909	910
1	449	466	467
1	450	306	307
1	451	150	151
1	452	222	223
1	453	408	409
1	454	462	463
1	455	532	533
1	456	736	737
1	457	468	469
1	458	190	191
1	459	312	313
1	460	399	400
1	461	397	398
1	462	0	0
1	463	0	0
1	464	347	348
1	465	394	395
1	466	968	969
1	467	0	0
1	468	766	767
1	469	530	531
1	470	0	0
1	471	0	0
1	472	356	357
1	473	0	0
1	474	0	0
1	475	315	316
1	476	470	471
1	477	173	174
1	478	264	265
1	479	567	568
1	480	512	513
1	481	0	0
1	482	725	726
1	483	320	321
1	484	431	432
1	485	361	362
1	486	546	547
1	487	928	929
1	488	296	297
1	489	255	256
1	490	306	307
1	491	919	920
1	492	875	876
1	493	0	0
1	494	0	0
1	495	508	509
1	496	534	535
1	497	491	492
1	498	255	256
1	499	0	0
1	500	0	0
1	501	285	286
1	502	349	350
1	503	273	274
1	504	195	196
1	505	267	268
1	506	448	449
1	507	436	437
1	508	863	864
1	509	0	0
1	510	330	331
1	511	508	509
1	512	620	621
1	513	629	630
1	514	618	619
1	515	829	830
1	516	984	985
1	517	666	667
1	518	640	641
1	519	538	539
1	520	277	278
1	521	368	369
1	522	340	341
1	523	421	422
1	524	597	598
1	525	0	0
1	526	408	409
1	527	294	295
1	528	481	482
1	529	138	139
1	530	0	0
1	531	0	0
1	532	0	0
1	533	0	0
1	534	655	656
1	535	0	0
1	536	188	189
1	537	298	299
1	538	584	585
1	539	644	645
1	540	312	313
1	541	454	455
1	542	0	0
1	543	0	0
1	544	671	672
1	545	548	549
1	546	563	564
1	547	990	991
1	548	817	818
1	549	0	0
1	550	421	422
1	551	530	531
1	552	165	166
1	553	375	376
1	554	445	446
1	555	508	509
1	556	429	430
1	557	491	492
1	558	508	509
1	559	448	449
1	560	486	487
1	561	281	282
1	562	304	305
1	563	0	0
1	564	0	0
1	565	289	290
1	566	493	494
1	567	0	0
1	568	809	810
1	569	335	336
1	570	548	549
1	571	534	535
1	572	364	365
1	573	456	457
1	574	699	700
1	575	631	632
1	576	651	652
1	577	693	694
1	578	0	0
1	579	0	0
1	580	479	480
1	581	352	353
1	582	421	422
1	583	546	547
1	584	728	729
1	585	0	0
1	586	0	0
1	587	0	0
1	588	454	455
1	589	308	309
1	590	653	654
1	591	680	681
1	592	479	480
1	593	364	365
1	594	255	256
1	595	518	519
1	596	330	331
1	597	0	0
1	598	812	813
1	599	542	543
1	600	0	0
1	601	0	0
1	602	532	533
1	603	479	480
1	604	387	388
1	605	544	545
1	606	563	564
1	607	352	353
1	608	590	591
1	609	831	832
1	610	734	735
1	611	347	348
1	612	548	549
1	613	418	419
1	614	473	474
1	615	418	419
1	616	546	547
1	617	518	519
1	618	721	722
1	619	826	827
1	620	854	855
1	621	940	941
1	622	392	393
1	623	705	706
1	624	0	0
1	625	188	189
1	626	0	0
1	627	0	0
1	628	542	543
1	629	960	961
1	630	658	659
1	631	0	0
1	632	0	0
1	633	574	575
1	634	0	0
1	635	0	0
1	636	597	598
1	637	516	517
1	638	0	0
1	639	0	0
1	640	0	0
1	641	0	0
1	642	375	376
1	643	563	564
1	644	0	0
1	645	697	698
1	646	429	430
1	647	618	619
1	648	468	469
1	649	584	585
1	650	343	344
1	651	835	836
1	652	0	0
1	653	0	0
1	654	0	0
1	655	978	979
1	656	861	862
1	657	634	635
1	658	730	731
1	659	0	0
1	660	382	383
1	661	538	539
1	662	530	531
1	663	546	547
1	664	392	393
1	665	631	632
1	666	796	797
1	667	888	889
1	668	578	579
1	669	277	278
1	670	493	494
1	671	786	787
1	672	0	0
1	673	576	577
1	674	364	365
1	675	340	341
1	676	0	0
1	677	0	0
1	678	655	656
1	679	436	437
1	680	0	0
1	681	0	0
1	682	532	533
1	683	548	549
1	684	597	598
1	685	349	350
1	686	890	891
1	687	903	904
1	688	466	467
1	689	644	645
1	690	516	517
1	691	436	437
1	692	431	432
1	693	0	0
1	694	0	0
1	695	544	545
1	696	491	492
1	697	792	793
1	698	871	872
1	699	0	0
1	700	0	0
1	701	676	677
1	702	281	282
1	703	586	587
1	704	544	545
1	705	718	719
1	706	806	807
1	707	468	469
1	708	429	430
1	709	401	402
1	710	653	654
1	711	518	519
1	712	0	0
1	713	0	0
1	714	470	471
1	715	538	539
1	716	530	531
1	717	534	535
1	718	980	981
1	719	0	0
1	720	495	496
1	721	788	789
1	722	878	879
1	723	516	517
1	724	721	722
1	725	0	0
1	726	0	0
1	727	705	706
1	728	957	958
1	729	0	0
1	730	965	966
1	731	0	0
1	732	394	395
1	733	397	398
1	734	759	760
1	735	896	897
1	736	0	0
1	737	0	0
1	738	590	591
1	739	382	383
1	740	597	598
1	741	418	419
1	742	693	694
1	743	241	242
1	744	493	494
1	745	578	579
1	746	680	681
1	747	631	632
1	748	338	339
1	749	629	630
1	750	258	259
1	751	736	737
1	752	680	681
1	753	454	455
1	754	499	500
1	755	653	654
1	756	644	645
1	757	926	927
1	758	867	868
1	759	0	0
1	760	771	772
1	761	258	259
1	762	631	632
1	763	296	297
1	764	466	467
1	765	542	543
1	766	0	0
1	767	0	0
1	768	534	535
1	769	759	760
1	770	634	635
1	771	869	870
1	772	779	780
1	773	448	449
1	774	445	446
1	775	399	400
1	776	394	395
1	777	574	575
1	778	653	654
1	779	0	0
1	780	783	784
1	781	640	641
1	782	578	579
1	783	790	791
1	784	846	847
1	785	473	474
1	786	798	799
1	787	970	971
1	788	0	0
1	789	0	0
1	790	0	0
1	791	0	0
1	792	0	0
1	793	794	795
1	794	949	950
1	795	0	0
1	796	804	805
1	797	0	0
1	798	0	0
1	799	0	0
1	800	387	388
1	801	634	635
1	802	495	496
1	803	473	474
1	804	935	936
1	805	0	0
1	806	914	915
1	807	0	0
1	808	779	780
1	809	0	0
1	810	0	0
1	811	590	591
1	812	842	843
1	813	0	0
1	814	408	409
1	815	640	641
1	816	798	799
1	817	0	0
1	818	0	0
1	819	629	630
1	820	705	706
1	821	0	0
1	822	0	0
1	823	686	687
1	824	318	319
1	825	817	818
1	826	0	0
1	827	0	0
1	828	626	627
1	829	0	0
1	830	0	0
1	831	0	0
1	832	894	895
1	833	806	807
1	834	676	677
1	835	0	0
1	836	0	0
1	837	532	533
1	838	609	610
1	839	783	784
1	840	788	789
1	841	332	333
1	842	0	0
1	843	0	0
1	844	666	667
1	845	352	353
1	846	0	0
1	847	0	0
1	848	0	0
1	849	0	0
1	850	563	564
1	851	600	601
1	852	406	407
1	853	431	432
1	854	0	0
1	855	0	0
1	856	666	667
1	857	712	713
1	858	779	780
1	859	826	827
1	860	842	843
1	861	0	0
1	862	911	912
1	863	0	0
1	864	0	0
1	865	512	513
1	866	712	713
1	867	0	0
1	868	0	0
1	869	0	0
1	870	947	948
1	871	0	0
1	872	0	0
1	873	712	713
1	874	730	731
1	875	974	975
1	876	938	939
1	877	812	813
1	878	0	0
1	879	0	0
1	880	310	881
1	881	0	0
1	882	318	319
1	883	788	789
1	884	798	799
1	885	863	864
1	886	512	513
1	887	829	830
1	888	0	0
1	889	0	0
1	890	0	0
1	891	0	0
1	892	310	881
1	893	470	471
1	894	999	1000
1	895	0	0
1	896	0	0
1	897	0	0
1	898	0	0
1	899	0	0
1	900	861	862
1	901	514	515
1	902	705	706
1	903	0	0
1	904	0	0
1	905	638	639
1	906	718	719
1	907	952	953
1	908	0	0
1	909	0	0
1	910	963	964
1	911	0	0
1	912	921	922
1	913	894	895
1	914	0	0
1	915	0	0
1	916	846	847
1	917	0	0
1	918	0	0
1	919	0	0
1	920	954	955
1	921	987	988
1	922	0	0
1	923	0	0
1	924	0	0
1	925	227	311
1	926	933	934
1	927	0	0
1	928	0	0
1	929	0	0
1	930	0	0
1	931	0	0
1	932	586	587
1	933	0	0
1	934	0	0
1	935	0	0
1	936	0	0
1	937	846	847
1	938	0	0
1	939	0	0
1	940	0	0
1	941	0	0
1	942	285	286
1	943	686	687
1	944	524	525
1	945	574	575
1	946	861	862
1	947	0	0
1	948	0	0
1	949	0	0
1	950	0	0
1	951	401	402
1	952	0	0
1	953	0	0
1	954	0	0
1	955	0	0
1	956	809	810
1	957	0	0
1	958	0	0
1	959	909	910
1	960	0	0
1	961	0	0
1	962	403	404
1	963	0	0
1	964	0	0
1	965	0	0
1	966	0	0
1	967	871	872
1	968	0	0
1	969	976	977
1	970	0	0
1	971	0	0
1	972	651	652
1	973	676	677
1	974	0	0
1	975	0	0
1	976	0	0
1	977	0	0
1	978	0	0
1	979	0	0
1	980	0	0
1	981	0	0
1	982	466	467
1	983	921	922
1	984	0	0
1	985	0	0
1	986	759	760
1	987	0	0
1	988	0	0
1	989	718	719
1	990	0	0
1	991	0	0
1	992	826	827
1	993	686	687
1	994	957	958
1	995	861	862
1	996	512	513
1	997	987	988
1	998	693	694
1	999	0	0
1	1000	0	0
