22	1	0	0
22	2	1	3
22	3	0	0
22	4	1	3
22	5	1	3
22	6	1	3
22	7	2	8
22	8	31	32
22	9	7	10
22	10	36	37
22	11	2	8
22	12	9	13
22	13	29	30
22	14	2	8
22	15	2	8
22	16	7	10
22	17	12	18
22	18	21	22
22	19	12	18
22	20	12	18
22	21	83	84
22	22	24	25
22	23	7	10
22	24	27	28
22	25	34	35
22	26	9	13
22	27	69	70
22	28	54	55
22	29	136	137
22	30	41	42
22	31	0	0
22	32	0	0
22	33	27	28
22	34	48	49
22	35	79	80
22	36	75	76
22	37	43	44
22	38	29	30
22	39	7	10
22	40	36	37
22	41	126	127
22	42	72	73
22	43	0	0
22	44	0	0
22	45	12	18
22	46	21	22
22	47	36	37
22	48	0	0
22	49	0	0
22	50	43	44
22	51	21	22
22	52	36	37
22	53	9	13
22	54	0	0
22	55	0	0
22	56	41	42
22	57	43	44
22	58	27	28
22	59	27	28
22	60	17	61
22	61	64	65
22	62	29	30
22	63	41	42
22	64	139	140
22	65	81	82
22	66	43	44
22	67	9	13
22	68	21	22
22	69	0	0
22	70	0	0
22	71	29	30
22	72	0	0
22	73	0	0
22	74	69	70
22	75	0	0
22	76	0	0
22	77	17	61
22	78	54	55
22	79	0	0
22	80	0	0
22	81	170	171
22	82	984	985
22	83	95	96
22	84	90	91
22	85	31	32
22	86	72	73
22	87	72	73
22	88	31	32
22	89	24	25
22	90	270	271
22	91	132	133
22	92	64	65
22	93	41	42
22	94	64	65
22	95	143	144
22	96	261	262
22	97	81	82
22	98	60	99
22	99	184	185
22	100	83	84
22	101	24	25
22	102	17	61
22	103	83	84
22	104	17	61
22	105	54	55
22	106	83	84
22	107	81	82
22	108	98	109
22	109	200	201
22	110	98	109
22	111	69	70
22	112	48	49
22	113	34	35
22	114	75	76
22	115	60	99
22	116	60	99
22	117	54	55
22	118	98	109
22	119	79	80
22	120	95	96
22	121	95	96
22	122	108	123
22	123	157	158
22	124	69	70
22	125	48	49
22	126	0	0
22	127	0	0
22	128	90	91
22	129	64	65
22	130	81	82
22	131	31	32
22	132	0	0
22	133	0	0
22	134	90	91
22	135	60	99
22	136	197	198
22	137	155	156
22	138	34	35
22	139	315	316
22	140	146	147
22	141	90	91
22	142	126	127
22	143	0	0
22	144	0	0
22	145	34	35
22	146	447	448
22	147	345	346
22	148	98	109
22	149	139	140
22	150	132	133
22	151	24	25
22	152	75	76
22	153	75	76
22	154	108	123
22	155	0	0
22	156	0	0
22	157	228	229
22	158	177	178
22	159	79	80
22	160	79	80
22	161	48	49
22	162	155	156
22	163	157	158
22	164	95	96
22	165	132	133
22	166	155	156
22	167	155	156
22	168	143	144
22	169	139	140
22	170	192	193
22	171	175	176
22	172	170	171
22	173	126	127
22	174	108	123
22	175	202	203
22	176	209	210
22	177	911	912
22	178	204	205
22	179	143	144
22	180	72	73
22	181	146	147
22	182	132	133
22	183	143	144
22	184	188	189
22	185	389	390
22	186	139	140
22	187	177	178
22	188	220	221
22	189	254	255
22	190	122	191
22	191	218	219
22	192	236	237
22	193	329	330
22	194	184	185
22	195	175	176
22	196	122	191
22	197	0	0
22	198	0	0
22	199	175	176
22	200	233	234
22	201	258	259
22	202	0	0
22	203	0	0
22	204	299	300
22	205	214	215
22	206	188	189
22	207	204	205
22	208	157	158
22	209	0	0
22	210	0	0
22	211	188	189
22	212	136	137
22	213	157	158
22	214	249	250
22	215	223	224
22	216	184	185
22	217	122	191
22	218	341	342
22	219	414	415
22	220	559	560
22	221	279	280
22	222	177	178
22	223	277	278
22	224	364	365
22	225	184	185
22	226	204	205
22	227	170	171
22	228	284	285
22	229	267	268
22	230	122	191
22	231	209	210
22	232	192	193
22	233	549	550
22	234	373	374
22	235	136	137
22	236	0	0
22	237	0	0
22	238	188	189
22	239	202	203
22	240	228	229
22	241	146	147
22	242	204	205
22	243	126	127
22	244	190	245
22	245	265	266
22	246	209	210
22	247	228	229
22	248	218	219
22	249	274	275
22	250	313	314
22	251	228	229
22	252	136	137
22	253	236	237
22	254	441	442
22	255	304	305
22	256	192	193
22	257	254	255
22	258	715	716
22	259	307	308
22	260	190	245
22	261	0	0
22	262	0	0
22	263	197	198
22	264	190	245
22	265	393	394
22	266	336	337
22	267	282	283
22	268	457	458
22	269	197	198
22	270	0	0
22	271	0	0
22	272	261	262
22	273	218	219
22	274	324	325
22	275	526	527
22	276	254	255
22	277	0	0
22	278	670	671
22	279	350	351
22	280	524	525
22	281	108	123
22	282	288	289
22	283	542	543
22	284	309	310
22	285	502	503
22	286	258	259
22	287	177	178
22	288	481	482
22	289	327	328
22	290	197	198
22	291	261	262
22	292	223	224
22	293	284	285
22	294	274	275
22	295	223	224
22	296	249	250
22	297	261	262
22	298	146	147
22	299	661	662
22	300	468	469
22	301	267	268
22	302	233	234
22	303	214	215
22	304	338	339
22	305	0	0
22	306	265	266
22	307	331	332
22	308	475	476
22	309	382	383
22	310	0	0
22	311	190	245
22	312	307	308
22	313	320	321
22	314	642	643
22	315	347	348
22	316	536	537
22	317	313	314
22	318	313	314
22	319	233	234
22	320	520	521
22	321	651	652
22	322	233	234
22	323	258	259
22	324	378	379
22	325	370	371
22	326	170	171
22	327	0	0
22	328	360	361
22	329	0	0
22	330	0	0
22	331	707	708
22	332	395	396
22	333	214	215
22	334	274	275
22	335	200	201
22	336	585	586
22	337	437	438
22	338	739	740
22	339	727	728
22	340	327	328
22	341	407	408
22	342	0	0
22	343	267	268
22	344	218	219
22	345	375	376
22	346	356	357
22	347	368	369
22	348	431	432
22	349	209	210
22	350	421	422
22	351	540	541
22	352	304	305
22	353	341	342
22	354	350	351
22	355	223	224
22	356	0	0
22	357	0	0
22	358	347	348
22	359	345	346
22	360	404	405
22	361	648	649
22	362	244	363
22	363	512	513
22	364	444	445
22	365	544	545
22	366	214	215
22	367	299	300
22	368	0	0
22	369	0	0
22	370	0	0
22	371	0	0
22	372	320	321
22	373	624	625
22	374	491	492
22	375	0	0
22	376	0	0
22	377	200	201
22	378	0	0
22	379	0	0
22	380	270	271
22	381	244	363
22	382	0	0
22	383	485	486
22	384	373	374
22	385	254	255
22	386	364	365
22	387	368	369
22	388	327	328
22	389	424	425
22	390	856	857
22	391	282	283
22	392	175	176
22	393	439	440
22	394	675	676
22	395	532	533
22	396	506	507
22	397	309	310
22	398	267	268
22	399	249	250
22	400	336	337
22	401	329	330
22	402	265	266
22	403	393	394
22	404	0	0
22	405	0	0
22	406	327	328
22	407	638	639
22	408	0	0
22	409	324	325
22	410	236	237
22	411	382	383
22	412	202	203
22	413	220	221
22	414	472	473
22	415	595	596
22	416	360	361
22	417	373	374
22	418	324	325
22	419	304	305
22	420	282	283
22	421	0	0
22	422	0	0
22	423	338	339
22	424	434	435
22	425	0	0
22	426	373	374
22	427	378	379
22	428	407	408
22	429	315	316
22	430	347	348
22	431	0	0
22	432	0	0
22	433	282	283
22	434	947	948
22	435	460	461
22	436	265	266
22	437	765	766
22	438	567	568
22	439	603	604
22	440	590	591
22	441	0	0
22	442	837	838
22	443	350	351
22	444	0	0
22	445	0	0
22	446	364	365
22	447	552	553
22	448	495	496
22	449	439	440
22	450	395	396
22	451	404	405
22	452	378	379
22	453	393	394
22	454	439	440
22	455	274	275
22	456	439	440
22	457	677	678
22	458	891	892
22	459	338	339
22	460	466	467
22	461	487	488
22	462	304	305
22	463	431	432
22	464	309	310
22	465	457	458
22	466	0	0
22	467	0	0
22	468	666	667
22	469	0	0
22	470	244	363
22	471	307	308
22	472	478	479
22	473	587	588
22	474	270	271
22	475	907	908
22	476	0	0
22	477	329	330
22	478	612	613
22	479	858	859
22	480	364	365
22	481	923	924
22	482	0	0
22	483	472	473
22	484	279	280
22	485	735	736
22	486	787	788
22	487	0	0
22	488	0	0
22	489	202	203
22	490	345	346
22	491	0	0
22	492	0	0
22	493	475	476
22	494	336	337
22	495	0	0
22	496	0	0
22	497	279	280
22	498	270	271
22	499	447	448
22	500	421	422
22	501	460	461
22	502	0	0
22	503	508	509
22	504	360	361
22	505	360	361
22	506	972	973
22	507	561	562
22	508	0	0
22	509	510	511
22	510	976	977
22	511	712	713
22	512	942	943
22	513	522	523
22	514	389	390
22	515	404	405
22	516	192	193
22	517	434	435
22	518	307	308
22	519	331	332
22	520	0	0
22	521	0	0
22	522	653	654
22	523	610	611
22	524	0	0
22	525	0	0
22	526	580	581
22	527	748	749
22	528	485	486
22	529	288	289
22	530	421	422
22	531	389	390
22	532	679	680
22	533	0	0
22	534	347	348
22	535	236	237
22	536	755	756
22	537	571	572
22	538	288	289
22	539	522	523
22	540	0	0
22	541	0	0
22	542	779	780
22	543	576	577
22	544	0	0
22	545	767	768
22	546	258	259
22	547	220	221
22	548	437	438
22	549	0	0
22	550	0	0
22	551	542	543
22	552	0	0
22	553	0	0
22	554	485	486
22	555	466	467
22	556	393	394
22	557	495	496
22	558	350	351
22	559	0	0
22	560	0	0
22	561	0	0
22	562	0	0
22	563	441	442
22	564	434	435
22	565	404	405
22	566	331	332
22	567	709	710
22	568	957	958
22	569	540	541
22	570	431	432
22	571	0	0
22	572	0	0
22	573	345	346
22	574	478	479
22	575	512	513
22	576	905	906
22	577	627	628
22	578	320	321
22	579	200	201
22	580	0	0
22	581	0	0
22	582	532	533
22	583	288	289
22	584	444	445
22	585	0	0
22	586	955	956
22	587	636	637
22	588	617	618
22	589	561	562
22	590	695	696
22	591	760	761
22	592	341	342
22	593	277	278
22	594	472	473
22	595	0	0
22	596	772	773
22	597	457	458
22	598	502	503
22	599	338	339
22	600	540	541
22	601	375	376
22	602	370	371
22	603	703	704
22	604	0	0
22	605	444	445
22	606	481	482
22	607	485	486
22	608	378	379
22	609	487	488
22	610	0	0
22	611	615	616
22	612	996	997
22	613	644	645
22	614	524	525
22	615	672	673
22	616	817	818
22	617	0	0
22	618	0	0
22	619	536	537
22	620	617	618
22	621	478	479
22	622	389	390
22	623	544	545
22	624	0	0
22	625	743	744
22	626	512	513
22	627	0	0
22	628	959	960
22	629	460	461
22	630	356	357
22	631	414	415
22	632	437	438
22	633	571	572
22	634	552	553
22	635	466	467
22	636	697	698
22	637	795	796
22	638	0	0
22	639	0	0
22	640	309	310
22	641	244	363
22	642	0	0
22	643	0	0
22	644	0	0
22	645	684	685
22	646	590	591
22	647	502	503
22	648	0	0
22	649	0	0
22	650	472	473
22	651	0	0
22	652	0	0
22	653	718	719
22	654	791	792
22	655	571	572
22	656	341	342
22	657	544	545
22	658	468	469
22	659	510	511
22	660	249	250
22	661	0	0
22	662	0	0
22	663	506	507
22	664	590	591
22	665	495	496
22	666	681	682
22	667	0	0
22	668	460	461
22	669	336	337
22	670	724	725
22	671	0	0
22	672	932	933
22	673	0	0
22	674	549	550
22	675	690	691
22	676	0	0
22	677	0	0
22	678	0	0
22	679	0	0
22	680	0	0
22	681	0	0
22	682	763	764
22	683	648	649
22	684	0	0
22	685	0	0
22	686	672	673
22	687	331	332
22	688	356	357
22	689	661	662
22	690	879	880
22	691	0	0
22	692	299	300
22	693	542	543
22	694	313	314
22	695	852	853
22	696	0	0
22	697	986	987
22	698	847	848
22	699	424	425
22	700	441	442
22	701	559	560
22	702	615	616
22	703	0	0
22	704	720	721
22	705	585	586
22	706	437	438
22	707	918	919
22	708	0	0
22	709	757	758
22	710	784	785
22	711	478	479
22	712	782	783
22	713	812	813
22	714	532	533
22	715	0	0
22	716	934	935
22	717	612	613
22	718	0	0
22	719	0	0
22	720	732	733
22	721	0	0
22	722	707	708
22	723	720	721
22	724	0	0
22	725	0	0
22	726	549	550
22	727	0	0
22	728	0	0
22	729	697	698
22	730	457	458
22	731	672	673
22	732	914	915
22	733	0	0
22	734	382	383
22	735	0	0
22	736	998	999
22	737	727	728
22	738	502	503
22	739	0	0
22	740	0	0
22	741	466	467
22	742	491	492
22	743	832	833
22	744	0	0
22	745	709	710
22	746	679	680
22	747	603	604
22	748	0	0
22	749	0	0
22	750	368	369
22	751	329	330
22	752	382	383
22	753	735	736
22	754	612	613
22	755	0	0
22	756	0	0
22	757	822	823
22	758	0	0
22	759	407	408
22	760	810	811
22	761	776	777
22	762	561	562
22	763	0	0
22	764	0	0
22	765	0	0
22	766	0	0
22	767	0	0
22	768	0	0
22	769	431	432
22	770	748	749
22	771	672	673
22	772	0	0
22	773	840	841
22	774	299	300
22	775	670	671
22	776	0	0
22	777	0	0
22	778	679	680
22	779	0	0
22	780	849	850
22	781	580	581
22	782	0	0
22	783	0	0
22	784	0	0
22	785	0	0
22	786	576	577
22	787	0	0
22	788	0	0
22	789	540	541
22	790	615	616
22	791	0	0
22	792	801	802
22	793	220	221
22	794	549	550
22	795	0	0
22	796	807	808
22	797	612	613
22	798	772	773
22	799	532	533
22	800	603	604
22	801	0	0
22	802	0	0
22	803	765	766
22	804	765	766
22	805	590	591
22	806	356	357
22	807	0	0
22	808	936	937
22	809	576	577
22	810	824	825
22	811	965	966
22	812	0	0
22	813	0	0
22	814	447	448
22	815	765	766
22	816	638	639
22	817	828	829
22	818	970	971
22	819	707	708
22	820	510	511
22	821	715	716
22	822	868	869
22	823	939	940
22	824	0	0
22	825	0	0
22	826	810	811
22	827	552	553
22	828	0	0
22	829	0	0
22	830	767	768
22	831	824	825
22	832	885	886
22	833	888	889
22	834	320	321
22	835	536	537
22	836	395	396
22	837	0	0
22	838	0	0
22	839	627	628
22	840	945	946
22	841	0	0
22	842	506	507
22	843	615	616
22	844	576	577
22	845	520	521
22	846	508	509
22	847	0	0
22	848	903	904
22	849	0	0
22	850	909	910
22	851	727	728
22	852	0	0
22	853	0	0
22	854	840	841
22	855	370	371
22	856	950	951
22	857	0	0
22	858	0	0
22	859	0	0
22	860	520	521
22	861	542	543
22	862	856	857
22	863	636	637
22	864	627	628
22	865	638	639
22	866	522	523
22	867	636	637
22	868	992	993
22	869	0	0
22	870	812	813
22	871	695	696
22	872	571	572
22	873	544	545
22	874	648	649
22	875	703	704
22	876	603	604
22	877	709	710
22	878	724	725
22	879	953	954
22	880	0	0
22	881	868	869
22	882	512	513
22	883	580	581
22	884	595	596
22	885	0	0
22	886	0	0
22	887	879	880
22	888	0	0
22	889	0	0
22	890	852	853
22	891	0	0
22	892	0	0
22	893	690	691
22	894	784	785
22	895	648	649
22	896	324	325
22	897	524	525
22	898	888	889
22	899	718	719
22	900	617	618
22	901	610	611
22	902	787	788
22	903	962	963
22	904	0	0
22	905	0	0
22	906	0	0
22	907	994	995
22	908	0	0
22	909	0	0
22	910	0	0
22	911	0	0
22	912	0	0
22	913	666	667
22	914	0	0
22	915	0	0
22	916	684	685
22	917	675	676
22	918	0	0
22	919	0	0
22	920	914	915
22	921	561	562
22	922	918	919
22	923	0	0
22	924	0	0
22	925	595	596
22	926	760	761
22	927	810	811
22	928	585	586
22	929	585	586
22	930	822	823
22	931	487	488
22	932	0	0
22	933	0	0
22	934	0	0
22	935	974	975
22	936	0	0
22	937	0	0
22	938	724	725
22	939	0	0
22	940	0	0
22	941	936	937
22	942	0	0
22	943	0	0
22	944	807	808
22	945	0	0
22	946	0	0
22	947	0	0
22	948	0	0
22	949	552	553
22	950	0	0
22	951	0	0
22	952	763	764
22	953	990	991
22	954	0	0
22	955	0	0
22	956	0	0
22	957	0	0
22	958	0	0
22	959	0	0
22	960	0	0
22	961	709	710
22	962	0	0
22	963	0	0
22	964	945	946
22	965	0	0
22	966	0	0
22	967	681	682
22	968	832	833
22	969	849	850
22	970	978	979
22	971	0	0
22	972	0	0
22	973	0	0
22	974	0	0
22	975	0	0
22	976	0	0
22	977	0	0
22	978	0	0
22	979	0	0
22	980	559	560
22	981	690	691
22	982	945	946
22	983	832	833
22	984	0	0
22	985	0	0
22	986	0	0
22	987	0	0
22	988	567	568
22	989	950	951
22	990	0	0
22	991	0	0
22	992	0	0
22	993	0	0
22	994	0	0
22	995	0	0
22	996	0	0
22	997	0	0
22	998	0	0
22	999	0	0
22	1000	0	0
