5	1	0	0
5	2	1	3
5	3	0	0
5	4	2	5
5	5	12	13
5	6	1	3
5	7	1	3
5	8	2	5
5	9	1	3
5	10	2	5
5	11	2	5
5	12	0	0
5	13	0	0
5	14	12	13
5	15	4	16
5	16	67	68
5	17	15	18
5	18	23	24
5	19	4	16
5	20	15	18
5	21	15	18
5	22	4	16
5	23	25	26
5	24	31	32
5	25	50	51
5	26	39	40
5	27	23	24
5	28	25	26
5	29	12	13
5	30	12	13
5	31	94	95
5	32	47	48
5	33	4	16
5	34	31	32
5	35	15	18
5	36	31	32
5	37	31	32
5	38	25	26
5	39	0	0
5	40	0	0
5	41	39	40
5	42	23	24
5	43	23	24
5	44	17	45
5	45	65	66
5	46	39	40
5	47	0	0
5	48	0	0
5	49	17	45
5	50	0	0
5	51	0	0
5	52	47	48
5	53	50	51
5	54	44	55
5	55	58	59
5	56	17	45
5	57	44	55
5	58	189	190
5	59	103	104
5	60	47	48
5	61	58	59
5	62	47	48
5	63	17	45
5	64	39	40
5	65	85	86
5	66	69	70
5	67	124	125
5	68	133	134
5	69	162	163
5	70	209	210
5	71	54	72
5	72	76	77
5	73	44	55
5	74	44	55
5	75	65	66
5	76	79	80
5	77	109	110
5	78	25	26
5	79	91	92
5	80	314	315
5	81	65	66
5	82	67	68
5	83	65	66
5	84	50	51
5	85	116	117
5	86	97	98
5	87	58	59
5	88	69	70
5	89	50	51
5	90	67	68
5	91	187	188
5	92	101	102
5	93	58	59
5	94	0	0
5	95	0	0
5	96	91	92
5	97	131	132
5	98	260	261
5	99	94	95
5	100	94	95
5	101	107	108
5	102	149	150
5	103	193	194
5	104	247	248
5	105	79	80
5	106	94	95
5	107	114	115
5	108	206	207
5	109	160	161
5	110	111	112
5	111	371	372
5	112	142	143
5	113	85	86
5	114	0	0
5	115	0	0
5	116	137	138
5	117	213	214
5	118	101	102
5	119	107	108
5	120	54	72
5	121	69	70
5	122	114	115
5	123	54	72
5	124	0	0
5	125	0	0
5	126	67	68
5	127	114	115
5	128	97	98
5	129	79	80
5	130	111	112
5	131	0	0
5	132	0	0
5	133	0	0
5	134	0	0
5	135	79	80
5	136	124	125
5	137	0	0
5	138	0	0
5	139	97	98
5	140	76	77
5	141	111	112
5	142	240	241
5	143	199	200
5	144	76	77
5	145	114	115
5	146	137	138
5	147	111	112
5	148	69	70
5	149	175	176
5	150	170	171
5	151	133	134
5	152	97	98
5	153	103	104
5	154	133	134
5	155	91	92
5	156	103	104
5	157	116	117
5	158	91	92
5	159	76	77
5	160	195	196
5	161	167	168
5	162	306	307
5	163	182	183
5	164	160	161
5	165	101	102
5	166	109	110
5	167	286	287
5	168	271	272
5	169	137	138
5	170	0	0
5	171	0	0
5	172	167	168
5	173	101	102
5	174	109	110
5	175	0	0
5	176	0	0
5	177	142	143
5	178	175	176
5	179	137	138
5	180	149	150
5	181	170	171
5	182	0	0
5	183	0	0
5	184	149	150
5	185	175	176
5	186	142	143
5	187	339	340
5	188	238	239
5	189	283	284
5	190	515	516
5	191	142	143
5	192	54	72
5	193	216	217
5	194	308	309
5	195	249	250
5	196	341	342
5	197	193	194
5	198	131	132
5	199	304	305
5	200	211	212
5	201	131	132
5	202	107	108
5	203	107	108
5	204	160	161
5	205	131	132
5	206	0	0
5	207	0	0
5	208	175	176
5	209	218	219
5	210	231	232
5	211	0	0
5	212	0	0
5	213	0	0
5	214	0	0
5	215	162	163
5	216	253	254
5	217	265	266
5	218	0	0
5	219	0	0
5	220	209	210
5	221	206	207
5	222	216	217
5	223	170	171
5	224	162	163
5	225	109	110
5	226	133	134
5	227	116	117
5	228	193	194
5	229	216	217
5	230	167	168
5	231	0	0
5	232	0	0
5	233	213	214
5	234	193	194
5	235	162	163
5	236	160	161
5	237	167	168
5	238	354	355
5	239	263	264
5	240	364	365
5	241	256	257
5	242	211	212
5	243	209	210
5	244	199	200
5	245	218	219
5	246	240	241
5	247	449	450
5	248	380	381
5	249	333	334
5	250	488	489
5	251	211	212
5	252	170	171
5	253	0	0
5	254	0	0
5	255	231	232
5	256	0	0
5	257	0	0
5	258	218	219
5	259	209	210
5	260	0	0
5	261	0	0
5	262	124	125
5	263	0	0
5	264	0	0
5	265	0	0
5	266	0	0
5	267	249	250
5	268	189	190
5	269	116	117
5	270	195	196
5	271	451	452
5	272	312	313
5	273	271	272
5	274	263	264
5	275	238	239
5	276	216	217
5	277	260	261
5	278	206	207
5	279	199	200
5	280	240	241
5	281	265	266
5	282	206	207
5	283	301	302
5	284	294	295
5	285	283	284
5	286	288	289
5	287	480	481
5	288	0	0
5	289	0	0
5	290	231	232
5	291	199	200
5	292	149	150
5	293	211	212
5	294	377	378
5	295	324	325
5	296	283	284
5	297	187	188
5	298	238	239
5	299	103	104
5	300	240	241
5	301	401	402
5	302	545	546
5	303	247	248
5	304	0	0
5	305	0	0
5	306	0	0
5	307	0	0
5	308	322	323
5	309	317	318
5	310	247	248
5	311	301	302
5	312	0	0
5	313	0	0
5	314	349	350
5	315	385	386
5	316	85	86
5	317	0	0
5	318	0	0
5	319	247	248
5	320	218	219
5	321	260	261
5	322	0	0
5	323	0	0
5	324	0	0
5	325	0	0
5	326	314	315
5	327	304	305
5	328	189	190
5	329	231	232
5	330	308	309
5	331	322	323
5	332	271	272
5	333	0	0
5	334	0	0
5	335	263	264
5	336	322	323
5	337	283	284
5	338	304	305
5	339	474	475
5	340	734	735
5	341	570	571
5	342	462	463
5	343	124	125
5	344	260	261
5	345	71	346
5	346	708	709
5	347	265	266
5	348	294	295
5	349	396	397
5	350	498	499
5	351	271	272
5	352	286	287
5	353	339	340
5	354	0	0
5	355	0	0
5	356	85	86
5	357	265	266
5	358	306	307
5	359	333	334
5	360	341	342
5	361	333	334
5	362	189	190
5	363	306	307
5	364	0	0
5	365	0	0
5	366	182	183
5	367	349	350
5	368	213	214
5	369	333	334
5	370	213	214
5	371	454	455
5	372	417	418
5	373	317	318
5	374	253	254
5	375	317	318
5	376	324	325
5	377	0	0
5	378	0	0
5	379	301	302
5	380	523	524
5	381	460	461
5	382	317	318
5	383	301	302
5	384	314	315
5	385	409	410
5	386	432	433
5	387	380	381
5	388	288	289
5	389	314	315
5	390	253	254
5	391	256	257
5	392	195	196
5	393	306	307
5	394	364	365
5	395	341	342
5	396	436	437
5	397	476	477
5	398	385	386
5	399	371	372
5	400	71	346
5	401	0	0
5	402	0	0
5	403	249	250
5	404	294	295
5	405	396	397
5	406	324	325
5	407	354	355
5	408	182	183
5	409	502	503
5	410	505	506
5	411	341	342
5	412	385	386
5	413	195	196
5	414	312	313
5	415	371	372
5	416	324	325
5	417	511	512
5	418	518	519
5	419	339	340
5	420	71	346
5	421	364	365
5	422	286	287
5	423	256	257
5	424	71	346
5	425	286	287
5	426	401	402
5	427	308	309
5	428	312	313
5	429	288	289
5	430	288	289
5	431	385	386
5	432	471	472
5	433	468	469
5	434	304	305
5	435	409	410
5	436	0	0
5	437	0	0
5	438	396	397
5	439	345	440
5	440	551	552
5	441	253	254
5	442	380	381
5	443	439	444
5	444	530	531
5	445	371	372
5	446	308	309
5	447	439	444
5	448	187	188
5	449	534	535
5	450	637	638
5	451	0	0
5	452	0	0
5	453	349	350
5	454	560	561
5	455	632	633
5	456	312	313
5	457	238	239
5	458	339	340
5	459	401	402
5	460	0	0
5	461	0	0
5	462	0	0
5	463	0	0
5	464	454	455
5	465	263	264
5	466	354	355
5	467	364	365
5	468	0	0
5	469	0	0
5	470	345	440
5	471	0	0
5	472	0	0
5	473	432	433
5	474	0	0
5	475	0	0
5	476	0	0
5	477	0	0
5	478	468	469
5	479	462	463
5	480	0	0
5	481	0	0
5	482	432	433
5	483	345	440
5	484	480	481
5	485	462	463
5	486	439	444
5	487	439	444
5	488	0	0
5	489	0	0
5	490	436	437
5	491	443	492
5	492	572	573
5	493	449	450
5	494	449	450
5	495	396	397
5	496	462	463
5	497	249	250
5	498	541	542
5	499	756	757
5	500	294	295
5	501	349	350
5	502	0	0
5	503	0	0
5	504	502	503
5	505	0	0
5	506	0	0
5	507	488	489
5	508	182	183
5	509	401	402
5	510	187	188
5	511	0	0
5	512	0	0
5	513	345	440
5	514	432	433
5	515	584	585
5	516	549	550
5	517	511	512
5	518	0	0
5	519	0	0
5	520	451	452
5	521	468	469
5	522	468	469
5	523	0	0
5	524	0	0
5	525	505	506
5	526	502	503
5	527	488	489
5	528	488	489
5	529	436	437
5	530	804	805
5	531	587	588
5	532	256	257
5	533	474	475
5	534	0	0
5	535	0	0
5	536	498	499
5	537	476	477
5	538	417	418
5	539	476	477
5	540	380	381
5	541	0	0
5	542	0	0
5	543	377	378
5	544	354	355
5	545	0	0
5	546	0	0
5	547	417	418
5	548	443	492
5	549	558	559
5	550	647	648
5	551	716	717
5	552	620	621
5	553	471	472
5	554	551	552
5	555	541	542
5	556	511	512
5	557	515	516
5	558	0	0
5	559	0	0
5	560	0	0
5	561	0	0
5	562	480	481
5	563	511	512
5	564	551	552
5	565	534	535
5	566	322	323
5	567	541	542
5	568	530	531
5	569	515	516
5	570	0	0
5	571	0	0
5	572	601	602
5	573	640	641
5	574	534	535
5	575	558	559
5	576	560	561
5	577	443	492
5	578	518	519
5	579	558	559
5	580	545	546
5	581	572	573
5	582	534	535
5	583	541	542
5	584	777	778
5	585	663	664
5	586	530	531
5	587	839	840
5	588	603	604
5	589	530	531
5	590	515	516
5	591	505	506
5	592	518	519
5	593	502	503
5	594	498	499
5	595	549	550
5	596	449	450
5	597	523	524
5	598	454	455
5	599	498	499
5	600	454	455
5	601	625	626
5	602	763	764
5	603	0	0
5	604	614	615
5	605	587	588
5	606	560	561
5	607	491	608
5	608	0	0
5	609	451	452
5	610	476	477
5	611	480	481
5	612	377	378
5	613	572	573
5	614	823	824
5	615	671	672
5	616	572	573
5	617	614	615
5	618	551	552
5	619	460	461
5	620	966	967
5	621	667	668
5	622	436	437
5	623	443	492
5	624	560	561
5	625	661	662
5	626	0	0
5	627	505	506
5	628	625	626
5	629	558	559
5	630	417	418
5	631	545	546
5	632	0	0
5	633	0	0
5	634	451	452
5	635	601	602
5	636	409	410
5	637	0	0
5	638	0	0
5	639	620	621
5	640	669	670
5	641	702	703
5	642	620	621
5	643	587	588
5	644	471	472
5	645	587	588
5	646	474	475
5	647	0	0
5	648	0	0
5	649	640	641
5	650	518	519
5	651	584	585
5	652	570	571
5	653	640	641
5	654	491	608
5	655	545	546
5	656	491	608
5	657	460	461
5	658	409	410
5	659	377	378
5	660	603	604
5	661	0	0
5	662	665	666
5	663	0	0
5	664	0	0
5	665	819	820
5	666	826	827
5	667	676	677
5	668	0	0
5	669	0	0
5	670	712	713
5	671	673	674
5	672	742	743
5	673	0	0
5	674	739	740
5	675	549	550
5	676	692	693
5	677	690	691
5	678	549	550
5	679	601	602
5	680	603	604
5	681	460	461
5	682	663	664
5	683	614	615
5	684	614	615
5	685	620	621
5	686	523	524
5	687	669	670
5	688	471	472
5	689	665	666
5	690	698	699
5	691	0	0
5	692	880	881
5	693	721	722
5	694	692	693
5	695	665	666
5	696	603	604
5	697	474	475
5	698	981	982
5	699	810	811
5	700	491	608
5	701	663	664
5	702	926	927
5	703	732	733
5	704	673	674
5	705	663	664
5	706	671	672
5	707	665	666
5	708	814	815
5	709	917	918
5	710	690	691
5	711	570	571
5	712	729	730
5	713	771	772
5	714	632	633
5	715	570	571
5	716	831	832
5	717	765	766
5	718	671	672
5	719	669	670
5	720	661	662
5	721	817	818
5	722	0	0
5	723	632	633
5	724	708	709
5	725	673	674
5	726	692	693
5	727	669	670
5	728	584	585
5	729	996	997
5	730	749	750
5	731	667	668
5	732	754	755
5	733	864	865
5	734	0	0
5	735	0	0
5	736	708	709
5	737	732	733
5	738	637	638
5	739	0	0
5	740	790	791
5	741	625	626
5	742	849	850
5	743	781	782
5	744	732	733
5	745	640	641
5	746	716	717
5	747	676	677
5	748	647	648
5	749	853	854
5	750	752	753
5	751	690	691
5	752	779	780
5	753	0	0
5	754	0	0
5	755	797	798
5	756	0	0
5	757	0	0
5	758	690	691
5	759	671	672
5	760	716	717
5	761	523	524
5	762	632	633
5	763	0	0
5	764	0	0
5	765	890	891
5	766	769	770
5	767	721	722
5	768	673	674
5	769	834	835
5	770	896	897
5	771	862	863
5	772	0	0
5	773	676	677
5	774	742	743
5	775	702	703
5	776	716	717
5	777	0	0
5	778	0	0
5	779	0	0
5	780	0	0
5	781	787	788
5	782	0	0
5	783	698	699
5	784	752	753
5	785	601	602
5	786	625	626
5	787	794	795
5	788	0	0
5	789	676	677
5	790	792	793
5	791	945	946
5	792	0	0
5	793	0	0
5	794	0	0
5	795	0	0
5	796	661	662
5	797	836	837
5	798	912	913
5	799	584	585
5	800	661	662
5	801	756	757
5	802	763	764
5	803	742	743
5	804	806	807
5	805	0	0
5	806	0	0
5	807	0	0
5	808	702	703
5	809	777	778
5	810	859	860
5	811	0	0
5	812	637	638
5	813	779	780
5	814	0	0
5	815	847	848
5	816	702	703
5	817	0	0
5	818	928	929
5	819	0	0
5	820	950	951
5	821	749	750
5	822	667	668
5	823	0	0
5	824	0	0
5	825	667	668
5	826	851	852
5	827	0	0
5	828	752	753
5	829	769	770
5	830	781	782
5	831	0	0
5	832	0	0
5	833	806	807
5	834	0	0
5	835	900	901
5	836	906	907
5	837	0	0
5	838	732	733
5	839	0	0
5	840	0	0
5	841	819	820
5	842	692	693
5	843	777	778
5	844	804	805
5	845	823	824
5	846	754	755
5	847	0	0
5	848	0	0
5	849	0	0
5	850	867	868
5	851	0	0
5	852	857	858
5	853	0	0
5	854	885	886
5	855	806	807
5	856	777	778
5	857	930	931
5	858	871	872
5	859	0	0
5	860	0	0
5	861	739	740
5	862	874	875
5	863	883	884
5	864	983	984
5	865	0	0
5	866	794	795
5	867	0	0
5	868	924	925
5	869	823	824
5	870	817	818
5	871	922	923
5	872	0	0
5	873	849	850
5	874	0	0
5	875	998	999
5	876	853	854
5	877	853	854
5	878	859	860
5	879	734	735
5	880	0	0
5	881	975	976
5	882	823	824
5	883	962	963
5	884	936	937
5	885	0	0
5	886	904	905
5	887	607	888
5	888	894	895
5	889	849	850
5	890	0	0
5	891	0	0
5	892	831	832
5	893	853	854
5	894	0	0
5	895	908	909
5	896	964	965
5	897	0	0
5	898	771	772
5	899	806	807
5	900	0	0
5	901	0	0
5	902	890	891
5	903	769	770
5	904	953	954
5	905	955	956
5	906	0	0
5	907	0	0
5	908	987	988
5	909	0	0
5	910	871	872
5	911	826	827
5	912	0	0
5	913	959	960
5	914	864	865
5	915	839	840
5	916	794	795
5	917	972	973
5	918	0	0
5	919	883	884
5	920	908	909
5	921	754	755
5	922	0	0
5	923	0	0
5	924	0	0
5	925	0	0
5	926	932	933
5	927	0	0
5	928	0	0
5	929	0	0
5	930	0	0
5	931	0	0
5	932	0	0
5	933	941	942
5	934	880	881
5	935	834	835
5	936	0	0
5	937	0	0
5	938	810	811
5	939	908	909
5	940	787	788
5	941	0	0
5	942	0	0
5	943	924	925
5	944	941	942
5	945	0	0
5	946	0	0
5	947	831	832
5	948	883	884
5	949	817	818
5	950	0	0
5	951	0	0
5	952	754	755
5	953	0	0
5	954	0	0
5	955	0	0
5	956	0	0
5	957	712	713
5	958	864	865
5	959	0	0
5	960	0	0
5	961	862	863
5	962	0	0
5	963	0	0
5	964	0	0
5	965	0	0
5	966	0	0
5	967	0	0
5	968	896	897
5	969	779	780
5	970	953	954
5	971	739	740
5	972	0	0
5	973	0	0
5	974	945	946
5	975	0	0
5	976	0	0
5	977	607	888
5	978	708	709
5	979	880	881
5	980	862	863
5	981	0	0
5	982	0	0
5	983	990	991
5	984	0	0
5	985	637	638
5	986	936	937
5	987	0	0
5	988	993	994
5	989	769	770
5	990	0	0
5	991	0	0
5	992	983	984
5	993	0	0
5	994	0	0
5	995	926	927
5	996	0	0
5	997	0	0
5	998	0	0
5	999	0	0
5	1000	787	788
