5	1	0	0
5	2	1	3
5	3	0	0
5	4	1	3
5	5	1	3
5	6	1	3
5	7	2	8
5	8	15	16
5	9	2	8
5	10	2	8
5	11	2	8
5	12	7	13
5	13	21	22
5	14	7	13
5	15	0	0
5	16	0	0
5	17	15	16
5	18	15	16
5	19	15	16
5	20	7	13
5	21	31	32
5	22	28	29
5	23	7	13
5	24	21	22
5	25	12	26
5	26	42	43
5	27	21	22
5	28	0	0
5	29	0	0
5	30	12	26
5	31	0	0
5	32	0	0
5	33	28	29
5	34	28	29
5	35	12	26
5	36	12	26
5	37	21	22
5	38	28	29
5	39	25	40
5	40	47	48
5	41	31	32
5	42	175	176
5	43	65	66
5	44	25	40
5	45	39	46
5	46	59	60
5	47	49	50
5	48	125	126
5	49	81	82
5	50	54	55
5	51	45	52
5	52	102	103
5	53	47	48
5	54	57	58
5	55	129	130
5	56	31	32
5	57	0	0
5	58	0	0
5	59	62	63
5	60	93	94
5	61	42	43
5	62	76	77
5	63	79	80
5	64	54	55
5	65	0	0
5	66	67	68
5	67	0	0
5	68	0	0
5	69	67	68
5	70	39	46
5	71	67	68
5	72	62	63
5	73	39	46
5	74	47	48
5	75	57	58
5	76	0	0
5	77	144	145
5	78	39	46
5	79	91	92
5	80	122	123
5	81	88	89
5	82	153	154
5	83	42	43
5	84	57	58
5	85	65	66
5	86	25	40
5	87	67	68
5	88	0	0
5	89	0	0
5	90	49	50
5	91	0	0
5	92	0	0
5	93	0	0
5	94	166	167
5	95	57	58
5	96	47	48
5	97	65	66
5	98	79	80
5	99	42	43
5	100	79	80
5	101	31	32
5	102	197	198
5	103	105	106
5	104	88	89
5	105	0	0
5	106	111	112
5	107	76	77
5	108	54	55
5	109	45	52
5	110	65	66
5	111	147	148
5	112	0	0
5	113	25	40
5	114	45	52
5	115	62	63
5	116	105	106
5	117	79	80
5	118	54	55
5	119	93	94
5	120	88	89
5	121	49	50
5	122	159	160
5	123	0	0
5	124	102	103
5	125	142	143
5	126	151	152
5	127	62	63
5	128	111	112
5	129	0	0
5	130	0	0
5	131	91	92
5	132	102	103
5	133	93	94
5	134	102	103
5	135	59	60
5	136	122	123
5	137	88	89
5	138	111	112
5	139	125	126
5	140	91	92
5	141	76	77
5	142	177	178
5	143	171	172
5	144	155	156
5	145	182	183
5	146	122	123
5	147	149	150
5	148	180	181
5	149	0	0
5	150	0	0
5	151	0	0
5	152	0	0
5	153	0	0
5	154	0	0
5	155	0	0
5	156	0	0
5	157	122	123
5	158	81	82
5	159	0	0
5	160	0	0
5	161	129	130
5	162	45	52
5	163	49	50
5	164	149	150
5	165	142	143
5	166	0	0
5	167	0	0
5	168	144	145
5	169	159	160
5	170	149	150
5	171	0	0
5	172	0	0
5	173	81	82
5	174	81	82
5	175	0	0
5	176	0	0
5	177	0	0
5	178	0	0
5	179	151	152
5	180	199	200
5	181	191	192
5	182	0	0
5	183	0	0
5	184	171	172
5	185	147	148
5	186	182	183
5	187	159	160
5	188	142	143
5	189	91	92
5	190	149	150
5	191	0	0
5	192	0	0
5	193	59	60
5	194	105	106
5	195	180	181
5	196	129	130
5	197	0	0
5	198	0	0
5	199	0	0
5	200	0	0
