22	1	0	0
22	2	1	3
22	3	0	0
22	4	1	3
22	5	2	6
22	6	9	10
22	7	1	3
22	8	2	6
22	9	0	0
22	10	0	0
22	11	9	10
22	12	1	3
22	13	2	6
22	14	9	10
22	15	2	6
22	16	9	10
22	17	5	18
22	18	20	21
22	19	5	18
22	20	38	39
22	21	43	44
22	22	17	23
22	23	29	30
22	24	20	21
22	25	5	18
22	26	20	21
22	27	20	21
22	28	17	23
22	29	52	53
22	30	62	63
22	31	29	30
22	32	17	23
22	33	5	18
22	34	17	23
22	35	22	36
22	36	60	61
22	37	29	30
22	38	0	0
22	39	0	0
22	40	22	36
22	41	38	39
22	42	22	36
22	43	0	0
22	44	0	0
22	45	38	39
22	46	43	44
22	47	38	39
22	48	35	49
22	49	57	58
22	50	48	51
22	51	64	65
22	52	0	0
22	53	0	0
22	54	35	49
22	55	35	49
22	56	22	36
22	57	0	0
22	58	72	73
22	59	35	49
22	60	0	0
22	61	0	0
22	62	0	0
22	63	0	0
22	64	85	86
22	65	0	0
22	66	29	30
22	67	57	58
22	68	62	63
22	69	62	63
22	70	64	65
22	71	57	58
22	72	92	93
22	73	74	75
22	74	0	0
22	75	79	80
22	76	52	53
22	77	52	53
22	78	43	44
22	79	0	0
22	80	0	0
22	81	57	58
22	82	60	61
22	83	74	75
22	84	52	53
22	85	0	0
22	86	88	89
22	87	62	63
22	88	0	0
22	89	90	91
22	90	99	100
22	91	0	0
22	92	0	0
22	93	0	0
22	94	64	65
22	95	90	91
22	96	90	91
22	97	90	91
22	98	88	89
22	99	0	0
22	100	0	0
