12	1	0	0
12	2	1	3
12	3	0	0
12	4	1	3
12	5	1	3
12	6	2	7
12	7	18	19
12	8	1	3
12	9	2	7
12	10	2	7
12	11	2	7
12	12	6	13
12	13	14	15
12	14	28	29
12	15	16	17
12	16	0	0
12	17	0	0
12	18	0	0
12	19	0	0
12	20	6	13
12	21	14	15
12	22	16	17
12	23	14	15
12	24	18	19
12	25	18	19
12	26	16	17
12	27	18	19
12	28	0	0
12	29	0	0
12	30	6	13
12	31	28	29
12	32	6	13
12	33	16	17
12	34	14	15
12	35	12	36
12	36	143	144
12	37	35	38
12	38	39	40
12	39	46	47
12	40	64	65
12	41	37	42
12	42	59	60
12	43	12	36
12	44	37	42
12	45	12	36
12	46	54	55
12	47	51	52
12	48	46	47
12	49	28	29
12	50	37	42
12	51	221	222
12	52	75	76
12	53	37	42
12	54	79	80
12	55	62	63
12	56	41	57
12	57	182	183
12	58	28	29
12	59	70	71
12	60	105	106
12	61	46	47
12	62	0	0
12	63	0	0
12	64	95	96
12	65	303	304
12	66	59	60
12	67	56	68
12	68	121	122
12	69	56	68
12	70	85	86
12	71	72	73
12	72	116	117
12	73	252	253
12	74	64	65
12	75	0	0
12	76	0	0
12	77	59	60
12	78	54	55
12	79	0	0
12	80	0	0
12	81	72	73
12	82	41	57
12	83	39	40
12	84	35	38
12	85	87	88
12	86	137	138
12	87	134	135
12	88	146	147
12	89	39	40
12	90	62	63
12	91	35	38
12	92	39	40
12	93	41	57
12	94	70	71
12	95	102	103
12	96	164	165
12	97	62	63
12	98	46	47
12	99	72	73
12	100	51	52
12	101	56	68
12	102	0	0
12	103	0	0
12	104	12	36
12	105	180	181
12	106	177	178
12	107	105	106
12	108	41	57
12	109	75	76
12	110	102	103
12	111	64	65
12	112	70	71
12	113	95	96
12	114	70	71
12	115	75	76
12	116	129	130
12	117	225	226
12	118	51	52
12	119	35	38
12	120	54	55
12	121	156	157
12	122	131	132
12	123	62	63
12	124	64	65
12	125	56	68
12	126	102	103
12	127	105	106
12	128	54	55
12	129	0	0
12	130	0	0
12	131	161	162
12	132	283	284
12	133	116	117
12	134	0	0
12	135	0	0
12	136	116	117
12	137	275	276
12	138	153	154
12	139	129	130
12	140	87	88
12	141	59	60
12	142	137	138
12	143	188	189
12	144	245	246
12	145	87	88
12	146	0	0
12	147	0	0
12	148	72	73
12	149	121	122
12	150	146	147
12	151	95	96
12	152	85	86
12	153	0	0
12	154	0	0
12	155	146	147
12	156	194	195
12	157	280	281
12	158	51	52
12	159	131	132
12	160	153	154
12	161	206	207
12	162	356	357
12	163	137	138
12	164	0	0
12	165	0	0
12	166	116	117
12	167	129	130
12	168	146	147
12	169	95	96
12	170	134	135
12	171	143	144
12	172	102	103
12	173	79	80
12	174	161	162
12	175	161	162
12	176	134	135
12	177	726	727
12	178	295	296
12	179	85	86
12	180	201	202
12	181	588	589
12	182	273	274
12	183	230	231
12	184	161	162
12	185	75	76
12	186	87	88
12	187	137	138
12	188	353	354
12	189	192	193
12	190	143	144
12	191	85	86
12	192	0	0
12	193	0	0
12	194	247	248
12	195	204	205
12	196	194	195
12	197	194	195
12	198	177	178
12	199	192	193
12	200	143	144
12	201	237	238
12	202	256	257
12	203	192	193
12	204	212	213
12	205	684	685
12	206	209	210
12	207	265	266
12	208	188	189
12	209	308	309
12	210	299	300
12	211	177	178
12	212	239	240
12	213	310	311
12	214	129	130
12	215	188	189
12	216	180	181
12	217	121	122
12	218	212	213
12	219	153	154
12	220	188	189
12	221	0	0
12	222	0	0
12	223	204	205
12	224	105	106
12	225	0	0
12	226	0	0
12	227	164	165
12	228	121	122
12	229	156	157
12	230	318	319
12	231	297	298
12	232	194	195
12	233	164	165
12	234	164	165
12	235	79	80
12	236	192	193
12	237	0	0
12	238	0	0
12	239	334	335
12	240	395	396
12	241	177	178
12	242	201	202
12	243	182	183
12	244	134	135
12	245	288	289
12	246	270	271
12	247	337	338
12	248	382	383
12	249	209	210
12	250	67	251
12	251	268	269
12	252	263	264
12	253	260	261
12	254	180	181
12	255	79	80
12	256	0	0
12	257	0	0
12	258	182	183
12	259	180	181
12	260	0	0
12	261	0	0
12	262	201	202
12	263	0	0
12	264	0	0
12	265	388	389
12	266	0	0
12	267	256	257
12	268	459	460
12	269	423	424
12	270	0	0
12	271	0	0
12	272	270	271
12	273	346	347
12	274	0	0
12	275	0	0
12	276	0	0
12	277	206	207
12	278	204	205
12	279	247	248
12	280	385	386
12	281	340	341
12	282	156	157
12	283	330	331
12	284	441	442
12	285	230	231
12	286	247	248
12	287	212	213
12	288	0	0
12	289	0	0
12	290	275	276
12	291	256	257
12	292	263	264
12	293	265	266
12	294	245	246
12	295	584	585
12	296	0	0
12	297	976	977
12	298	348	349
12	299	350	351
12	300	527	528
12	301	204	205
12	302	237	238
12	303	369	370
12	304	312	313
12	305	303	304
12	306	260	261
12	307	288	289
12	308	427	428
12	309	360	361
12	310	0	0
12	311	378	379
12	312	0	0
12	313	0	0
12	314	153	154
12	315	268	269
12	316	283	284
12	317	295	296
12	318	737	738
12	319	400	401
12	320	283	284
12	321	288	289
12	322	230	231
12	323	283	284
12	324	237	238
12	325	245	246
12	326	312	313
12	327	318	319
12	328	247	248
12	329	273	274
12	330	363	364
12	331	450	451
12	332	201	202
12	333	225	226
12	334	0	0
12	335	0	0
12	336	206	207
12	337	675	676
12	338	620	621
12	339	337	338
12	340	463	464
12	341	380	381
12	342	312	313
12	343	256	257
12	344	288	289
12	345	237	238
12	346	633	634
12	347	535	536
12	348	358	359
12	349	504	505
12	350	0	0
12	351	0	0
12	352	206	207
12	353	0	0
12	354	0	0
12	355	131	132
12	356	374	375
12	357	471	472
12	358	365	366
12	359	405	406
12	360	0	0
12	361	0	0
12	362	245	246
12	363	434	435
12	364	0	0
12	365	0	0
12	366	0	0
12	367	263	264
12	368	330	331
12	369	0	0
12	370	0	0
12	371	350	351
12	372	263	264
12	373	308	309
12	374	531	532
12	375	480	481
12	376	295	296
12	377	348	349
12	378	0	0
12	379	0	0
12	380	0	0
12	381	393	394
12	382	706	707
12	383	416	417
12	384	374	375
12	385	407	408
12	386	397	398
12	387	239	240
12	388	631	632
12	389	771	772
12	390	299	300
12	391	280	281
12	392	382	383
12	393	644	645
12	394	556	557
12	395	0	0
12	396	0	0
12	397	920	921
12	398	409	410
12	399	365	366
12	400	412	413
12	401	0	0
12	402	374	375
12	403	382	383
12	404	348	349
12	405	0	0
12	406	0	0
12	407	581	582
12	408	439	440
12	409	558	559
12	410	483	484
12	411	397	398
12	412	529	530
12	413	436	437
12	414	312	313
12	415	407	408
12	416	478	479
12	417	475	476
12	418	318	319
12	419	260	261
12	420	318	319
12	421	369	370
12	422	350	351
12	423	502	503
12	424	0	0
12	425	400	401
12	426	303	304
12	427	0	0
12	428	0	0
12	429	388	389
12	430	358	359
12	431	308	309
12	432	212	213
12	433	273	274
12	434	0	0
12	435	551	552
12	436	0	0
12	437	0	0
12	438	265	266
12	439	456	457
12	440	489	490
12	441	606	607
12	442	721	722
12	443	308	309
12	444	303	304
12	445	434	435
12	446	131	132
12	447	252	253
12	448	280	281
12	449	439	440
12	450	473	474
12	451	757	758
12	452	209	210
12	453	382	383
12	454	380	381
12	455	409	410
12	456	0	0
12	457	0	0
12	458	334	335
12	459	496	497
12	460	614	615
12	461	250	462
12	462	750	751
12	463	485	486
12	464	682	683
12	465	360	361
12	466	395	396
12	467	388	389
12	468	330	331
12	469	363	364
12	470	337	338
12	471	0	0
12	472	518	519
12	473	533	534
12	474	0	0
12	475	0	0
12	476	0	0
12	477	221	222
12	478	0	0
12	479	0	0
12	480	599	600
12	481	717	718
12	482	450	451
12	483	0	0
12	484	0	0
12	485	0	0
12	486	506	507
12	487	480	481
12	488	265	266
12	489	0	0
12	490	0	0
12	491	405	406
12	492	275	276
12	493	297	298
12	494	340	341
12	495	483	484
12	496	610	611
12	497	686	687
12	498	423	424
12	499	252	253
12	500	365	366
12	501	221	222
12	502	521	522
12	503	667	668
12	504	624	625
12	505	940	941
12	506	0	0
12	507	0	0
12	508	360	361
12	509	393	394
12	510	395	396
12	511	436	437
12	512	209	210
12	513	412	413
12	514	496	497
12	515	334	335
12	516	475	476
12	517	230	231
12	518	651	652
12	519	569	570
12	520	412	413
12	521	593	594
12	522	752	753
12	523	478	479
12	524	473	474
12	525	346	347
12	526	480	481
12	527	0	0
12	528	0	0
12	529	0	0
12	530	0	0
12	531	831	832
12	532	873	874
12	533	0	0
12	534	0	0
12	535	712	713
12	536	901	902
12	537	275	276
12	538	434	435
12	539	483	484
12	540	380	381
12	541	297	298
12	542	348	349
12	543	483	484
12	544	280	281
12	545	409	410
12	546	405	406
12	547	485	486
12	548	365	366
12	549	252	253
12	550	436	437
12	551	0	0
12	552	0	0
12	553	297	298
12	554	250	462
12	555	299	300
12	556	0	0
12	557	0	0
12	558	0	0
12	559	0	0
12	560	407	408
12	561	400	401
12	562	551	552
12	563	268	269
12	564	480	481
12	565	350	351
12	566	334	335
12	567	273	274
12	568	436	437
12	569	0	0
12	570	0	0
12	571	250	462
12	572	360	361
12	573	456	457
12	574	378	379
12	575	518	519
12	576	250	462
12	577	156	157
12	578	471	472
12	579	456	457
12	580	569	570
12	581	637	638
12	582	678	679
12	583	388	389
12	584	0	0
12	585	0	0
12	586	409	410
12	587	531	532
12	588	0	0
12	589	703	704
12	590	485	486
12	591	378	379
12	592	521	522
12	593	608	609
12	594	728	729
12	595	450	451
12	596	400	401
12	597	260	261
12	598	506	507
12	599	0	0
12	600	0	0
12	601	535	536
12	602	558	559
12	603	405	406
12	604	439	440
12	605	475	476
12	606	804	805
12	607	0	0
12	608	972	973
12	609	694	695
12	610	774	775
12	611	963	964
12	612	441	442
12	613	356	357
12	614	0	0
12	615	846	847
12	616	299	300
12	617	412	413
12	618	378	379
12	619	593	594
12	620	0	0
12	621	824	825
12	622	529	530
12	623	599	600
12	624	0	0
12	625	0	0
12	626	535	536
12	627	608	609
12	628	346	347
12	629	614	615
12	630	569	570
12	631	0	0
12	632	0	0
12	633	854	855
12	634	911	912
12	635	489	490
12	636	439	440
12	637	0	0
12	638	0	0
12	639	456	457
12	640	608	609
12	641	239	240
12	642	310	311
12	643	478	479
12	644	0	0
12	645	0	0
12	646	502	503
12	647	67	251
12	648	463	464
12	649	551	552
12	650	295	296
12	651	0	0
12	652	0	0
12	653	407	408
12	654	374	375
12	655	463	464
12	656	531	532
12	657	337	338
12	658	531	532
12	659	475	476
12	660	270	271
12	661	397	398
12	662	459	460
12	663	644	645
12	664	581	582
12	665	478	479
12	666	182	183
12	667	0	0
12	668	909	910
12	669	606	607
12	670	502	503
12	671	489	490
12	672	221	222
12	673	558	559
12	674	485	486
12	675	782	783
12	676	697	698
12	677	506	507
12	678	0	0
12	679	0	0
12	680	330	331
12	681	506	507
12	682	0	0
12	683	0	0
12	684	0	0
12	685	0	0
12	686	955	956
12	687	742	743
12	688	340	341
12	689	340	341
12	690	644	645
12	691	521	522
12	692	678	679
12	693	631	632
12	694	922	923
12	695	748	749
12	696	393	394
12	697	0	0
12	698	0	0
12	699	356	357
12	700	473	474
12	701	356	357
12	702	395	396
12	703	0	0
12	704	0	0
12	705	380	381
12	706	860	861
12	707	788	789
12	708	682	683
12	709	644	645
12	710	535	536
12	711	703	704
12	712	0	0
12	713	852	853
12	714	703	704
12	715	712	713
12	716	427	428
12	717	0	0
12	718	0	0
12	719	608	609
12	720	502	503
12	721	755	756
12	722	0	0
12	723	239	240
12	724	533	534
12	725	427	428
12	726	0	0
12	727	850	851
12	728	762	763
12	729	878	879
12	730	310	311
12	731	728	729
12	732	270	271
12	733	675	676
12	734	393	394
12	735	614	615
12	736	584	585
12	737	858	859
12	738	0	0
12	739	624	625
12	740	684	685
12	741	423	424
12	742	848	849
12	743	0	0
12	744	667	668
12	745	225	226
12	746	721	722
12	747	721	722
12	748	0	0
12	749	0	0
12	750	800	801
12	751	837	838
12	752	897	898
12	753	778	779
12	754	434	435
12	755	0	0
12	756	821	822
12	757	0	0
12	758	780	781
12	759	363	364
12	760	473	474
12	761	416	417
12	762	0	0
12	763	828	829
12	764	624	625
12	765	369	370
12	766	752	753
12	767	385	386
12	768	633	634
12	769	527	528
12	770	682	683
12	771	0	0
12	772	0	0
12	773	667	668
12	774	0	0
12	775	0	0
12	776	529	530
12	777	610	611
12	778	785	786
12	779	883	884
12	780	0	0
12	781	0	0
12	782	0	0
12	783	0	0
12	784	581	582
12	785	0	0
12	786	840	841
12	787	346	347
12	788	0	0
12	789	0	0
12	790	588	589
12	791	423	424
12	792	459	460
12	793	599	600
12	794	558	559
12	795	782	783
12	796	785	786
12	797	551	552
12	798	496	497
12	799	678	679
12	800	0	0
12	801	0	0
12	802	450	451
12	803	504	505
12	804	938	939
12	805	0	0
12	806	416	417
12	807	682	683
12	808	581	582
12	809	748	749
12	810	463	464
12	811	697	698
12	812	686	687
12	813	556	557
12	814	606	607
12	815	717	718
12	816	697	698
12	817	599	600
12	818	742	743
12	819	728	729
12	820	780	781
12	821	0	0
12	822	0	0
12	823	737	738
12	824	0	0
12	825	0	0
12	826	631	632
12	827	533	534
12	828	0	0
12	829	0	0
12	830	717	718
12	831	0	0
12	832	0	0
12	833	529	530
12	834	489	490
12	835	459	460
12	836	750	751
12	837	0	0
12	838	0	0
12	839	706	707
12	840	0	0
12	841	0	0
12	842	369	370
12	843	748	749
12	844	831	832
12	845	717	718
12	846	867	868
12	847	994	995
12	848	0	0
12	849	0	0
12	850	0	0
12	851	0	0
12	852	0	0
12	853	0	0
12	854	889	890
12	855	0	0
12	856	606	607
12	857	397	398
12	858	905	906
12	859	0	0
12	860	0	0
12	861	0	0
12	862	852	853
12	863	675	676
12	864	828	829
12	865	846	847
12	866	631	632
12	867	0	0
12	868	930	931
12	869	385	386
12	870	310	311
12	871	854	855
12	872	800	801
12	873	0	0
12	874	0	0
12	875	268	269
12	876	610	611
12	877	678	679
12	878	0	0
12	879	0	0
12	880	694	695
12	881	762	763
12	882	867	868
12	883	968	969
12	884	0	0
12	885	496	497
12	886	637	638
12	887	556	557
12	888	785	786
12	889	0	0
12	890	0	0
12	891	748	749
12	892	675	676
12	893	831	832
12	894	788	789
12	895	837	838
12	896	860	861
12	897	965	966
12	898	0	0
12	899	225	226
12	900	831	832
12	901	0	0
12	902	0	0
12	903	353	354
12	904	821	822
12	905	0	0
12	906	0	0
12	907	804	805
12	908	788	789
12	909	0	0
12	910	0	0
12	911	950	951
12	912	953	954
12	913	620	621
12	914	878	879
12	915	706	707
12	916	852	853
12	917	427	428
12	918	614	615
12	919	804	805
12	920	0	0
12	921	0	0
12	922	0	0
12	923	0	0
12	924	518	519
12	925	588	589
12	926	846	847
12	927	533	534
12	928	804	805
12	929	858	859
12	930	0	0
12	931	0	0
12	932	922	923
12	933	785	786
12	934	358	359
12	935	588	589
12	936	721	722
12	937	726	727
12	938	0	0
12	939	0	0
12	940	0	0
12	941	0	0
12	942	637	638
12	943	778	779
12	944	737	738
12	945	909	910
12	946	584	585
12	947	938	939
12	948	504	505
12	949	684	685
12	950	0	0
12	951	0	0
12	952	788	789
12	953	0	0
12	954	0	0
12	955	960	961
12	956	0	0
12	957	726	727
12	958	667	668
12	959	824	825
12	960	0	0
12	961	0	0
12	962	780	781
12	963	0	0
12	964	974	975
12	965	0	0
12	966	0	0
12	967	504	505
12	968	0	0
12	969	0	0
12	970	684	685
12	971	703	704
12	972	984	985
12	973	0	0
12	974	0	0
12	975	0	0
12	976	0	0
12	977	0	0
12	978	782	783
12	979	752	753
12	980	968	969
12	981	778	779
12	982	905	906
12	983	905	906
12	984	0	0
12	985	0	0
12	986	800	801
12	987	911	912
12	988	385	386
12	989	965	966
12	990	620	621
12	991	963	964
12	992	873	874
12	993	905	906
12	994	0	0
12	995	0	0
12	996	620	621
12	997	518	519
12	998	762	763
12	999	984	985
12	1000	901	902
