23	1	0	0
23	2	1	3
23	3	0	0
23	4	1	3
23	5	1	3
23	6	1	3
23	7	2	8
23	8	12	13
23	9	7	10
23	10	23	24
23	11	7	10
23	12	0	0
23	13	0	0
23	14	7	10
23	15	9	16
23	16	48	49
23	17	9	16
23	18	2	8
23	19	7	10
23	20	12	13
23	21	12	13
23	22	2	8
23	23	176	177
23	24	58	59
23	25	15	26
23	26	70	71
23	27	25	28
23	28	36	37
23	29	12	13
23	30	2	8
23	31	27	32
23	32	60	61
23	33	27	32
23	34	25	28
23	35	25	28
23	36	39	40
23	37	41	42
23	38	25	28
23	39	0	0
23	40	51	52
23	41	193	194
23	42	0	0
23	43	15	26
23	44	9	16
23	45	41	42
23	46	27	32
23	47	27	32
23	48	138	139
23	49	64	65
23	50	9	16
23	51	56	57
23	52	123	124
23	53	36	37
23	54	15	26
23	55	15	26
23	56	0	0
23	57	62	63
23	58	0	0
23	59	0	0
23	60	79	80
23	61	97	98
23	62	0	0
23	63	0	0
23	64	89	90
23	65	127	128
23	66	23	24
23	67	48	49
23	68	51	52
23	69	41	42
23	70	74	75
23	71	84	85
23	72	70	71
23	73	51	52
23	74	76	77
23	75	136	137
23	76	102	103
23	77	111	112
23	78	23	24
23	79	0	0
23	80	0	0
23	81	31	82
23	82	148	149
23	83	70	71
23	84	94	95
23	85	100	101
23	86	74	75
23	87	74	75
23	88	64	65
23	89	0	0
23	90	0	0
23	91	89	90
23	92	41	42
23	93	23	24
23	94	0	0
23	95	164	165
23	96	31	82
23	97	0	0
23	98	0	0
23	99	51	52
23	100	130	131
23	101	133	134
23	102	0	0
23	103	0	0
23	104	84	85
23	105	74	75
23	106	58	59
23	107	81	108
23	108	0	0
23	109	89	90
23	110	89	90
23	111	0	0
23	112	0	0
23	113	97	98
23	114	56	57
23	115	84	85
23	116	100	101
23	117	64	65
23	118	70	71
23	119	81	108
23	120	84	85
23	121	60	61
23	122	62	63
23	123	143	144
23	124	195	196
23	125	81	108
23	126	81	108
23	127	0	0
23	128	0	0
23	129	48	49
23	130	0	0
23	131	0	0
23	132	97	98
23	133	0	0
23	134	0	0
23	135	39	40
23	136	186	187
23	137	0	0
23	138	188	189
23	139	0	0
23	140	102	103
23	141	79	80
23	142	62	63
23	143	0	0
23	144	0	0
23	145	107	146
23	146	0	0
23	147	123	124
23	148	158	159
23	149	170	171
23	150	60	61
23	151	76	77
23	152	148	149
23	153	64	65
23	154	130	131
23	155	148	149
23	156	143	144
23	157	36	37
23	158	0	0
23	159	0	0
23	160	111	112
23	161	107	146
23	162	123	124
23	163	111	112
23	164	0	0
23	165	0	0
23	166	158	159
23	167	94	95
23	168	138	139
23	169	164	165
23	170	0	0
23	171	179	180
23	172	102	103
23	173	76	77
23	174	100	101
23	175	60	61
23	176	0	0
23	177	0	0
23	178	158	159
23	179	0	0
23	180	190	191
23	181	76	77
23	182	107	146
23	183	58	59
23	184	111	112
23	185	107	146
23	186	0	0
23	187	0	0
23	188	0	0
23	189	0	0
23	190	0	0
23	191	0	0
23	192	138	139
23	193	0	0
23	194	0	0
23	195	0	0
23	196	0	0
23	197	133	134
23	198	136	137
23	199	176	177
23	200	56	57
