19	1	0	0
19	2	1	3
19	3	0	0
19	4	2	5
19	5	56	57
19	6	4	7
19	7	34	35
19	8	1	3
19	9	6	10
19	10	20	21
19	11	2	5
19	12	9	13
19	13	26	27
19	14	12	15
19	15	28	29
19	16	4	7
19	17	2	5
19	18	1	3
19	19	12	15
19	20	79	80
19	21	51	52
19	22	2	5
19	23	9	13
19	24	4	7
19	25	20	21
19	26	42	43
19	27	419	420
19	28	37	38
19	29	61	62
19	30	28	29
19	31	14	32
19	32	73	74
19	33	20	21
19	34	46	47
19	35	63	64
19	36	14	32
19	37	71	72
19	38	49	50
19	39	28	29
19	40	26	27
19	41	34	35
19	42	58	59
19	43	398	399
19	44	1	3
19	45	4	7
19	46	0	0
19	47	0	0
19	48	6	10
19	49	568	569
19	50	150	151
19	51	95	96
19	52	69	70
19	53	26	27
19	54	28	29
19	55	14	32
19	56	0	0
19	57	0	0
19	58	93	94
19	59	118	119
19	60	56	57
19	61	136	137
19	62	77	78
19	63	0	0
19	64	0	0
19	65	12	15
19	66	37	38
19	67	34	35
19	68	61	62
19	69	0	0
19	70	0	0
19	71	262	263
19	72	426	427
19	73	87	88
19	74	140	141
19	75	34	35
19	76	9	13
19	77	158	159
19	78	134	135
19	79	165	166
19	80	89	90
19	81	73	74
19	82	46	47
19	83	77	78
19	84	14	32
19	85	58	59
19	86	71	72
19	87	122	123
19	88	138	139
19	89	0	0
19	90	0	0
19	91	58	59
19	92	73	74
19	93	0	0
19	94	0	0
19	95	0	0
19	96	0	0
19	97	31	98
19	98	120	121
19	99	58	59
19	100	49	50
19	101	9	13
19	102	77	78
19	103	87	88
19	104	71	72
19	105	20	21
19	106	51	52
19	107	26	27
19	108	49	50
19	109	97	110
19	110	115	116
19	111	69	70
19	112	77	78
19	113	95	96
19	114	49	50
19	115	215	216
19	116	493	494
19	117	37	38
19	118	0	0
19	119	0	0
19	120	270	271
19	121	775	776
19	122	142	143
19	123	129	130
19	124	95	96
19	125	37	38
19	126	89	90
19	127	87	88
19	128	95	96
19	129	377	378
19	130	176	177
19	131	42	43
19	132	89	90
19	133	118	119
19	134	722	723
19	135	325	326
19	136	236	237
19	137	168	169
19	138	148	149
19	139	409	410
19	140	180	181
19	141	291	292
19	142	153	154
19	143	245	246
19	144	42	43
19	145	56	57
19	146	87	88
19	147	42	43
19	148	393	394
19	149	368	369
19	150	170	171
19	151	272	273
19	152	134	135
19	153	224	225
19	154	199	200
19	155	134	135
19	156	73	74
19	157	136	137
19	158	213	214
19	159	210	211
19	160	120	121
19	161	12	15
19	162	97	110
19	163	79	80
19	164	56	57
19	165	0	0
19	166	0	0
19	167	142	143
19	168	277	278
19	169	183	184
19	170	0	0
19	171	0	0
19	172	138	139
19	173	129	130
19	174	134	135
19	175	140	141
19	176	250	251
19	177	433	434
19	178	120	121
19	179	142	143
19	180	197	198
19	181	320	321
19	182	180	181
19	183	0	0
19	184	0	0
19	185	118	119
19	186	109	187
19	187	217	218
19	188	136	137
19	189	148	149
19	190	46	47
19	191	180	181
19	192	71	72
19	193	115	116
19	194	46	47
19	195	180	181
19	196	6	10
19	197	312	313
19	198	391	392
19	199	0	0
19	200	0	0
19	201	170	171
19	202	63	64
19	203	97	110
19	204	140	141
19	205	51	52
19	206	183	184
19	207	51	52
19	208	69	70
19	209	129	130
19	210	0	0
19	211	0	0
19	212	197	198
19	213	0	0
19	214	0	0
19	215	526	527
19	216	219	220
19	217	0	0
19	218	403	404
19	219	241	242
19	220	352	353
19	221	63	64
19	222	69	70
19	223	109	187
19	224	0	0
19	225	0	0
19	226	61	62
19	227	219	220
19	228	217	218
19	229	186	230
19	230	287	288
19	231	199	200
19	232	199	200
19	233	89	90
19	234	61	62
19	235	224	225
19	236	472	473
19	237	265	266
19	238	150	151
19	239	148	149
19	240	168	169
19	241	258	259
19	242	247	248
19	243	165	166
19	244	197	198
19	245	0	0
19	246	280	281
19	247	256	257
19	248	520	521
19	249	247	248
19	250	0	0
19	251	0	0
19	252	183	184
19	253	215	216
19	254	247	248
19	255	138	139
19	256	442	443
19	257	309	310
19	258	528	529
19	259	423	424
19	260	109	187
19	261	224	225
19	262	282	283
19	263	751	752
19	264	93	94
19	265	0	0
19	266	0	0
19	267	158	159
19	268	165	166
19	269	262	263
19	270	339	340
19	271	451	452
19	272	0	0
19	273	0	0
19	274	245	246
19	275	265	266
19	276	270	271
19	277	0	0
19	278	0	0
19	279	109	187
19	280	0	0
19	281	0	0
19	282	0	0
19	283	0	0
19	284	262	263
19	285	241	242
19	286	153	154
19	287	800	801
19	288	616	617
19	289	115	116
19	290	282	283
19	291	298	299
19	292	348	349
19	293	224	225
19	294	245	246
19	295	291	292
19	296	183	184
19	297	197	198
19	298	343	344
19	299	460	461
19	300	280	281
19	301	118	119
19	302	272	273
19	303	270	271
19	304	120	121
19	305	291	292
19	306	287	288
19	307	298	299
19	308	186	230
19	309	364	365
19	310	586	587
19	311	148	149
19	312	539	540
19	313	478	479
19	314	312	313
19	315	265	266
19	316	219	220
19	317	142	143
19	318	236	237
19	319	247	248
19	320	331	332
19	321	373	374
19	322	165	166
19	323	309	310
19	324	280	281
19	325	0	0
19	326	0	0
19	327	258	259
19	328	325	326
19	329	31	98
19	330	265	266
19	331	350	351
19	332	386	387
19	333	312	313
19	334	150	151
19	335	138	139
19	336	115	116
19	337	136	137
19	338	219	220
19	339	486	487
19	340	684	685
19	341	129	130
19	342	186	230
19	343	356	357
19	344	457	458
19	345	63	64
19	346	256	257
19	347	210	211
19	348	591	592
19	349	687	688
19	350	0	0
19	351	0	0
19	352	361	362
19	353	579	580
19	354	122	123
19	355	339	340
19	356	0	0
19	357	0	0
19	358	236	237
19	359	343	344
19	360	245	246
19	361	647	648
19	362	689	690
19	363	168	169
19	364	0	0
19	365	0	0
19	366	199	200
19	367	270	271
19	368	518	519
19	369	429	430
19	370	291	292
19	371	168	169
19	372	312	313
19	373	379	380
19	374	384	385
19	375	277	278
19	376	348	349
19	377	401	402
19	378	622	623
19	379	0	0
19	380	0	0
19	381	262	263
19	382	93	94
19	383	241	242
19	384	0	0
19	385	0	0
19	386	0	0
19	387	0	0
19	388	298	299
19	389	309	310
19	390	282	283
19	391	411	412
19	392	509	510
19	393	465	466
19	394	484	485
19	395	377	378
19	396	186	230
19	397	320	321
19	398	645	646
19	399	405	406
19	400	352	353
19	401	0	0
19	402	0	0
19	403	413	414
19	404	444	445
19	405	0	0
19	406	0	0
19	407	373	374
19	408	241	242
19	409	0	0
19	410	636	637
19	411	0	0
19	412	0	0
19	413	0	0
19	414	748	749
19	415	409	410
19	416	298	299
19	417	258	259
19	418	153	154
19	419	0	0
19	420	697	698
19	421	153	154
19	422	343	344
19	423	804	805
19	424	0	0
19	425	356	357
19	426	669	670
19	427	453	454
19	428	331	332
19	429	0	0
19	430	0	0
19	431	423	424
19	432	287	288
19	433	0	0
19	434	0	0
19	435	309	310
19	436	386	387
19	437	213	214
19	438	217	218
19	439	236	237
19	440	393	394
19	441	401	402
19	442	916	917
19	443	0	0
19	444	837	838
19	445	455	456
19	446	423	424
19	447	409	410
19	448	373	374
19	449	350	351
19	450	413	414
19	451	992	993
19	452	0	0
19	453	0	0
19	454	0	0
19	455	704	705
19	456	536	537
19	457	0	0
19	458	0	0
19	459	93	94
19	460	554	555
19	461	470	471
19	462	405	406
19	463	419	420
19	464	361	362
19	465	0	0
19	466	0	0
19	467	277	278
19	468	158	159
19	469	272	273
19	470	0	0
19	471	0	0
19	472	0	0
19	473	0	0
19	474	348	349
19	475	453	454
19	476	419	420
19	477	457	458
19	478	0	0
19	479	0	0
19	480	320	321
19	481	465	466
19	482	429	430
19	483	287	288
19	484	0	0
19	485	0	0
19	486	556	557
19	487	777	778
19	488	331	332
19	489	213	214
19	490	419	420
19	491	391	392
19	492	352	353
19	493	559	560
19	494	664	665
19	495	442	443
19	496	170	171
19	497	320	321
19	498	356	357
19	499	280	281
19	500	170	171
19	501	423	424
19	502	256	257
19	503	465	466
19	504	277	278
19	505	429	430
19	506	79	80
19	507	150	151
19	508	433	434
19	509	0	0
19	510	0	0
19	511	409	410
19	512	229	513
19	513	741	742
19	514	426	427
19	515	384	385
19	516	215	216
19	517	256	257
19	518	0	0
19	519	0	0
19	520	541	542
19	521	594	595
19	522	393	394
19	523	343	344
19	524	350	351
19	525	217	218
19	526	765	766
19	527	694	695
19	528	533	534
19	529	0	0
19	530	393	394
19	531	386	387
19	532	453	454
19	533	739	740
19	534	780	781
19	535	213	214
19	536	797	798
19	537	763	764
19	538	229	513
19	539	0	0
19	540	0	0
19	541	931	932
19	542	570	571
19	543	413	414
19	544	331	332
19	545	411	412
19	546	352	353
19	547	6	10
19	548	403	404
19	549	426	427
19	550	272	273
19	551	122	123
19	552	457	458
19	553	478	479
19	554	0	0
19	555	0	0
19	556	0	0
19	557	0	0
19	558	536	537
19	559	657	658
19	560	0	0
19	561	444	445
19	562	140	141
19	563	470	471
19	564	442	443
19	565	325	326
19	566	526	527
19	567	520	521
19	568	0	0
19	569	626	627
19	570	0	0
19	571	0	0
19	572	229	513
19	573	470	471
19	574	472	473
19	575	536	537
19	576	229	513
19	577	444	445
19	578	451	452
19	579	624	625
19	580	604	605
19	581	472	473
19	582	325	326
19	583	478	479
19	584	528	529
19	585	541	542
19	586	0	0
19	587	0	0
19	588	361	362
19	589	433	434
19	590	391	392
19	591	900	901
19	592	0	0
19	593	350	351
19	594	847	848
19	595	0	0
19	596	282	283
19	597	405	406
19	598	31	98
19	599	373	374
19	600	377	378
19	601	158	159
19	602	457	458
19	603	451	452
19	604	719	720
19	605	0	0
19	606	453	454
19	607	444	445
19	608	512	609
19	609	946	947
19	610	512	609
19	611	604	605
19	612	568	569
19	613	478	479
19	614	442	443
19	615	348	349
19	616	638	639
19	617	632	633
19	618	554	555
19	619	379	380
19	620	554	555
19	621	541	542
19	622	0	0
19	623	0	0
19	624	666	667
19	625	0	0
19	626	0	0
19	627	0	0
19	628	493	494
19	629	258	259
19	630	554	555
19	631	533	534
19	632	0	0
19	633	732	733
19	634	364	365
19	635	398	399
19	636	654	655
19	637	711	712
19	638	642	643
19	639	691	692
19	640	636	637
19	641	411	412
19	642	0	0
19	643	724	725
19	644	528	529
19	645	0	0
19	646	0	0
19	647	812	813
19	648	717	718
19	649	570	571
19	650	433	434
19	651	570	571
19	652	594	595
19	653	398	399
19	654	0	0
19	655	0	0
19	656	570	571
19	657	864	865
19	658	0	0
19	659	460	461
19	660	539	540
19	661	512	609
19	662	654	655
19	663	632	633
19	664	843	844
19	665	0	0
19	666	728	729
19	667	0	0
19	668	451	452
19	669	0	0
19	670	0	0
19	671	594	595
19	672	484	485
19	673	536	537
19	674	626	627
19	675	398	399
19	676	339	340
19	677	465	466
19	678	541	542
19	679	624	625
19	680	624	625
19	681	339	340
19	682	460	461
19	683	470	471
19	684	785	786
19	685	708	709
19	686	472	473
19	687	0	0
19	688	0	0
19	689	0	0
19	690	821	822
19	691	0	0
19	692	701	702
19	693	526	527
19	694	795	796
19	695	0	0
19	696	616	617
19	697	0	0
19	698	0	0
19	699	657	658
19	700	559	560
19	701	789	790
19	702	0	0
19	703	594	595
19	704	893	894
19	705	828	829
19	706	591	592
19	707	632	633
19	708	841	842
19	709	754	755
19	710	624	625
19	711	0	0
19	712	0	0
19	713	586	587
19	714	708	709
19	715	361	362
19	716	704	705
19	717	0	0
19	718	745	746
19	719	971	972
19	720	0	0
19	721	622	623
19	722	0	0
19	723	0	0
19	724	734	735
19	725	905	906
19	726	401	402
19	727	591	592
19	728	0	0
19	729	0	0
19	730	401	402
19	731	701	702
19	732	759	760
19	733	866	867
19	734	0	0
19	735	0	0
19	736	568	569
19	737	509	510
19	738	616	617
19	739	0	0
19	740	0	0
19	741	783	784
19	742	849	850
19	743	708	709
19	744	215	216
19	745	0	0
19	746	0	0
19	747	669	670
19	748	830	831
19	749	0	0
19	750	356	357
19	751	0	0
19	752	0	0
19	753	556	557
19	754	0	0
19	755	0	0
19	756	591	592
19	757	732	733
19	758	626	627
19	759	0	0
19	760	0	0
19	761	210	211
19	762	455	456
19	763	914	915
19	764	0	0
19	765	826	827
19	766	802	803
19	767	79	80
19	768	512	609
19	769	526	527
19	770	647	648
19	771	486	487
19	772	579	580
19	773	669	670
19	774	379	380
19	775	919	920
19	776	881	882
19	777	0	0
19	778	0	0
19	779	722	723
19	780	0	0
19	781	0	0
19	782	97	110
19	783	925	926
19	784	0	0
19	785	868	869
19	786	0	0
19	787	741	742
19	788	386	387
19	789	986	987
19	790	871	872
19	791	539	540
19	792	739	740
19	793	518	519
19	794	616	617
19	795	951	952
19	796	0	0
19	797	0	0
19	798	0	0
19	799	691	692
19	800	0	0
19	801	961	962
19	802	876	877
19	803	0	0
19	804	0	0
19	805	0	0
19	806	691	692
19	807	704	705
19	808	460	461
19	809	802	803
19	810	520	521
19	811	638	639
19	812	934	935
19	813	0	0
19	814	559	560
19	815	518	519
19	816	642	643
19	817	691	692
19	818	556	557
19	819	368	369
19	820	426	427
19	821	0	0
19	822	0	0
19	823	741	742
19	824	493	494
19	825	31	98
19	826	0	0
19	827	0	0
19	828	0	0
19	829	0	0
19	830	884	885
19	831	982	983
19	832	684	685
19	833	797	798
19	834	210	211
19	835	533	534
19	836	654	655
19	837	0	0
19	838	0	0
19	839	384	385
19	840	636	637
19	841	886	887
19	842	0	0
19	843	0	0
19	844	0	0
19	845	800	801
19	846	689	690
19	847	0	0
19	848	0	0
19	849	0	0
19	850	938	939
19	851	759	760
19	852	739	740
19	853	368	369
19	854	657	658
19	855	586	587
19	856	647	648
19	857	484	485
19	858	486	487
19	859	429	430
19	860	701	702
19	861	754	755
19	862	728	729
19	863	719	720
19	864	989	990
19	865	0	0
19	866	0	0
19	867	0	0
19	868	0	0
19	869	890	891
19	870	364	365
19	871	0	0
19	872	0	0
19	873	368	369
19	874	812	813
19	875	666	667
19	876	0	0
19	877	0	0
19	878	804	805
19	879	866	867
19	880	666	667
19	881	0	0
19	882	964	965
19	883	728	729
19	884	0	0
19	885	0	0
19	886	0	0
19	887	0	0
19	888	864	865
19	889	539	540
19	890	0	0
19	891	0	0
19	892	250	251
19	893	0	0
19	894	0	0
19	895	568	569
19	896	176	177
19	897	413	414
19	898	638	639
19	899	701	702
19	900	0	0
19	901	0	0
19	902	722	723
19	903	751	752
19	904	893	894
19	905	0	0
19	906	0	0
19	907	687	688
19	908	250	251
19	909	484	485
19	910	826	827
19	911	455	456
19	912	664	665
19	913	893	894
19	914	0	0
19	915	0	0
19	916	0	0
19	917	0	0
19	918	905	906
19	919	0	0
19	920	0	0
19	921	739	740
19	922	741	742
19	923	638	639
19	924	830	831
19	925	0	0
19	926	979	980
19	927	486	487
19	928	905	906
19	929	843	844
19	930	556	557
19	931	0	0
19	932	0	0
19	933	783	784
19	934	0	0
19	935	0	0
19	936	689	690
19	937	559	560
19	938	0	0
19	939	0	0
19	940	780	781
19	941	669	670
19	942	176	177
19	943	797	798
19	944	405	406
19	945	493	494
19	946	0	0
19	947	0	0
19	948	654	655
19	949	734	735
19	950	708	709
19	951	0	0
19	952	967	968
19	953	689	690
19	954	826	827
19	955	745	746
19	956	905	906
19	957	800	801
19	958	528	529
19	959	789	790
19	960	837	838
19	961	0	0
19	962	0	0
19	963	391	392
19	964	0	0
19	965	0	0
19	966	745	746
19	967	0	0
19	968	0	0
19	969	664	665
19	970	734	735
19	971	0	0
19	972	0	0
19	973	403	404
19	974	789	790
19	975	795	796
19	976	783	784
19	977	403	404
19	978	697	698
19	979	0	0
19	980	0	0
19	981	664	665
19	982	0	0
19	983	0	0
19	984	795	796
19	985	800	801
19	986	0	0
19	987	0	0
19	988	986	987
19	989	0	0
19	990	0	0
19	991	765	766
19	992	0	0
19	993	0	0
19	994	657	658
19	995	938	939
19	996	826	827
19	997	919	920
19	998	961	962
19	999	992	993
19	1000	775	776
