13	1	0	0
13	2	1	3
13	3	0	0
13	4	1	3
13	5	2	6
13	6	7	8
13	7	0	0
13	8	0	0
13	9	5	10
13	10	17	18
13	11	2	6
13	12	1	3
13	13	2	6
13	14	9	15
13	15	68	69
13	16	9	15
13	17	32	33
13	18	19	20
13	19	0	0
13	20	0	0
13	21	17	18
13	22	17	18
13	23	7	8
13	24	1	3
13	25	5	10
13	26	5	10
13	27	5	10
13	28	19	20
13	29	7	8
13	30	2	6
13	31	9	15
13	32	0	0
13	33	0	0
13	34	32	33
13	35	32	33
13	36	14	37
13	37	55	56
13	38	14	37
13	39	36	40
13	40	50	51
13	41	32	33
13	42	19	20
13	43	14	37
13	44	7	8
13	45	14	37
13	46	9	15
13	47	36	40
13	48	17	18
13	49	19	20
13	50	0	0
13	51	53	54
13	52	50	51
13	53	66	67
13	54	60	61
13	55	0	0
13	56	0	0
13	57	55	56
13	58	36	40
13	59	36	40
13	60	62	63
13	61	75	76
13	62	0	0
13	63	0	0
13	64	39	65
13	65	89	90
13	66	78	79
13	67	72	73
13	68	0	0
13	69	70	71
13	70	99	100
13	71	0	0
13	72	0	0
13	73	0	0
13	74	53	54
13	75	92	93
13	76	0	0
13	77	50	51
13	78	0	0
13	79	0	0
13	80	53	54
13	81	55	56
13	82	66	67
13	83	64	84
13	84	0	0
13	85	60	61
13	86	50	51
13	87	78	79
13	88	75	76
13	89	0	0
13	90	0	0
13	91	66	67
13	92	0	0
13	93	0	0
13	94	78	79
13	95	60	61
13	96	72	73
13	97	89	90
13	98	62	63
13	99	0	0
13	100	0	0
