24	1	0	0
24	2	1	3
24	3	0	0
24	4	1	3
24	5	1	3
24	6	1	3
24	7	2	8
24	8	9	10
24	9	0	0
24	10	0	0
24	11	9	10
24	12	9	10
24	13	9	10
24	14	7	15
24	15	20	21
24	16	14	17
24	17	18	19
24	18	47	48
24	19	37	38
24	20	24	25
24	21	22	23
24	22	0	0
24	23	0	0
24	24	0	0
24	25	0	0
24	26	2	8
24	27	24	25
24	28	7	15
24	29	18	19
24	30	16	31
24	31	68	69
24	32	30	33
24	33	73	74
24	34	14	17
24	35	14	17
24	36	30	33
24	37	55	56
24	38	49	50
24	39	2	8
24	40	32	41
24	41	43	44
24	42	30	33
24	43	86	87
24	44	45	46
24	45	139	140
24	46	83	84
24	47	0	0
24	48	0	0
24	49	0	0
24	50	0	0
24	51	24	25
24	52	18	19
24	53	47	48
24	54	32	41
24	55	0	0
24	56	0	0
24	57	24	25
24	58	22	23
24	59	45	46
24	60	43	44
24	61	7	15
24	62	7	15
24	63	16	31
24	64	43	44
24	65	22	23
24	66	49	50
24	67	22	23
24	68	98	99
24	69	93	94
24	70	49	50
24	71	16	31
24	72	18	19
24	73	120	121
24	74	80	81
24	75	20	21
24	76	45	46
24	77	16	31
24	78	14	17
24	79	73	74
24	80	175	176
24	81	0	0
24	82	47	48
24	83	137	138
24	84	117	118
24	85	47	48
24	86	106	107
24	87	0	0
24	88	30	33
24	89	43	44
24	90	40	91
24	91	0	0
24	92	49	50
24	93	188	189
24	94	125	126
24	95	32	41
24	96	2	8
24	97	20	21
24	98	0	0
24	99	135	136
24	100	80	81
24	101	80	81
24	102	55	56
24	103	90	104
24	104	0	0
24	105	32	41
24	106	132	133
24	107	177	178
24	108	73	74
24	109	55	56
24	110	68	69
24	111	37	38
24	112	98	99
24	113	83	84
24	114	45	46
24	115	40	91
24	116	20	21
24	117	154	155
24	118	160	161
24	119	98	99
24	120	0	0
24	121	123	124
24	122	93	94
24	123	0	0
24	124	0	0
24	125	128	129
24	126	156	157
24	127	120	121
24	128	0	0
24	129	0	0
24	130	106	107
24	131	98	99
24	132	194	195
24	133	0	0
24	134	128	129
24	135	0	0
24	136	0	0
24	137	180	181
24	138	0	0
24	139	164	165
24	140	145	146
24	141	103	142
24	142	150	151
24	143	55	56
24	144	117	118
24	145	0	0
24	146	0	0
24	147	117	118
24	148	139	140
24	149	86	87
24	150	0	0
24	151	0	0
24	152	139	140
24	153	37	38
24	154	0	0
24	155	0	0
24	156	0	0
24	157	0	0
24	158	154	155
24	159	90	104
24	160	0	0
24	161	0	0
24	162	83	84
24	163	103	142
24	164	0	0
24	165	185	186
24	166	154	155
24	167	132	133
24	168	73	74
24	169	154	155
24	170	128	129
24	171	160	161
24	172	137	138
24	173	132	133
24	174	80	81
24	175	0	0
24	176	0	0
24	177	0	0
24	178	0	0
24	179	40	91
24	180	0	0
24	181	0	0
24	182	139	140
24	183	180	181
24	184	123	124
24	185	0	0
24	186	0	0
24	187	180	181
24	188	0	0
24	189	0	0
24	190	117	118
24	191	137	138
24	192	106	107
24	193	188	189
24	194	0	0
24	195	198	199
24	196	37	38
24	197	120	121
24	198	0	0
24	199	0	0
24	200	0	0
