23	1	0	0
23	2	1	3
23	3	0	0
23	4	1	3
23	5	2	6
23	6	8	9
23	7	1	3
23	8	0	0
23	9	0	0
23	10	1	3
23	11	2	6
23	12	2	6
23	13	8	9
23	14	8	9
23	15	5	16
23	16	76	77
23	17	15	18
23	18	26	27
23	19	5	16
23	20	2	6
23	21	5	16
23	22	17	23
23	23	33	34
23	24	15	18
23	25	5	16
23	26	39	40
23	27	28	29
23	28	31	32
23	29	63	64
23	30	17	23
23	31	0	0
23	32	0	0
23	33	66	67
23	34	87	88
23	35	28	29
23	36	31	32
23	37	17	23
23	38	8	9
23	39	46	47
23	40	55	56
23	41	26	27
23	42	17	23
23	43	28	29
23	44	39	40
23	45	33	34
23	46	0	0
23	47	0	0
23	48	26	27
23	49	39	40
23	50	33	34
23	51	39	40
23	52	46	47
23	53	22	54
23	54	69	70
23	55	0	0
23	56	0	0
23	57	46	47
23	58	15	18
23	59	53	60
23	60	72	73
23	61	55	56
23	62	22	54
23	63	0	0
23	64	0	0
23	65	63	64
23	66	103	104
23	67	122	123
23	68	63	64
23	69	80	81
23	70	217	218
23	71	63	64
23	72	101	102
23	73	221	222
23	74	59	75
23	75	85	86
23	76	112	113
23	77	114	115
23	78	55	56
23	79	22	54
23	80	83	84
23	81	105	106
23	82	15	18
23	83	110	111
23	84	136	137
23	85	91	92
23	86	98	99
23	87	152	153
23	88	118	119
23	89	69	70
23	90	22	54
23	91	179	180
23	92	434	435
23	93	33	34
23	94	80	81
23	95	28	29
23	96	80	81
23	97	91	92
23	98	107	108
23	99	183	184
23	100	76	77
23	101	116	117
23	102	362	363
23	103	154	155
23	104	128	129
23	105	134	135
23	106	523	524
23	107	309	310
23	108	801	802
23	109	98	99
23	110	226	227
23	111	406	407
23	112	0	0
23	113	0	0
23	114	0	0
23	115	0	0
23	116	257	258
23	117	264	265
23	118	172	173
23	119	141	142
23	120	110	111
23	121	76	77
23	122	169	170
23	123	300	301
23	124	55	56
23	125	53	60
23	126	91	92
23	127	59	75
23	128	0	0
23	129	0	0
23	130	66	67
23	131	112	113
23	132	85	86
23	133	114	115
23	134	313	314
23	135	201	202
23	136	291	292
23	137	425	426
23	138	116	117
23	139	83	84
23	140	31	32
23	141	0	0
23	142	0	0
23	143	26	27
23	144	110	111
23	145	116	117
23	146	103	104
23	147	118	119
23	148	118	119
23	149	141	142
23	150	107	108
23	151	66	67
23	152	224	225
23	153	403	404
23	154	0	0
23	155	0	0
23	156	128	129
23	157	91	92
23	158	83	84
23	159	152	153
23	160	110	111
23	161	72	73
23	162	128	129
23	163	101	102
23	164	66	67
23	165	76	77
23	166	114	115
23	167	134	135
23	168	107	108
23	169	0	0
23	170	0	0
23	171	105	106
23	172	0	0
23	173	0	0
23	174	98	99
23	175	169	170
23	176	46	47
23	177	85	86
23	178	69	70
23	179	181	182
23	180	248	249
23	181	203	204
23	182	193	194
23	183	244	245
23	184	197	198
23	185	134	135
23	186	134	135
23	187	98	99
23	188	53	60
23	189	74	190
23	190	753	754
23	191	31	32
23	192	172	173
23	193	372	373
23	194	199	200
23	195	74	190
23	196	114	115
23	197	304	305
23	198	214	215
23	199	322	323
23	200	212	213
23	201	0	0
23	202	0	0
23	203	490	491
23	204	271	272
23	205	72	73
23	206	199	200
23	207	122	123
23	208	69	70
23	209	128	129
23	210	101	102
23	211	203	204
23	212	0	0
23	213	0	0
23	214	228	229
23	215	306	307
23	216	74	190
23	217	238	239
23	218	603	604
23	219	203	204
23	220	201	202
23	221	536	537
23	222	497	498
23	223	197	198
23	224	0	0
23	225	0	0
23	226	0	0
23	227	0	0
23	228	330	331
23	229	296	297
23	230	141	142
23	231	221	222
23	232	203	204
23	233	53	60
23	234	189	235
23	235	289	290
23	236	152	153
23	237	136	137
23	238	278	279
23	239	732	733
23	240	226	227
23	241	136	137
23	242	217	218
23	243	136	137
23	244	377	378
23	245	274	275
23	246	179	180
23	247	201	202
23	248	427	428
23	249	499	500
23	250	199	200
23	251	248	249
23	252	214	215
23	253	107	108
23	254	189	235
23	255	214	215
23	256	201	202
23	257	259	260
23	258	393	394
23	259	465	466
23	260	318	319
23	261	221	222
23	262	234	263
23	263	266	267
23	264	639	640
23	265	570	571
23	266	815	816
23	267	486	487
23	268	259	260
23	269	228	229
23	270	169	170
23	271	364	365
23	272	458	459
23	273	154	155
23	274	447	448
23	275	298	299
23	276	259	260
23	277	83	84
23	278	287	288
23	279	285	286
23	280	183	184
23	281	183	184
23	282	199	200
23	283	152	153
23	284	221	222
23	285	0	0
23	286	0	0
23	287	0	0
23	288	0	0
23	289	509	510
23	290	511	512
23	291	0	0
23	292	0	0
23	293	285	286
23	294	271	272
23	295	224	225
23	296	0	0
23	297	0	0
23	298	585	586
23	299	463	464
23	300	0	0
23	301	0	0
23	302	287	288
23	303	80	81
23	304	419	420
23	305	345	346
23	306	315	316
23	307	350	351
23	308	271	272
23	309	442	443
23	310	369	370
23	311	141	142
23	312	296	297
23	313	0	0
23	314	0	0
23	315	0	0
23	316	0	0
23	317	264	265
23	318	0	0
23	319	0	0
23	320	274	275
23	321	116	117
23	322	0	0
23	323	0	0
23	324	85	86
23	325	257	258
23	326	169	170
23	327	309	310
23	328	259	260
23	329	244	245
23	330	0	0
23	331	0	0
23	332	313	314
23	333	244	245
23	334	244	245
23	335	101	102
23	336	315	316
23	337	296	297
23	338	304	305
23	339	289	290
23	340	224	225
23	341	318	319
23	342	154	155
23	343	330	331
23	344	238	239
23	345	494	495
23	346	356	357
23	347	296	297
23	348	264	265
23	349	87	88
23	350	0	0
23	351	0	0
23	352	87	88
23	353	189	235
23	354	304	305
23	355	122	123
23	356	0	0
23	357	0	0
23	358	181	182
23	359	264	265
23	360	118	119
23	361	59	75
23	362	549	550
23	363	580	581
23	364	0	0
23	365	0	0
23	366	59	75
23	367	318	319
23	368	315	316
23	369	375	376
23	370	572	573
23	371	122	123
23	372	592	593
23	373	479	480
23	374	257	258
23	375	616	617
23	376	708	709
23	377	977	978
23	378	0	0
23	379	74	190
23	380	257	258
23	381	226	227
23	382	372	373
23	383	271	272
23	384	72	73
23	385	318	319
23	386	238	239
23	387	278	279
23	388	298	299
23	389	362	363
23	390	154	155
23	391	372	373
23	392	369	370
23	393	440	441
23	394	559	560
23	395	217	218
23	396	87	88
23	397	193	194
23	398	313	314
23	399	112	113
23	400	298	299
23	401	181	182
23	402	193	194
23	403	0	0
23	404	0	0
23	405	309	310
23	406	0	0
23	407	0	0
23	408	287	288
23	409	112	113
23	410	234	263
23	411	103	104
23	412	197	198
23	413	377	378
23	414	238	239
23	415	345	346
23	416	375	376
23	417	287	288
23	418	304	305
23	419	506	507
23	420	694	695
23	421	393	394
23	422	212	213
23	423	226	227
23	424	322	323
23	425	0	0
23	426	0	0
23	427	452	453
23	428	717	718
23	429	224	225
23	430	300	301
23	431	285	286
23	432	330	331
23	433	189	235
23	434	469	470
23	435	803	804
23	436	181	182
23	437	315	316
23	438	278	279
23	439	419	420
23	440	0	0
23	441	0	0
23	442	626	627
23	443	567	568
23	444	372	373
23	445	356	357
23	446	179	180
23	447	861	862
23	448	612	613
23	449	289	290
23	450	447	448
23	451	274	275
23	452	605	606
23	453	551	552
23	454	362	363
23	455	447	448
23	456	285	286
23	457	364	365
23	458	0	0
23	459	0	0
23	460	377	378
23	461	217	218
23	462	300	301
23	463	0	0
23	464	0	0
23	465	0	0
23	466	0	0
23	467	434	435
23	468	442	443
23	469	0	0
23	470	475	476
23	471	172	173
23	472	291	292
23	473	274	275
23	474	403	404
23	475	987	988
23	476	723	724
23	477	278	279
23	478	179	180
23	479	0	0
23	480	0	0
23	481	419	420
23	482	403	404
23	483	313	314
23	484	442	443
23	485	377	378
23	486	788	789
23	487	866	867
23	488	248	249
23	489	452	453
23	490	544	545
23	491	775	776
23	492	105	106
23	493	434	435
23	494	0	0
23	495	0	0
23	496	234	263
23	497	0	0
23	498	501	502
23	499	590	591
23	500	541	542
23	501	525	526
23	502	504	505
23	503	427	428
23	504	767	768
23	505	622	623
23	506	0	0
23	507	0	0
23	508	442	443
23	509	519	520
23	510	644	645
23	511	0	0
23	512	565	566
23	513	479	480
23	514	322	323
23	515	425	426
23	516	406	407
23	517	193	194
23	518	197	198
23	519	0	0
23	520	556	557
23	521	214	215
23	522	289	290
23	523	553	554
23	524	794	795
23	525	728	729
23	526	674	675
23	527	266	267
23	528	475	476
23	529	501	502
23	530	504	505
23	531	306	307
23	532	103	104
23	533	362	363
23	534	172	173
23	535	506	507
23	536	958	959
23	537	574	575
23	538	511	512
23	539	525	526
23	540	479	480
23	541	841	842
23	542	607	608
23	543	458	459
23	544	0	0
23	545	0	0
23	546	228	229
23	547	499	500
23	548	544	545
23	549	711	712
23	550	654	655
23	551	0	0
23	552	0	0
23	553	0	0
23	554	0	0
23	555	523	524
23	556	620	621
23	557	0	0
23	558	330	331
23	559	0	0
23	560	0	0
23	561	298	299
23	562	266	267
23	563	406	407
23	564	300	301
23	565	900	901
23	566	0	0
23	567	600	601
23	568	578	579
23	569	551	552
23	570	676	677
23	571	0	0
23	572	0	0
23	573	0	0
23	574	755	756
23	575	991	992
23	576	567	568
23	577	499	500
23	578	0	0
23	579	0	0
23	580	843	844
23	581	719	720
23	582	574	575
23	583	572	573
23	584	578	579
23	585	0	0
23	586	0	0
23	587	364	365
23	588	519	520
23	589	553	554
23	590	679	680
23	591	0	0
23	592	0	0
23	593	0	0
23	594	497	498
23	595	553	554
23	596	364	365
23	597	350	351
23	598	509	510
23	599	497	498
23	600	0	0
23	601	0	0
23	602	585	586
23	603	691	692
23	604	790	791
23	605	0	0
23	606	0	0
23	607	0	0
23	608	0	0
23	609	105	106
23	610	403	404
23	611	486	487
23	612	0	0
23	613	0	0
23	614	509	510
23	615	350	351
23	616	0	0
23	617	0	0
23	618	499	500
23	619	600	601
23	620	721	722
23	621	747	748
23	622	0	0
23	623	0	0
23	624	506	507
23	625	228	229
23	626	888	889
23	627	664	665
23	628	248	249
23	629	266	267
23	630	486	487
23	631	549	550
23	632	419	420
23	633	541	542
23	634	620	621
23	635	600	601
23	636	322	323
23	637	463	464
23	638	622	623
23	639	772	773
23	640	0	0
23	641	447	448
23	642	475	476
23	643	541	542
23	644	0	0
23	645	683	684
23	646	475	476
23	647	369	370
23	648	644	645
23	649	565	566
23	650	572	573
23	651	479	480
23	652	511	512
23	653	572	573
23	654	961	962
23	655	876	877
23	656	551	552
23	657	639	640
23	658	585	586
23	659	497	498
23	660	465	466
23	661	551	552
23	662	574	575
23	663	639	640
23	664	0	0
23	665	0	0
23	666	559	560
23	667	607	608
23	668	600	601
23	669	350	351
23	670	519	520
23	671	506	507
23	672	603	604
23	673	592	593
23	674	0	0
23	675	0	0
23	676	0	0
23	677	0	0
23	678	452	453
23	679	0	0
23	680	0	0
23	681	486	487
23	682	574	575
23	683	744	745
23	684	715	716
23	685	183	184
23	686	494	495
23	687	556	557
23	688	644	645
23	689	465	466
23	690	679	680
23	691	0	0
23	692	734	735
23	693	639	640
23	694	0	0
23	695	0	0
23	696	654	655
23	697	549	550
23	698	664	665
23	699	694	695
23	700	463	464
23	701	504	505
23	702	683	684
23	703	234	263
23	704	504	505
23	705	694	695
23	706	644	645
23	707	694	695
23	708	0	0
23	709	0	0
23	710	683	684
23	711	0	0
23	712	849	850
23	713	676	677
23	714	603	604
23	715	782	783
23	716	833	834
23	717	777	778
23	718	759	760
23	719	769	770
23	720	973	974
23	721	0	0
23	722	0	0
23	723	0	0
23	724	0	0
23	725	494	495
23	726	664	665
23	727	683	684
23	728	0	0
23	729	0	0
23	730	369	370
23	731	356	357
23	732	763	764
23	733	0	0
23	734	0	0
23	735	0	0
23	736	541	542
23	737	291	292
23	738	375	376
23	739	519	520
23	740	212	213
23	741	580	581
23	742	440	441
23	743	570	571
23	744	941	942
23	745	835	836
23	746	603	604
23	747	0	0
23	748	912	913
23	749	463	464
23	750	565	566
23	751	393	394
23	752	654	655
23	753	827	828
23	754	0	0
23	755	881	882
23	756	0	0
23	757	553	554
23	758	425	426
23	759	0	0
23	760	0	0
23	761	306	307
23	762	212	213
23	763	0	0
23	764	0	0
23	765	728	729
23	766	356	357
23	767	0	0
23	768	0	0
23	769	0	0
23	770	0	0
23	771	626	627
23	772	0	0
23	773	0	0
23	774	375	376
23	775	0	0
23	776	0	0
23	777	0	0
23	778	0	0
23	779	345	346
23	780	592	593
23	781	719	720
23	782	966	967
23	783	0	0
23	784	465	466
23	785	559	560
23	786	676	677
23	787	559	560
23	788	838	839
23	789	820	821
23	790	0	0
23	791	0	0
23	792	788	789
23	793	782	783
23	794	0	0
23	795	0	0
23	796	262	797
23	797	916	917
23	798	501	502
23	799	772	773
23	800	626	627
23	801	0	0
23	802	0	0
23	803	0	0
23	804	817	818
23	805	763	764
23	806	676	677
23	807	755	756
23	808	769	770
23	809	747	748
23	810	769	770
23	811	570	571
23	812	723	724
23	813	755	756
23	814	578	579
23	815	0	0
23	816	0	0
23	817	0	0
23	818	0	0
23	819	711	712
23	820	878	879
23	821	0	0
23	822	567	568
23	823	345	346
23	824	458	459
23	825	801	802
23	826	536	537
23	827	870	871
23	828	0	0
23	829	580	581
23	830	723	724
23	831	578	579
23	832	622	623
23	833	0	0
23	834	945	946
23	835	909	910
23	836	0	0
23	837	664	665
23	838	0	0
23	839	0	0
23	840	744	745
23	841	0	0
23	842	0	0
23	843	893	894
23	844	947	948
23	845	393	394
23	846	490	491
23	847	501	502
23	848	306	307
23	849	0	0
23	850	0	0
23	851	777	778
23	852	580	581
23	853	622	623
23	854	708	709
23	855	767	768
23	856	509	510
23	857	452	453
23	858	511	512
23	859	833	834
23	860	721	722
23	861	0	0
23	862	0	0
23	863	815	816
23	864	801	802
23	865	721	722
23	866	0	0
23	867	931	932
23	868	691	692
23	869	605	606
23	870	0	0
23	871	0	0
23	872	866	867
23	873	763	764
23	874	626	627
23	875	861	862
23	876	0	0
23	877	0	0
23	878	927	928
23	879	0	0
23	880	782	783
23	881	0	0
23	882	0	0
23	883	490	491
23	884	458	459
23	885	878	879
23	886	881	882
23	887	425	426
23	888	0	0
23	889	0	0
23	890	691	692
23	891	585	586
23	892	838	839
23	893	0	0
23	894	0	0
23	895	654	655
23	896	833	834
23	897	708	709
23	898	744	745
23	899	775	776
23	900	0	0
23	901	0	0
23	902	759	760
23	903	592	593
23	904	620	621
23	905	309	310
23	906	607	608
23	907	815	816
23	908	893	894
23	909	963	964
23	910	922	923
23	911	900	901
23	912	0	0
23	913	0	0
23	914	291	292
23	915	679	680
23	916	0	0
23	917	0	0
23	918	620	621
23	919	567	568
23	920	815	816
23	921	544	545
23	922	0	0
23	923	0	0
23	924	711	712
23	925	888	889
23	926	708	709
23	927	975	976
23	928	0	0
23	929	843	844
23	930	909	910
23	931	997	998
23	932	0	0
23	933	612	613
23	934	544	545
23	935	427	428
23	936	732	733
23	937	772	773
23	938	549	550
23	939	715	716
23	940	803	804
23	941	971	972
23	942	0	0
23	943	262	797
23	944	927	928
23	945	0	0
23	946	0	0
23	947	0	0
23	948	0	0
23	949	719	720
23	950	945	946
23	951	827	828
23	952	734	735
23	953	494	495
23	954	827	828
23	955	732	733
23	956	803	804
23	957	590	591
23	958	0	0
23	959	0	0
23	960	945	946
23	961	0	0
23	962	0	0
23	963	0	0
23	964	968	969
23	965	612	613
23	966	0	0
23	967	0	0
23	968	0	0
23	969	0	0
23	970	947	948
23	971	0	0
23	972	0	0
23	973	0	0
23	974	0	0
23	975	993	994
23	976	0	0
23	977	0	0
23	978	0	0
23	979	827	828
23	980	849	850
23	981	565	566
23	982	977	978
23	983	769	770
23	984	763	764
23	985	968	969
23	986	963	964
23	987	0	0
23	988	0	0
23	989	963	964
23	990	744	745
23	991	0	0
23	992	0	0
23	993	0	0
23	994	995	996
23	995	0	0
23	996	0	0
23	997	0	0
23	998	0	0
23	999	427	428
23	1000	759	760
