32	1	0	0
32	2	1	3
32	3	0	0
32	4	1	3
32	5	1	3
32	6	2	7
32	7	15	16
32	8	1	3
32	9	6	10
32	10	0	0
32	11	2	7
32	12	6	10
32	13	2	7
32	14	2	7
32	15	0	0
32	16	0	0
32	17	15	16
32	18	9	19
32	19	26	27
32	20	18	21
32	21	42	43
32	22	18	21
32	23	9	19
32	24	18	21
32	25	9	19
32	26	39	40
32	27	33	34
32	28	20	29
32	29	0	0
32	30	26	27
32	31	20	29
32	32	6	10
32	33	36	37
32	34	0	0
32	35	9	19
32	36	0	0
32	37	0	0
32	38	33	34
32	39	46	47
32	40	0	0
32	41	6	10
32	42	48	49
32	43	0	0
32	44	15	16
32	45	26	27
32	46	0	0
32	47	0	0
32	48	0	0
32	49	0	0
32	50	0	0
