0	0.0044156530000005745	4
1	0.0045994720000006595	4
2	0.006494682000001362	4
3	0.004465098000000722	4
4	0.005760272999999927	4
5	0.004887636000001194	4
6	0.006729383999999783	4
7	0.004698790000000841	4
8	0.005129432000000378	4
9	0.004501162000000392	4
10	0.0050252119999996125	4
11	0.005199708999999331	4
12	0.004384442999999294	4
13	0.004364325000000946	4
14	0.00462537099999949	4
15	0.004465061999997744	4
16	0.006066271000001677	4
17	0.004381968000000569	4
18	0.004634377999998662	4
19	0.004327517000000114	4
20	0.004987822000000364	4
21	0.005225530000000589	4
22	0.00462882200000081	4
23	0.004830002999998584	4
24	0.0046563800000001265	4
25	0.00497767599999932	4
26	0.004599957000003485	4
27	0.004889690999995366	4
28	0.005138240000000849	4
29	0.004471588999997778	4
-
0	0.009033989999998937	4
1	0.009481988000004549	4
2	0.009687272000000746	4
3	0.010092494999994983	4
4	0.011704760999997177	4
5	0.009305634000000396	4
6	0.00938494399999712	4
7	0.009557705000005967	4
8	0.009893298000001494	4
9	0.009771166000000164	4
10	0.00945877899999914	4
11	0.009793936000001224	4
12	0.009544587999997134	4
13	0.00958936800000032	4
14	0.009535685000003014	4
15	0.010079237000013563	4
16	0.009623838999999634	4
17	0.009330269000003	4
18	0.009574060999995027	4
19	0.00982696900000235	4
20	0.009773831000003952	4
21	0.009976387999998337	4
22	0.009754291999996667	4
23	0.009857660999998075	4
24	0.009731166999998209	4
25	0.00972853900000814	4
26	0.009939415999994594	4
27	0.015858868999998776	4
28	0.009756244000001857	4
29	0.009881303999989655	4
-
0	0.025639983000004918	4
1	0.03031917799999917	4
2	0.028220862999987162	4
3	0.027600981000006186	4
4	0.027302000999995357	4
5	0.030814805999995087	4
6	0.028627963000019463	4
7	0.025033987999989904	4
8	0.027194995999991534	4
9	0.026747801999988496	4
10	0.027536859999997887	4
11	0.027560058999995363	4
12	0.02680172399999492	4
13	0.027899789000002784	4
14	0.026369160000001557	4
15	0.028633573000007573	4
16	0.029766076999976576	4
17	0.028169609000002538	4
18	0.02893053200000395	4
19	0.028712632999997822	4
20	0.028757294999991245	4
21	0.02799580000001356	4
22	0.02911805200000117	4
23	0.02884015500001169	4
24	0.028744027000016104	4
25	0.027812398999998322	4
26	0.028369134999991275	4
27	0.028950108999993063	4
28	0.027451378000023396	4
29	0.028080637000016395	4
-
0	0.053146276000006765	4
1	0.06839175499999328	4
2	0.07073802200000046	4
3	0.07238887999994859	4
4	0.06266141199995445	4
5	0.06575986500001818	4
6	0.06459770099996831	4
7	0.06942262800004073	4
8	0.06475985599996648	4
9	0.06440670199998522	4
10	0.061230426999998144	4
11	0.06508755400000155	4
12	0.06413354199997912	4
13	0.06809573500004262	4
14	0.06504451099999642	4
15	0.0597554230000128	4
16	0.06523226100000556	4
17	0.06835545000001275	4
18	0.06584943699999712	4
19	0.06941931900001919	4
20	0.06700495400002637	4
21	0.06460397199998624	4
22	0.06960206300004756	4
23	0.06537696700002016	4
24	0.061494732999904045	4
25	0.06853050999995958	4
26	0.06505311199998687	4
27	0.06523153399996318	4
28	0.0687374289999525	4
29	0.06320205600002282	4
-
0	0.11832866500003547	4
1	0.13055927899995368	4
2	0.13153113800001393	4
3	0.13722323999991204	4
4	0.13214741100000538	4
5	0.1288714949999985	4
6	0.13251790200001778	4
7	0.13859024199996384	4
8	0.1415322110000261	4
9	0.13471863400002348	4
10	0.13157584600003247	4
11	0.13002057999995031	4
12	0.13163953699995545	4
13	0.13118059999999332	4
14	0.12480227399998967	4
15	0.12970314500000768	4
16	0.13358940899991012	4
17	0.11860931799992613	4
18	0.13305492600011348	4
19	0.1282193270001244	4
20	0.1328055530000256	4
21	0.1355811389998962	4
22	0.13280440199991972	4
23	0.1359980560000622	4
24	0.14166131899992251	4
25	0.13865701899999294	4
26	0.1383577999999943	4
27	0.13825386599978629	4
28	0.13902977500015368	4
29	0.12272983000002569	4
-
0	0.18307241100001193	4
1	0.21658001400010107	4
2	0.21565863800014995	4
3	0.19662339999990763	4
4	0.2093063820000225	4
5	0.20842904300002374	4
6	0.20955997100008972	4
7	0.20750281300001916	4
8	0.20950846799996725	4
9	0.2173252439999942	4
10	0.18864991999998892	4
11	0.20536059500000192	4
12	0.212396531999957	4
13	0.19661365100000694	4
14	0.2072392459999719	4
15	0.2201278520001324	4
16	0.18999684099981096	4
17	0.20788904699998056	4
18	0.2145164199998817	4
19	0.1899863280000318	4
20	0.20629535999978543	4
21	0.21816288299987718	4
22	0.2214086359999783	4
23	0.2109122550000393	4
24	0.1883799860002	4
25	0.21747406199983743	4
26	0.19472377900001447	4
27	0.1946469760000582	4
28	0.20375844899990625	4
29	0.21425508900028944	4
-
0	0.3932027519999792	4
1	0.4293241219997981	4
2	0.4135704400000577	4
3	0.3703272329998981	4
4	0.4251594679999471	4
5	0.4012478730001021	4
6	0.4111034290003772	4
7	0.39633781100019405	4
8	0.38766009299979487	4
9	0.3831224350001321	4
10	0.420703881999998	4
11	0.4234001410000019	4
12	0.4086996370001543	4
13	0.3812426389999928	4
14	0.4255157150000741	4
15	0.43285135099995387	4
16	0.43381157699968753	4
17	0.4424721740001587	4
18	0.41250114800004667	4
19	0.42042145400000663	4
20	0.4410001480000574	4
21	0.4368526730004305	4
22	0.4304026109998631	4
23	0.4370995640001638	4
24	0.43450820300040505	4
25	0.394031148999602	4
26	0.4167089530001249	4
27	0.43526082300013513	4
28	0.38309765699978016	4
29	0.4121669420001126	4
-
0	1.1319803310007046	4
1	1.217876642000192	4
2	1.347309636999853	4
3	1.2635404899992864	4
4	1.3891935330002525	4
5	1.2879926449995764	4
6	1.3691694640001515	4
7	1.3651282709997759	4
8	1.4027372629998354	4
9	1.3254680170002757	4
10	1.409535118000349	4
11	1.287583719000395	4
12	1.3241115000000718	4
13	1.3022990090003077	4
14	1.3629711609992228	4
15	1.3839929910000137	4
16	1.2973990169994067	4
17	1.3357119940001212	4
18	1.3849579409998114	4
19	1.4145896560003166	4
20	1.3927938289998565	4
21	1.299564979999559	4
22	1.3350768529999186	4
23	1.332343519999995	4
24	1.2980694090001634	4
25	1.3203494669996871	4
26	1.3787624079996021	4
27	1.3021366390003095	4
28	1.438480413000434	4
29	1.3024281420002808	4
-
0	1.9209876799995982	4
1	1.9795951750002132	4
2	1.955201484999634	4
3	1.9152513059998455	4
4	1.9713853829998698	4
5	1.9882505820005463	4
6	1.9434233339998173	4
7	1.9837468830010039	4
8	2.0590738110004168	4
9	2.062176126999475	4
10	1.9691024889998516	4
11	2.0146005419992434	4
12	1.9977096040001925	4
13	1.9578424470000755	4
14	2.1194273050004995	4
15	2.0142317560002994	4
16	2.0393532809994213	4
17	1.9968812140014052	4
18	1.9769571359993279	4
19	1.9739222360003623	4
20	2.052119139001661	4
21	2.0025389790007466	4
22	2.0368106299993087	4
23	2.059217942000032	4
24	2.0175490410001657	4
25	1.9972817119996762	4
26	1.9553966610001225	4
27	1.9761597379983868	4
28	1.9991172690006351	4
29	1.969559933997516	4
-
0	2.8349032729965984	4
1	2.9488711080011853	4
2	3.0266572990003624	4
3	3.108740850999311	4
4	3.1635503510005947	4
5	2.9943409469997277	4
6	3.185141093999846	4
7	3.195400550001068	4
8	3.245058885997423	4
9	2.9831785640017188	4
10	2.9288165860016306	4
11	3.699227241999324	4
12	3.3417530430015177	4
13	3.3457115380006144	4
14	3.380835192001541	4
15	3.1507452100013325	4
16	2.985317914000916	4
17	3.076569709999603	4
18	2.980867719001253	4
19	3.1205574630002957	4
20	3.2082323340000585	4
21	2.995146081000712	4
22	3.2642035909993865	4
23	3.1372583330012276	4
24	3.222840026002814	4
25	3.333724053001788	4
26	3.1956522190012038	4
27	3.156051750000188	4
28	3.0148931549992994	4
29	3.0647609240004385	4
-
0	3.2608852769990335	4
1	3.3843630400006077	4
2	3.5138969750005344	4
3	3.321614460001001	4
4	3.6811346209979092	4
5	3.617886792999343	4
6	3.5510916509992967	4
7	3.4668871730027604	4
8	3.447971884001163	4
9	3.2081435410000267	4
10	5.262374260000797	4
11	3.3995211490000656	4
12	3.5320285060006427	4
13	3.4149289240012877	4
14	3.465720444000908	4
15	3.574065259002964	4
16	3.4006395539981895	4
17	3.4859068849982577	4
18	3.3758306730014738	4
19	3.2709468039975036	4
20	3.411639178993937	4
21	3.441362092999043	4
22	3.2983443129996886	4
23	3.252024502995482	4
24	3.7832106610003393	4
25	3.4597627490002196	4
26	3.582363057998009	4
27	3.477164525000262	4
28	3.3221737269996083	4
29	3.331819358005305	4
-
0	3.638481538000633	4
1	3.5848601600009715	4
2	4.1420357980023255	4
3	3.836588054000458	4
4	3.71450245899905	4
5	3.709961934997409	4
6	3.8737160900054732	4
7	3.569648671997129	4
8	3.8439528369999607	4
9	3.734540792996995	4
10	3.9966816300002392	4
11	3.844226233995869	4
12	3.5733380260062404	4
13	3.8956797329956316	4
14	4.09139123299974	4
15	3.899338944000192	4
16	3.9930754649976734	4
17	3.702359027003695	4
18	3.8613385139979073	4
19	3.5992094829998678	4
20	3.6125100000062957	4
21	3.596127204000368	4
22	3.797501185996225	4
23	3.8944256360045983	4
24	3.8859406749979826	4
25	4.023256335000042	4
26	3.9156772470014403	4
27	3.798476331998245	4
28	3.734386263997294	4
29	3.8416137660024106	4
-
0	3.9838468070011004	4
1	4.107730177005578	4
2	3.9999897239977145	4
3	4.188333448000776	4
4	4.244503476998943	4
5	4.461041656002635	4
6	4.24126633600099	4
7	4.011795755002822	4
8	4.232005445002869	4
9	4.073780503000307	4
10	4.296204812002543	4
11	4.293965486998786	4
12	4.2572697779978625	4
13	4.334479678997013	4
14	4.228105470996525	4
15	4.3672859060025075	4
16	4.35948769999959	4
17	3.995063702997868	4
18	3.9558005630024127	4
19	4.0612498490008875	4
20	4.217811653004901	4
21	4.364621441993222	4
22	3.9502773479980533	4
23	4.228428691996669	4
24	4.174829545998364	4
25	4.237370709997776	4
26	4.420361576005234	4
27	4.237191765001626	4
28	4.290347130001464	4
29	4.537084240997501	4
-
0	4.5874235770024825	4
1	4.396088114997838	4
2	4.373698440002045	4
3	4.205966264999006	4
4	4.453111501999956	4
5	4.888166607997846	4
6	4.357050731006893	4
7	4.416117365995888	4
8	4.5207804669917095	4
9	4.599700464008492	4
10	4.431626724996022	4
11	4.4422513649915345	4
12	4.277794522000477	4
13	4.1968636399979005	4
14	4.7425584769953275	4
15	4.392399383010343	4
16	4.48627732899331	4
17	4.298205099999905	4
18	4.583198580992757	4
19	4.296829922997858	4
20	4.4323668319993885	4
21	4.232295070993132	4
22	4.4187108559999615	4
23	4.580297752996557	4
24	4.2934295529994415	4
25	4.694662341004005	4
26	4.874486361994059	4
27	4.347449217006215	4
28	4.700588922001771	4
29	4.504977771997801	4
-
