0	0.0023867439999998297	2
1	0.00252535599999959	2
2	0.002379035999999779	2
3	0.0026698330000005654	2
4	0.0025027420000007794	2
5	0.0025625949999987796	2
6	0.0024029349999992178	2
7	0.0029739739999996573	2
8	0.0023025860000007725	2
9	0.0024241309999997185	2
10	0.0025663540000007146	2
11	0.0024179689999996867	2
12	0.0026101569999994467	2
13	0.002844246999998745	2
14	0.002604079000001036	2
15	0.0026153259999990297	2
16	0.002601289000001117	2
17	0.002401379000000148	2
18	0.002289489999999006	2
19	0.002371312000001069	2
20	0.0024987890000005564	2
21	0.0024049449999985484	2
22	0.0025018289999998444	2
23	0.0024865070000004152	2
24	0.0023273049999978923	2
25	0.0024565360000003977	2
26	0.002375731000000769	2
27	0.002450008000000281	2
28	0.0023091530000023397	2
29	0.002460641000002539	2
-
0	0.0042962290000012615	2
1	0.004862117000001831	2
2	0.0047909940000003814	2
3	0.0046583529999999485	2
4	0.004691695999998302	2
5	0.00481854899999945	2
6	0.0049169109999986915	2
7	0.0047424609999993095	2
8	0.004613102000000424	2
9	0.004922416999999513	2
10	0.005026969000002879	2
11	0.004909379000000769	2
12	0.004805312000002004	2
13	0.008212653000001069	2
14	0.00490979799999991	2
15	0.004864903000004972	2
16	0.004542546999999786	2
17	0.004571138999999391	2
18	0.004810040000002402	2
19	0.004702516999998352	2
20	0.00488959799999833	2
21	0.004792392999995343	2
22	0.004715842999999609	2
23	0.004901695999997457	2
24	0.0046747740000014915	2
25	0.004826440000002208	2
26	0.004653204000000244	2
27	0.00485463500000094	2
28	0.004687784000005024	2
29	0.004897728000003099	2
-
0	0.0125036220000041	2
1	0.012638049999999623	2
2	0.012726110999999207	2
3	0.013176526000002298	2
4	0.01271919799999921	2
5	0.012418605000000582	2
6	0.01336350100000061	2
7	0.013361645999992788	2
8	0.013459668000010083	2
9	0.01275643100001389	2
10	0.013417036999996412	2
11	0.013059202000007986	2
12	0.012515551999996433	2
13	0.01198143700000287	2
14	0.013082812000007493	2
15	0.012263264000011986	2
16	0.013251758999999197	2
17	0.012659988999999428	2
18	0.012544027999993546	2
19	0.013223979999992252	2
20	0.013427679000002968	2
21	0.013373295000008056	2
22	0.01276314700000114	2
23	0.012737999999998806	2
24	0.013639686999994183	2
25	0.012193592000002695	2
26	0.013029723999991916	2
27	0.01320298000000264	2
28	0.013510034999995923	2
29	0.013465228000001161	2
-
0	0.027486549999991894	2
1	0.030801730999996835	2
2	0.030989521999998715	2
3	0.028025934999988067	2
4	0.028309445000019196	2
5	0.029814141999992216	2
6	0.028867829000006395	2
7	0.030297611999998253	2
8	0.02999328100000298	2
9	0.028706072000005634	2
10	0.03004090700000006	2
11	0.026632906999992656	2
12	0.02818561999998792	2
13	0.03016521499998248	2
14	0.03070637499999407	2
15	0.029115355000016052	2
16	0.02903189399998496	2
17	0.030173676999993404	2
18	0.028808623999992733	2
19	0.028517888000010316	2
20	0.028526819000006753	2
21	0.02887027500000272	2
22	0.02715510699999868	2
23	0.029921817000001738	2
24	0.02757111400001122	2
25	0.03164678199999571	2
26	0.02894913400001542	2
27	0.028353871999968305	2
28	0.027197964999970736	2
29	0.028318174999981238	2
-
0	0.05464755700000978	2
1	0.06126530899996396	2
2	0.057733500999972875	2
3	0.059323375000019496	2
4	0.06045527200001288	2
5	0.06131288900002119	2
6	0.05935956199999737	2
7	0.06150965000000497	2
8	0.05737105799994424	2
9	0.056493041999999605	2
10	0.05828454900000679	2
11	0.0636435170000027	2
12	0.061149052000018855	2
13	0.0619252930000016	2
14	0.056658974000015405	2
15	0.05783251799999789	2
16	0.06284223699998392	2
17	0.0595935790000226	2
18	0.06105377699998371	2
19	0.061036033999926076	2
20	0.06194933699998728	2
21	0.06151517499995407	2
22	0.05903695299991796	2
23	0.05968658599999799	2
24	0.05734400800008643	2
25	0.05332709399999658	2
26	0.05938666200006537	2
27	0.06026420900002449	2
28	0.05516028499994263	2
29	0.05424431500000537	2
-
0	0.08981302200004393	2
1	0.09813107000002219	2
2	0.08493210699998599	2
3	0.08413446600002317	2
4	0.08736692699994819	2
5	0.0867981220000047	2
6	0.08660696300000836	2
7	0.0924618259999761	2
8	0.09503167599996232	2
9	0.09708357400006662	2
10	0.09543534499994166	2
11	0.09356935499999963	2
12	0.09469053299994812	2
13	0.09655739100003302	2
14	0.09436212200000682	2
15	0.09569432099999631	2
16	0.0948693990000038	2
17	0.09955286100000649	2
18	0.09588952699994024	2
19	0.09084272600000531	2
20	0.09593953299997793	2
21	0.09537137899997106	2
22	0.09622083199997178	2
23	0.0980254569999488	2
24	0.09147727399999894	2
25	0.09120041000005585	2
26	0.09479193799984387	2
27	0.09574333899990961	2
28	0.09950065600014568	2
29	0.09082238700011658	2
-
0	0.170967593000114	2
1	0.19569896799998787	2
2	0.16926383500003794	2
3	0.17874216899986095	2
4	0.19220438400020612	2
5	0.17009208799981934	2
6	0.1644477459999507	2
7	0.19292628500011233	2
8	0.16711702299994613	2
9	0.1855928629997834	2
10	0.17483451899988722	2
11	0.1904307689999314	2
12	0.1679083939998236	2
13	0.18849256799990144	2
14	0.18237683300003482	2
15	0.18769157600013386	2
16	0.19285267499981273	2
17	0.16722863900008633	2
18	0.19298376100005044	2
19	0.17396566299998995	2
20	0.18093099199995777	2
21	0.18867106599986982	2
22	0.18821161400001074	2
23	0.19304056799978753	2
24	0.18708104400002412	2
25	0.18925391900006616	2
26	0.1961900329999935	2
27	0.1953596319999633	2
28	0.19390627200004928	2
29	0.19084022500010178	2
-
0	0.5357899999999063	2
1	0.5481045620003897	2
2	0.5986299599999256	2
3	0.6050112070001887	2
4	0.6223281170000519	2
5	0.5965715560000717	2
6	0.6267070980002245	2
7	0.5690246940002908	2
8	0.6190960139997514	2
9	0.5794770009997592	2
10	0.5791612950001763	2
11	0.6198238369997853	2
12	0.5967142790000253	2
13	0.5963146009999036	2
14	0.5747628219996841	2
15	0.6106527480001205	2
16	0.6292175550001957	2
17	0.5821114969999144	2
18	0.5666985359998762	2
19	0.6007074770000145	2
20	0.6157635549998304	2
21	0.622341002000212	2
22	0.6045252559997607	2
23	0.617482210000162	2
24	0.6175687279996964	2
25	0.596797307000088	2
26	0.57526733099985	2
27	0.58828131700011	2
28	0.6212277550002909	2
29	0.5963995199999772	2
-
0	0.808663990000241	2
1	0.8762803320005332	2
2	0.8650177810004607	2
3	0.8710553480004819	2
4	0.9120289049997155	2
5	0.8763440410002659	2
6	0.8843523969999296	2
7	0.9072314830000323	2
8	0.9030272899999545	2
9	0.8868715540002086	2
10	0.9013577830000941	2
11	0.892780528000003	2
12	0.938215696000043	2
13	0.8885842299996511	2
14	0.9259831100007432	2
15	0.9034913850000521	2
16	0.8995790330000091	2
17	0.8890512119996856	2
18	0.9257408339999529	2
19	0.8875781479991929	2
20	0.9107567800001561	2
21	0.8929423030003818	2
22	0.909311549999984	2
23	0.9097500380003112	2
24	0.9170403819998683	2
25	0.8955536560006294	2
26	0.9150153800001135	2
27	0.9290382149993093	2
28	0.9130151829995157	2
29	0.9279857889996492	2
-
0	1.2193304570000691	2
1	1.345154626999829	2
2	1.4454722770005901	2
3	1.487051390000488	2
4	1.3662872490003792	2
5	1.4006352549986332	2
6	1.4142317169989838	2
7	1.4412981719997333	2
8	1.3509156569998595	2
9	1.3974512869990576	2
10	1.4359666489999654	2
11	1.4218787999998312	2
12	1.3488941550003801	2
13	1.4345996320007544	2
14	1.4760016569998697	2
15	1.7592803700008517	2
16	1.6261577219993342	2
17	1.5142270739997912	2
18	1.8525338339986774	2
19	1.5384890459990856	2
20	1.591335021001214	2
21	1.4733518579996598	2
22	1.4368593409999448	2
23	1.5170903710004495	2
24	1.5733412419995148	2
25	1.453370791999987	2
26	1.3548631579997163	2
27	1.3546218550000049	2
28	1.4263134409993654	2
29	1.4022248270011914	2
-
0	1.537709181999162	2
1	1.5845071309995546	2
2	1.535403067999141	2
3	1.4587073879993113	2
4	1.5055273449997912	2
5	1.5367269719990873	2
6	1.4711488670000108	2
7	1.6003352950010594	2
8	1.8985442130015144	2
9	1.7342294409991155	2
10	1.6010934920013824	2
11	1.5051560979991336	2
12	1.562489492000168	2
13	1.49762736699995	2
14	1.4449306160004198	2
15	1.5037985990002198	2
16	1.5124637019998772	2
17	1.5950312900004064	2
18	1.5606706779999513	2
19	1.5696365280000464	2
20	1.5194059690002177	2
21	1.5600517419989046	2
22	1.5757171859986556	2
23	1.5444475660005992	2
24	1.4536156229987682	2
25	1.4566403819990228	2
26	1.582295134998276	2
27	1.483887076999963	2
28	1.5556552260022727	2
29	1.570712436001486	2
-
0	1.884666896003182	2
1	1.7686564219984575	2
2	1.6069509650005784	2
3	1.7541725729970494	2
4	1.6921268900005089	2
5	1.5836964110021654	2
6	1.8327553700000863	2
7	1.7499893419990258	2
8	1.7716000109976449	2
9	1.6191787419993489	2
10	1.715475166998658	2
11	1.693604249998316	2
12	1.72427709099793	2
13	1.8338111660013965	2
14	1.702584848000697	2
15	1.7304899560003832	2
16	1.8981958920012403	2
17	1.7208308989975194	2
18	1.655886324999301	2
19	1.7436649999981455	2
20	1.6484716570012097	2
21	1.7397823150022305	2
22	1.7202996599990001	2
23	1.608728818999225	2
24	1.717299407999235	2
25	1.6209722589992452	2
26	1.7102409449980769	2
27	1.7939498929990805	2
28	1.7291628839993791	2
29	1.6494522469984076	2
-
0	1.8673271980005666	2
1	1.7821225309999136	2
2	1.8056531389993324	2
3	1.8630256329997792	2
4	2.007615167996846	2
5	2.0873861750005744	2
6	1.9546393080017879	2
7	1.9874628239995218	2
8	1.8535515099974873	2
9	1.8839556300008553	2
10	1.9935669980004604	2
11	1.8659615329997905	2
12	1.8835584549997293	2
13	1.8442377350002062	2
14	1.8862831269980234	2
15	1.8195785309981147	2
16	1.9821102839996456	2
17	1.8809134470029676	2
18	1.9091253629994753	2
19	1.8366427700020722	2
20	2.010377728001913	2
21	1.9142679839969787	2
22	1.920476626000891	2
23	1.9024819820006087	2
24	1.9213402079985826	2
25	1.9073181669991754	2
26	1.903535847999592	2
27	1.8648476820017095	2
28	1.7495367150004313	2
29	1.8538963890023297	2
-
0	1.944288342998334	2
1	1.9077874620015791	2
2	2.000824480997835	2
3	2.0518008619983448	2
4	2.2228071990030003	2
5	1.9011982060001174	2
6	1.8968560399989656	2
7	1.9954997029999504	2
8	1.9314640080010577	2
9	1.8526431959980982	2
10	1.9733743890028563	2
11	2.156992544998502	2
12	2.306925955999759	2
13	2.0619717490008043	2
14	2.312835279000865	2
15	2.052178476998961	2
16	2.1046493540015945	2
17	1.934082756000862	2
18	1.9182728140003746	2
19	1.9057203289994504	2
20	2.25610759600022	2
21	1.9254199319984764	2
22	2.188790506999794	2
23	1.9324623540014727	2
24	2.0142122940014815	2
25	2.099704815998848	2
26	1.9853532690030988	2
27	2.054079590998299	2
28	1.9163838519962155	2
29	1.8867780060027144	2
-
