0	0.7861680440000001	4
1	0.931508442000001	4
2	0.9588439060000002	4
3	0.8016938709999994	4
4	1.0848675179999994	4
5	0.9334946479999999	4
6	1.0821697030000017	4
7	0.8906917809999992	4
8	1.0931708479999998	4
9	0.8766032810000013	4
10	1.0802909130000025	4
11	1.0842556249999973	4
12	0.8309334790000023	4
13	0.8940040180000004	4
14	0.9133828650000027	4
15	0.8848856420000004	4
16	0.8350898099999995	4
17	0.7985060479999966	4
18	0.9246687850000015	4
19	0.811989147000002	4
20	1.074925095000001	4
21	1.0852458690000013	4
22	0.9050780970000005	4
23	1.095156683999999	4
24	0.983695645000001	4
25	1.0951782709999982	4
26	0.9424492719999975	4
27	1.0780374530000003	4
28	1.0874480149999997	4
29	0.8517903290000035	4
-
0	2.259086758999999	4
1	1.966184374000001	4
2	2.0716450620000018	4
3	2.1786857569999967	4
4	1.9260717430000014	4
5	1.8824218730000055	4
6	1.8563816369999984	4
7	2.102396932000005	4
8	2.222923136999995	4
9	1.8972201839999983	4
10	1.9483882239999986	4
11	2.030019177	4
12	1.920519059	4
13	2.0176172759999957	4
14	2.100571475999999	4
15	2.229121089000003	4
16	1.9766527820000022	4
17	1.7588762700000018	4
18	1.974096540000005	4
19	2.153403431000001	4
20	2.134867572999994	4
21	2.004160482000003	4
22	1.8365531290000092	4
23	2.0222567839999925	4
24	1.9342865770000088	4
25	1.8856657490000117	4
26	1.9970882490000008	4
27	2.047090419	4
28	1.8865770980000036	4
29	2.0114272710000023	4
-
0	5.762808937999992	4
1	5.513043620999994	4
2	5.570068262999996	4
3	5.123348753000002	4
4	5.177635210999995	4
5	5.706402765000007	4
6	6.02111877599998	4
7	4.337953369000019	4
8	5.7231061139999895	4
9	5.113871375999992	4
10	5.3415389000000175	4
11	5.102832532999997	4
12	4.987076141999978	4
13	5.84140972900002	4
14	5.280101773000013	4
15	5.875332630000003	4
16	5.715889032999996	4
17	5.272168062999981	4
18	5.569938022999992	4
19	6.1794553599999915	4
20	6.01070562000001	4
21	5.137833379999989	4
22	5.714999048999999	4
23	5.64774875400002	4
24	5.661880718999981	4
25	5.207399934999984	4
26	5.488677762999998	4
27	5.743915203	4
28	5.096609654000019	4
29	5.301922443999956	4
-
0	9.478992720999997	4
1	12.590249660999973	4
2	12.57048298899997	4
3	12.599875628000007	4
4	10.918342843999994	4
5	11.27261324799997	4
6	10.419984732000046	4
7	12.66357345199998	4
8	10.759139932999972	4
9	11.225282993000008	4
10	11.051899712999955	4
11	10.467681535999986	4
12	10.439660935999996	4
13	12.56598032300002	4
14	10.445159202000013	4
15	9.827683288999992	4
16	10.846816979000039	4
17	12.424374956999998	4
18	10.646816372999979	4
19	12.760392040999989	4
20	11.804919063	4
21	10.352786626999944	4
22	12.61616397299997	4
23	10.52602160999993	4
24	10.299392535999914	4
25	12.532471409000095	4
26	11.122072479000053	4
27	10.721290181999962	4
28	12.643459886000073	4
29	11.385743544999968	4
-
0	23.201715649999983	4
1	24.00763065199999	4
2	22.760189487999924	4
3	24.213309725000045	4
4	23.127281889000074	4
5	23.934677684999997	4
6	22.928536718000032	4
7	26.91922178699997	4
8	26.000804220999953	4
9	22.97355689999995	4
10	22.462454923999985	4
11	23.799030213999913	4
12	23.920707630000038	4
13	24.804392948999975	4
14	21.745012420999956	4
15	25.09514746399998	4
16	24.526055724000003	4
17	19.71655359300007	4
18	24.737716925999848	4
19	22.937221820000104	4
20	23.110977565999974	4
21	23.029787687999942	4
22	22.918308369999977	4
23	24.818278095999858	4
24	28.326576549000038	4
25	25.352070830999992	4
26	25.550321252000003	4
27	24.603070808999973	4
28	24.328517007000073	4
29	20.961489148000055	4
-
0	35.956290384999875	4
1	42.15273612299984	4
2	37.685876388999986	4
3	32.15057646299988	4
4	40.22717742299983	4
5	36.49339139899985	4
6	37.626718282999946	4
7	37.043025700000044	4
8	37.73296597700005	4
9	40.77031531800003	4
10	30.332935300999907	4
11	37.70757770299997	4
12	38.00508055699993	4
13	34.08425285599992	4
14	37.579437423999934	4
15	38.113719187000015	4
16	30.811661033000064	4
17	37.564108827000155	4
18	37.295095430000174	4
19	30.831493575999957	4
20	37.690577657000176	4
21	41.537998437999704	4
22	42.567192002999946	4
23	37.54861555200023	4
24	30.567932974000087	4
25	40.59879173699983	4
26	32.544235711000056	4
27	34.223847153000406	4
28	35.608101640000314	4
29	40.60119099099984	4
-
0	72.25015932499991	4
1	72.7073559559999	4
2	62.31073290400036	4
3	54.454962519999754	4
4	74.86515147199998	4
5	64.75567589399998	4
6	62.68811211299999	4
7	60.299871018999966	4
8	61.37957743200013	4
9	59.28048451599989	4
10	67.43298906900009	4
11	67.19461150300003	4
12	65.3314761900001	4
13	57.44863126099972	4
14	71.14599133299998	4
15	67.85215285200002	4
16	73.23783882700036	4
17	70.16038593199983	4
18	68.43686182900001	4
19	67.4125632070004	4
20	73.28357965199984	4
21	68.2966067059997	4
22	63.46629395000036	4
23	69.07608958600031	4
24	64.05999037899983	4
25	61.97125973200036	4
26	67.29492638100055	4
27	67.75566834500023	4
28	57.85879258600016	4
29	67.87759754400031	4
-
0	130.23364031799974	4
1	133.11575183100013	4
2	160.25310958299997	4
3	131.9376080559996	4
4	160.5867293150004	4
5	134.1129232989997	4
6	158.4952559860003	4
7	152.82541660700008	4
8	155.01088282199999	4
9	137.11655343099937	4
10	155.66611956699944	4
11	130.155733908	4
12	133.02399851999962	4
13	131.32745399000032	4
14	143.9025898660002	4
15	151.2034399669992	4
16	132.44800825399943	4
17	138.84461941800055	4
18	151.97859014200003	4
19	154.0340351470004	4
20	151.18366637599956	4
21	130.68031669599986	4
22	133.44701119300044	4
23	137.87865148200035	4
24	131.7425159710001	4
25	134.3347525399986	4
26	150.89961743300046	4
27	130.50511665199883	4
28	158.28820278799867	4
29	130.9143268730004	4
-
0	235.82029037100074	4
1	235.41828252699997	4
2	203.13236899599906	4
3	202.1347196480001	4
4	221.9103363819995	4
5	238.26080631100012	4
6	220.5380286489999	4
7	223.89060993100065	4
8	229.48613578099867	4
9	235.86377674200048	4
10	207.3743640949997	4
11	221.45622455800003	4
12	205.61714917000063	4
13	205.87529854200147	4
14	231.46076947099937	4
15	205.36333336399912	4
16	220.93018047999976	4
17	204.25658823399863	4
18	207.20382711000093	4
19	202.5728143209999	4
20	236.17046978399958	4
21	202.67741417400066	4
22	222.6052492259987	4
23	218.29914333899978	4
24	229.35970899800122	4
25	214.8437574790005	4
26	201.4159458740014	4
27	212.0001090149999	4
28	207.09148184999867	4
29	213.68269757899907	4
-
0	282.7027310630001	4
1	303.7607039399991	4
2	305.7621847690025	4
3	327.23944653700164	4
4	317.09849769300126	4
5	274.59270275499875	4
6	299.7303721410026	4
7	311.46559795199937	4
8	294.81671241300137	4
9	270.6160427670002	4
10	373.0128952390005	4
11	334.9291610399996	4
12	316.0040884959999	4
13	329.315319284	4
14	331.47182441399855	4
15	295.51247783899817	4
16	269.9432254919993	4
17	303.41244671000095	4
18	272.3185240720013	4
19	296.05118656299965	4
20	322.9126491909992	4
21	277.7530193849998	4
22	363.43342897000184	4
23	298.30187395699977	4
24	321.3970703679988	4
25	332.5874364810006	4
26	318.80395930600207	4
27	304.0978746010005	4
28	276.4081176710024	4
29	290.8071495229997	4
-
0	286.42280305500026	4
1	327.94828943500033	4
2	330.75262826299877	4
3	316.7913312310011	4
4	357.56691975099966	4
5	317.6048170139984	4
6	353.9185147640019	4
7	311.2087434810019	4
8	333.15939767099917	4
9	274.43369289900147	4
10	329.07144492399675	4
11	292.8640414520014	4
12	343.06706915700124	4
13	291.7402546059966	4
14	330.4527241169999	4
15	348.93982397899526	4
16	296.336098591004	4
17	317.5343570700061	4
18	296.27608642900304	4
19	285.4352685769991	4
20	312.0474066759998	4
21	310.38886946500133	4
22	290.12356750700565	4
23	288.2961598789989	4
24	362.6340769449962	4
25	313.97979910999857	4
26	338.05823943099676	4
27	312.54816472400125	4
28	294.81794726100634	4
29	295.7870430479961	4
-
0	333.6299867859998	4
1	303.3976937500047	4
2	383.565646259005	4
3	335.331455861	4
4	299.3720809189981	4
5	344.074260606998	4
6	363.6534600929954	4
7	293.62309403700056	4
8	351.40824478399736	4
9	346.91632579	4
10	364.32192096699873	4
11	330.18579306000174	4
12	293.0117080689961	4
13	333.9319155179983	4
14	383.0781967639996	4
15	336.39156103500136	4
16	361.5703119259997	4
17	299.81808596599876	4
18	329.333788912998	4
19	298.65354795200255	4
20	304.18400303900125	4
21	305.2946650099984	4
22	357.69322079700214	4
23	376.30772091599647	4
24	353.8615722149989	4
25	369.5122538620053	4
26	333.18305195099674	4
27	343.8603876740017	4
28	341.8894362869978	4
29	334.27120296799694	4
-
0	326.5623868669936	4
1	324.7868021359973	4
2	313.4307017730025	4
3	329.6766380199988	4
4	355.10735897700215	4
5	393.1958444319971	4
6	382.9215125460032	4
7	314.44242882499384	4
8	346.15860070000053	4
9	351.1186400380029	4
10	377.03373426100006	4
11	386.2165494000001	4
12	385.19594870299625	4
13	356.47104996899725	4
14	365.52866904200346	4
15	360.8122339399997	4
16	403.49549243500223	4
17	333.01559441800055	4
18	331.4739404560023	4
19	362.39298450700153	4
20	349.7257466750016	4
21	398.6311808229948	4
22	339.8731760200026	4
23	345.3908123910005	4
24	379.0161863999965	4
25	380.0012588549944	4
26	392.32328840000264	4
27	347.0896661250008	4
28	355.93738210800075	4
29	401.49348935799935	4
-
0	368.0292330939992	4
1	330.15202486600174	4
2	328.9191492499958	4
3	316.0416247510002	4
4	348.6241486380022	4
5	412.9670197309897	4
6	327.18874381099886	4
7	336.9487551009952	4
8	344.43587798399676	4
9	358.496860594998	4
10	343.94646280900633	4
11	339.2163678310026	4
12	329.01650324799994	4
13	317.4317938470049	4
14	380.0034751350031	4
15	325.2238502340042	4
16	339.15232906299934	4
17	332.8364521750045	4
18	356.73473796599137	4
19	323.6147632130014	4
20	343.1751965000003	4
21	320.41521687699424	4
22	336.58261839300394	4
23	382.72995373500453	4
24	320.2520374410087	4
25	379.66638854199846	4
26	416.7358914869983	4
27	320.9063568349957	4
28	395.80591863598966	4
29	362.15683755899954	4
-
