0	0.40971322499999996	2
1	0.5081083209999999	2
2	0.45595762900000025	2
3	0.5112866139999994	2
4	0.3945855749999989	2
5	0.4268681019999985	2
6	0.44694487199999955	2
7	0.5107070050000004	2
8	0.40659071099999977	2
9	0.4236070279999993	2
10	0.5146810439999996	2
11	0.4563782270000001	2
12	0.5101001949999997	2
13	0.5084852659999992	2
14	0.4277630769999998	2
15	0.5154454790000003	2
16	0.5075384590000009	2
17	0.3753239199999996	2
18	0.4216803209999984	2
19	0.45142250700000197	2
20	0.4280457449999986	2
21	0.4467424820000012	2
22	0.5103254759999984	2
23	0.514056385	2
24	0.4427636580000005	2
25	0.5053244509999999	2
26	0.42846176699999816	2
27	0.5119009659999989	2
28	0.3728804650000015	2
29	0.42586565300000245	2
-
0	0.9372766319999997	2
1	1.0654441500000011	2
2	0.8742907520000003	2
3	0.894768195000001	2
4	0.9296777729999981	2
5	1.0021719400000002	2
6	0.9697730580000012	2
7	0.9353694529999999	2
8	0.8849627310000017	2
9	1.063106942000001	2
10	1.0353380970000003	2
11	1.0808501789999987	2
12	0.9605596350000027	2
13	0.9486881770000011	2
14	1.0441971499999951	2
15	0.9613942379999969	2
16	0.9344003200000017	2
17	0.8919669300000024	2
18	1.040831439999998	2
19	0.9973345550000019	2
20	1.055289178999999	2
21	1.0408966230000019	2
22	0.9184754919999989	2
23	0.909094979999999	2
24	0.9512140550000012	2
25	1.003737743000002	2
26	0.8838537760000023	2
27	1.0430265349999956	2
28	0.9571298970000015	2
29	0.946699780000003	2
-
0	2.864884657999994	2
1	2.353901448000002	2
2	2.3385470849999948	2
3	2.703079101	2
4	2.341615318999999	2
5	2.499336042000003	2
6	2.717850538999997	2
7	2.862128129999988	2
8	2.6897746319999953	2
9	2.718475897999994	2
10	2.742874220999994	2
11	2.584360238000002	2
12	2.2768984329999995	2
13	2.284017160999994	2
14	2.6137392719999895	2
15	2.3102130219999992	2
16	2.764783859000005	2
17	2.249807224999998	2
18	2.388165258000001	2
19	2.8192317559999935	2
20	2.645928697000002	2
21	2.7346182609999943	2
22	2.3863883389999927	2
23	2.3811070269999988	2
24	2.7943008839999948	2
25	2.2351406760000003	2
26	2.6496009890000067	2
27	2.631601986000007	2
28	2.7338404860000054	2
29	2.6962293079999853	2
-
0	5.089561341999996	2
1	5.8980372770000145	2
2	6.053447295000012	2
3	5.101321374000008	2
4	5.214075105000006	2
5	4.693537042999992	2
6	5.459877788	2
7	6.264484164999999	2
8	5.826969407000007	2
9	5.074869398999994	2
10	5.968084295000011	2
11	4.725750087999984	2
12	5.745443405999993	2
13	6.0389615160000005	2
14	6.1624662190000095	2
15	5.8689057969999965	2
16	5.273313158000008	2
17	6.161082110999985	2
18	5.200481058999998	2
19	5.067640756000003	2
20	5.271868580999978	2
21	5.514929171000006	2
22	4.590043845999986	2
23	5.082187744000009	2
24	5.453930834999994	2
25	5.824806211000009	2
26	5.27619611800003	2
27	5.194589769000004	2
28	4.903869113000042	2
29	5.16531017799997	2
-
0	11.26847527199999	2
1	12.264809441000011	2
2	11.978052967999986	2
3	11.428909303000012	2
4	11.840683366000007	2
5	12.183560537000005	2
6	10.958893981000017	2
7	11.122746341000038	2
8	11.842736963999982	2
9	10.73720413899997	2
10	10.840189319999979	2
11	12.741769259999955	2
12	12.12135668000002	2
13	12.48574819800001	2
14	9.952200303999973	2
15	10.919347684999991	2
16	12.449336004999964	2
17	11.31036854399997	2
18	11.96769963700001	2
19	11.256941347000065	2
20	12.024792487000013	2
21	11.137343165000061	2
22	10.664924216000031	2
23	11.622323147999964	2
24	11.596888865999972	2
25	9.700037100000031	2
26	12.286544619999972	2
27	11.228660937000086	2
28	10.257488903999956	2
29	10.390507146000004	2
-
0	17.38335866400007	2
1	18.38205385399999	2
2	13.940338415999918	2
3	14.225159757000029	2
4	16.161150713000097	2
5	15.097290732999909	2
6	15.331880181999963	2
7	16.65366053699995	2
8	17.742186869999955	2
9	19.752432377000105	2
10	17.313372974000004	2
11	15.43319584599999	2
12	19.299973332000036	2
13	18.62311879899994	2
14	16.749689544000034	2
15	16.932634644000018	2
16	16.368441125000004	2
17	17.265472782000074	2
18	16.911073518999956	2
19	16.987354412999935	2
20	17.324381822000078	2
21	18.49464225099996	2
22	18.839146235000044	2
23	19.592949126999883	2
24	15.83761820299992	2
25	16.71261137900001	2
26	16.56197046399984	2
27	17.152031822000026	2
28	17.354434013999935	2
29	15.953367171000082	2
-
0	29.057423107999966	2
1	33.60704896999982	2
2	24.59439352100003	2
3	28.773622166999985	2
4	30.910247575000085	2
5	25.444673444000045	2
6	24.693256137999924	2
7	32.061493144999986	2
8	24.659580991999974	2
9	30.464008764000027	2
10	27.254836911999973	2
11	33.30541650500004	2
12	24.169039038999927	2
13	31.05737873599992	2
14	30.157923914000094	2
15	30.563662569000144	2
16	32.63571865500012	2
17	24.45930812100005	2
18	36.08827391099999	2
19	26.22827782299987	2
20	28.898161081000126	2
21	29.224712632999854	2
22	30.479473483999982	2
23	30.518701317000023	2
24	29.135642767000036	2
25	30.116397665000022	2
26	30.64343146200008	2
27	35.08601606000002	2
28	30.75769563699987	2
29	30.414241832999778	2
-
0	68.4142371769999	2
1	61.360141742999986	2
2	75.3611549999996	2
3	74.19231516699983	2
4	72.48646445399982	2
5	70.2113858419998	2
6	73.56439599999976	2
7	61.72038559900011	2
8	70.64558563999981	2
9	63.700215274999664	2
10	64.59599320300003	2
11	71.12625856600016	2
12	64.62992506699993	2
13	66.32207725399985	2
14	63.99661895899999	2
15	70.21186414000022	2
16	71.61703650399977	2
17	63.74889492300008	2
18	62.89400277999994	2
19	67.71321904900014	2
20	72.4456853810002	2
21	70.27946229100007	2
22	70.67696488900037	2
23	69.46191973100031	2
24	72.48489347499981	2
25	63.08688209999991	2
26	62.19266458400034	2
27	64.53255532499998	2
28	72.99862381100047	2
29	67.59107081500042	2
-
0	94.0761014640002	2
1	95.96612110499973	2
2	92.72542099699967	2
3	98.21310048099986	2
4	112.35184451900022	2
5	104.78232551599922	2
6	97.38907895899956	2
7	111.58666164899932	2
8	110.83783918099925	2
9	95.51994270700015	2
10	107.29662667600041	2
11	98.60501882600056	2
12	107.3219560739999	2
13	104.68560181399971	2
14	97.42944859100044	2
15	114.55786066500059	2
16	103.57053126999926	2
17	97.95734611599983	2
18	113.25342182099939	2
19	94.14465827300046	2
20	107.15098231299999	2
21	100.9455710659995	2
22	95.83527943499939	2
23	96.1720834050002	2
24	96.37866801100063	2
25	94.94464687799973	2
26	107.3674053779996	2
27	111.97410093599956	2
28	95.74524033500074	2
29	113.38423082899953	2
-
0	129.1209023319998	2
1	146.61720390000028	2
2	133.40167870499954	2
3	160.07331748199977	2
4	130.99935424199975	2
5	133.9365462980004	2
6	159.52968779000003	2
7	155.816975705	2
8	123.90008073699937	2
9	133.8754268320008	2
10	138.70553813999868	2
11	160.67697443900033	2
12	126.73197117199925	2
13	241.80919561500014	2
14	151.1859809180005	2
15	141.25160087900076	2
16	162.96456421699986	2
17	164.43873826699928	2
18	173.76098096499845	2
19	132.3485180759999	2
20	138.6970359650004	2
21	136.16794196400042	2
22	138.99161565299983	2
23	159.06504547499935	2
24	161.33696446700014	2
25	131.72596302300008	2
26	124.97538772400003	2
27	135.21137921800073	2
28	138.82089799300047	2
29	134.161865348	2
-
0	143.23529723200045	2
1	161.6157332290004	2
2	141.9043239700004	2
3	137.41428297200036	2
4	140.84082010400016	2
5	142.38034393599992	2
6	133.98704235900004	2
7	166.16336539900112	2
8	186.91647155200008	2
9	162.98533157600104	2
10	142.66974841800038	2
11	150.94916631200067	2
12	145.15546711199931	2
13	151.6069536440009	2
14	137.68882097499954	2
15	143.1637311909999	2
16	147.67969814699973	2
17	167.90515597899866	2
18	149.49709919500128	2
19	143.59500864500114	2
20	139.2268581089993	2
21	160.47954818000107	2
22	147.28726359100074	2
23	143.38546091700118	2
24	130.09958995600027	2
25	132.35204636400158	2
26	164.82995923199996	2
27	131.7037758530023	2
28	167.14005819900194	2
29	161.51738320599907	2
-
0	151.64491971200187	2
1	171.2909761330011	2
2	138.982571034001	2
3	160.86038833400016	2
4	139.12802916899818	2
5	147.16913493700122	2
6	170.99781978900137	2
7	151.08946322300108	2
8	149.4326848769997	2
9	139.51295140799994	2
10	153.9107377170003	2
11	163.4224103159977	2
12	169.17473117999907	2
13	181.75486878599986	2
14	150.23032843300098	2
15	149.96731384099985	2
16	182.1992735189997	2
17	168.6619676170012	2
18	177.74186645499867	2
19	150.31077979999827	2
20	152.64720887300064	2
21	152.97148033999838	2
22	152.36678037300226	2
23	139.4895257600001	2
24	174.87058679500115	2
25	146.52066725700206	2
26	148.54709458899742	2
27	176.6141398180007	2
28	150.99632026999825	2
29	140.97925147799833	2
-
0	160.20517422400007	2
1	160.26265314000193	2
2	157.96551284199813	2
3	158.6237022230016	2
4	179.76010897399829	2
5	180.09997490199748	2
6	175.5120387809984	2
7	162.67900231599924	2
8	146.50456372100234	2
9	151.81544698600192	2
10	188.31140360000063	2
11	160.3782020280014	2
12	173.42716121799822	2
13	157.46156362599868	2
14	179.74428771900057	2
15	149.45448354499968	2
16	183.2456722579991	2
17	159.61354801299967	2
18	180.46575252099865	2
19	152.0654539499992	2
20	194.0363955419998	2
21	161.94868638499975	2
22	184.5283294159999	2
23	179.3279187980006	2
24	183.31097901999965	2
25	159.82214866399954	2
26	161.96097926899893	2
27	160.35421628599943	2
28	152.722253437998	2
29	179.94054429400057	2
-
0	155.9209983969995	2
1	148.90495136999743	2
2	168.44128553399787	2
3	167.90987766500257	2
4	192.7211525849998	2
5	150.11915186199985	2
6	148.59604492599829	2
7	159.9413075329976	2
8	154.15849014099877	2
9	146.8001191259973	2
10	156.85948103400005	2
11	193.58258976800062	2
12	171.8614970760027	2
13	166.40721167499942	2
14	193.02774567899905	2
15	167.72407973000008	2
16	171.02696611600186	2
17	150.42525272700004	2
18	150.34021570500045	2
19	150.83539636500063	2
20	193.94272543199986	2
21	151.8701396409997	2
22	198.6842030279986	2
23	149.24908105099894	2
24	169.9948012629975	2
25	168.2516357459972	2
26	156.97056656800123	2
27	175.24130573299772	2
28	152.18081890199392	2
29	149.63085138399765	2
-
