10
600	163.59463328200002
650	178.49862010200002
700	189.22453379200005
750	206.02662031300008
800	214.872379455
850	237.36017595499993
900	253.58305832099995
950	270.64004370400016
1000	285.74040291999995
1050	300.1024823759999
1100	313.9218470380001
1150	320.0634390979999
1200	341.5068888620003
1250	356.108204568
1300	372.214008205
1350	386.45862259800015
1400	393.1572101069996
1450	408.63457334899977
1500	422.99495054700037
1550	440.19186459200046
1600	457.42230334099986
1650	469.9108791990002
1700	484.7275006789996
1750	496.0197181600006
1800	513.1320526750005
1850	527.4974223419995
1900	545.9386723120006
1950	555.2416773919995
2000	569.9297098070001
2050	584.4250965240008
2100	599.2461967559993
2150	614.8678909090013
2200	629.8091835710002
2250	640.1829361
2300	641.0365175299994
2350	643.0327100080012
2400	642.9362966359986
2450	645.5949709779998
2500	647.083022742001
2550	644.6859675300002
2600	645.7708658580013
2650	646.9587038669997
2700	651.2598981560004
2750	648.5688377609986
50
50
50
60	105.639399099
110	202.339252675
160	284.93361903199997
210	379.924230794
260	463.737464208
310	546.316854449
50
220	370.039133395
270	452.642434201
320	593.249319598
100
100	352.84157717000005
150	510.280496216
100
170	623.5197487410001
500
70	691.736764602
500
50	668.930168587
1000
10	345.09294602
20	668.8936370470001
1500
10	522.520554392
11	584.4990911859999
12	613.5003887160001
2000
6	457.924873274
7	542.361259432
8	630.131348657
2400
5	379.167937385
6	459.762504335
7	546.068154076
8	637.1619972500002
