1.1102230246251565e-16	0.3333333333333333
1.1102230246251565e-16	0.3333333333333333
1.3877787807814457e-17	0.3333333333333333
1.1102230246251565e-16	0.3333333333333333
1.1102230246251565e-16	0.3333333333333333
1.1102230246251565e-16	0.3333333333333333
1.3877787807814457e-17	0.3333333333333333
6.938893903907228e-18	0.3333333333333333
1.1102230246251565e-16	0.3333333333333333
1.1102230246251565e-16	0.3333333333333333
1.1102230246251565e-16	0.3333333333333333
1.1102230246251565e-16	0.3333333333333333
1.1102230246251565e-16	0.3333333333333333
1.3877787807814457e-17	0.3333333333333333
6.938893903907228e-18	0.3333333333333333
6.938893903907228e-18	0.3333333333333333
2.220446049250313e-16	0.3333333333333333
1.1102230246251565e-16	0.3333333333333333
1.1102230246251565e-16	0.3333333333333333
2.0816681711721685e-17	0.3333333333333333
1.1102230246251565e-16	0.3333333333333333
1.1102230246251565e-16	0.3333333333333333
6.938893903907228e-18	0.3333333333333333
6.938893903907228e-18	0.3333333333333333
1.1102230246251565e-16	0.3333333333333333
1.1102230246251565e-16	0.3333333333333333
1.1102230246251565e-16	0.3333333333333333
4.336808689942018e-19	0.3333333333333333
6.938893903907228e-18	0.3333333333333333
1.3877787807814457e-17	0.3333333333333333
1.1102230246251565e-16	0.3333333333333333
6.938893903907228e-18	0.3333333333333333
1.1102230246251565e-16	0.3333333333333333
1.1102230246251565e-16	0.3333333333333333
1.1102230246251565e-16	0.3333333333333333
6.938893903907228e-18	0.3333333333333333
1.1102230246251565e-16	0.3333333333333333
1.1102230246251565e-16	0.3333333333333333
1.1102230246251565e-16	0.3333333333333333
6.938893903907228e-18	0.3333333333333333
6.938893903907228e-18	0.3333333333333333
6.938893903907228e-18	0.3333333333333333
1.1102230246251565e-16	0.3333333333333333
6.938893903907228e-18	0.3333333333333333
4.336808689942018e-19	0.3333333333333333
6.938893903907228e-18	0.3333333333333333
6.938893903907228e-18	0.3333333333333333
1.3877787807814457e-17	0.3333333333333333
2.0816681711721685e-17	0.3333333333333333
6.938893903907228e-18	0.3333333333333333
1.1102230246251565e-16	0.3333333333333333
1.3877787807814457e-17	0.3333333333333333
6.938893903907228e-18	0.3333333333333333
6.938893903907228e-18	0.3333333333333333
1.3877787807814457e-17	0.3333333333333333
6.938893903907228e-18	0.3333333333333333
1.3877787807814457e-17	0.3333333333333333
2.0816681711721685e-17	0.3333333333333333
4.336808689942018e-19	0.3333333333333333
6.938893903907228e-18	0.3333333333333333
1.1102230246251565e-16	0.3333333333333333
1.1102230246251565e-16	0.3333333333333333
1.1102230246251565e-16	0.3333333333333333
1.1102230246251565e-16	0.3333333333333333
1.1102230246251565e-16	0.3333333333333333
1.1102230246251565e-16	0.3333333333333333
1.3877787807814457e-17	0.3333333333333333
2.0816681711721685e-17	0.3333333333333333
2.220446049250313e-16	0.3333333333333333
1.1102230246251565e-16	0.3333333333333333
2.220446049250313e-16	0.3333333333333333
1.1102230246251565e-16	0.3333333333333333
1.1102230246251565e-16	0.3333333333333333
1.1102230246251565e-16	0.3333333333333333
1.1102230246251565e-16	0.3333333333333333
1.1102230246251565e-16	0.3333333333333333
6.938893903907228e-18	0.3333333333333333
1.1102230246251565e-16	0.3333333333333333
0.0	0.3333333333333333
0.0	0.3333333333333333
6.938893903907228e-18	0.3333333333333333
4.163336342344337e-17	0.3333333333333333
2.220446049250313e-16	0.3333333333333333
1.3877787807814457e-17	0.3333333333333333
1.3877787807814457e-17	0.3333333333333333
4.163336342344337e-17	0.3333333333333333
1.1102230246251565e-16	0.3333333333333333
1.3877787807814457e-17	0.3333333333333333
1.1102230246251565e-16	0.3333333333333333
1.3877787807814457e-17	0.3333333333333333
1.1102230246251565e-16	0.3333333333333333
2.0816681711721685e-17	0.3333333333333333
1.1102230246251565e-16	0.3333333333333333
1.1102230246251565e-16	0.3333333333333333
1.1102230246251565e-16	0.3333333333333333
1.3877787807814457e-17	0.3333333333333333
2.220446049250313e-16	0.3333333333333333
1.3877787807814457e-17	0.3333333333333333
1.1102230246251565e-16	0.3333333333333333
1.3877787807814457e-17	0.3333333333333333
1.1102230246251565e-16	0.3333333333333333
1.1102230246251565e-16	0.3333333333333333
1.1102230246251565e-16	0.3333333333333333
1.1102230246251565e-16	0.3333333333333333
1.1102230246251565e-16	0.3333333333333333
1.1102230246251565e-16	0.3333333333333333
2.0816681711721685e-17	0.3333333333333333
1.1102230246251565e-16	0.3333333333333333
2.220446049250313e-16	0.3333333333333333
1.1102230246251565e-16	0.3333333333333333
2.220446049250313e-16	0.3333333333333333
1.1102230246251565e-16	0.3333333333333333
1.1102230246251565e-16	0.3333333333333333
1.1102230246251565e-16	0.3333333333333333
1.1102230246251565e-16	0.3333333333333333
1.1102230246251565e-16	0.3333333333333333
1.3877787807814457e-17	0.3333333333333333
6.938893903907228e-18	0.3333333333333333
0.0	0.3333333333333333
0.0	0.3333333333333333
6.938893903907228e-18	0.3333333333333333
6.938893903907228e-18	0.3333333333333333
1.1102230246251565e-16	0.3333333333333333
1.3877787807814457e-17	0.3333333333333333
0.0	0.3333333333333333
1.3877787807814457e-17	0.3333333333333333
1.1102230246251565e-16	0.3333333333333333
6.938893903907228e-18	0.3333333333333333
6.938893903907228e-18	0.3333333333333333
1.3877787807814457e-17	0.3333333333333333
0.0	0.3333333333333333
6.938893903907228e-18	0.3333333333333333
6.938893903907228e-18	0.3333333333333333
1.3877787807814457e-17	0.3333333333333333
1.3877787807814457e-17	0.3333333333333333
1.3877787807814457e-17	0.3333333333333333
6.938893903907228e-18	0.3333333333333333
6.938893903907228e-18	0.3333333333333333
6.938893903907228e-18	0.3333333333333333
6.938893903907228e-18	0.3333333333333333
3.469446951953614e-17	0.3333333333333333
4.85722573273506e-17	0.3333333333333333
1.3877787807814457e-17	0.3333333333333333
1.3877787807814457e-17	0.3333333333333333
6.938893903907228e-18	0.3333333333333333
4.163336342344337e-17	0.3333333333333333
6.938893903907228e-18	0.3333333333333333
1.1102230246251565e-16	0.3333333333333333
1.3877787807814457e-17	0.3333333333333333
2.0816681711721685e-17	0.3333333333333333
2.0816681711721685e-17	0.3333333333333333
2.0816681711721685e-17	0.3333333333333333
1.3877787807814457e-17	0.3333333333333333
2.0816681711721685e-17	0.3333333333333333
6.938893903907228e-18	0.3333333333333333
6.938893903907228e-18	0.3333333333333333
1.3877787807814457e-17	0.3333333333333333
1.3877787807814457e-17	0.3333333333333333
2.0816681711721685e-17	0.3333333333333333
1.3877787807814457e-17	0.3333333333333333
3.469446951953614e-17	0.3333333333333333
4.163336342344337e-17	0.3333333333333333
1.1102230246251565e-16	0.3333333333333333
1.3877787807814457e-17	0.3333333333333333
6.938893903907228e-18	0.3333333333333333
4.163336342344337e-17	0.3333333333333333
1.1102230246251565e-16	0.3333333333333333
1.1102230246251565e-16	0.3333333333333333
1.1102230246251565e-16	0.3333333333333333
1.3877787807814457e-17	0.3333333333333333
1.3877787807814457e-17	0.3333333333333333
1.1102230246251565e-16	0.3333333333333333
2.0816681711721685e-17	0.3333333333333333
1.3877787807814457e-17	0.3333333333333333
1.3877787807814457e-17	0.3333333333333333
1.3877787807814457e-17	0.3333333333333333
1.1102230246251565e-16	0.3333333333333333
2.0816681711721685e-17	0.3333333333333333
2.0816681711721685e-17	0.3333333333333333
1.1102230246251565e-16	0.3333333333333333
1.1102230246251565e-16	0.3333333333333333
1.1102230246251565e-16	0.3333333333333333
1.1102230246251565e-16	0.3333333333333333
1.1102230246251565e-16	0.3333333333333333
1.1102230246251565e-16	0.3333333333333333
1.1102230246251565e-16	0.3333333333333333
1.3877787807814457e-17	0.3333333333333333
1.1102230246251565e-16	0.3333333333333333
1.1102230246251565e-16	0.3333333333333333
1.1102230246251565e-16	0.3333333333333333
1.1102230246251565e-16	0.3333333333333333
1.1102230246251565e-16	0.3333333333333333
1.1102230246251565e-16	0.3333333333333333
1.1102230246251565e-16	0.3333333333333333
1.1102230246251565e-16	0.3333333333333333
1.1102230246251565e-16	0.3333333333333333
1.1102230246251565e-16	0.3333333333333333
1.1102230246251565e-16	0.3333333333333333
0.0	0.3333333333333333
0.0	0.3333333333333333
1.1102230246251565e-16	0.3333333333333333
1.1102230246251565e-16	0.3333333333333333
1.1102230246251565e-16	0.3333333333333333
1.3877787807814457e-17	0.3333333333333333
1.1102230246251565e-16	0.3333333333333333
1.1102230246251565e-16	0.3333333333333333
1.1102230246251565e-16	0.3333333333333333
1.1102230246251565e-16	0.3333333333333333
1.1102230246251565e-16	0.3333333333333333
1.1102230246251565e-16	0.3333333333333333
1.1102230246251565e-16	0.3333333333333333
1.1102230246251565e-16	0.3333333333333333
1.1102230246251565e-16	0.3333333333333333
1.1102230246251565e-16	0.3333333333333333
2.220446049250313e-16	0.3333333333333333
1.1102230246251565e-16	0.3333333333333333
1.1102230246251565e-16	0.3333333333333333
1.1102230246251565e-16	0.3333333333333333
1.1102230246251565e-16	0.3333333333333333
0.42749999817460776	0.3333333333333333
1.1102230246251565e-16	0.3333333333333333
1.1102230246251565e-16	0.3333333333333333
1.1102230246251565e-16	0.3333333333333333
1.1102230246251565e-16	0.3333333333333333
1.1102230246251565e-16	0.3333333333333333
1.1102230246251565e-16	0.3333333333333333
1.3877787807814457e-17	0.3333333333333333
8.673617379884035e-19	0.3333333333333333
2.0816681711721685e-17	0.3333333333333333
8.673617379884035e-19	0.3333333333333333
6.938893903907228e-18	0.3333333333333333
6.938893903907228e-18	0.3333333333333333
4.336808689942018e-19	0.3333333333333333
6.938893903907228e-18	0.3333333333333333
1.3877787807814457e-17	0.3333333333333333
6.938893903907228e-18	0.3333333333333333
1.3877787807814457e-17	0.3333333333333333
1.3877787807814457e-17	0.3333333333333333
4.336808689942018e-19	0.3333333333333333
6.938893903907228e-18	0.3333333333333333
