0	0.005263096000000189	4
1	0.0048161410000000515	4
2	0.005187205999999556	4
3	0.005133156000000305	4
4	0.004905154999999439	4
5	0.004955657000000002	4
6	0.004969336000000268	4
7	0.006256413000000904	4
8	0.005098479999999128	4
9	0.005317098999999104	4
10	0.005128612999998339	4
11	0.005117601000000249	4
12	0.005171856999998781	4
13	0.004738668999999973	4
14	0.004580662999998708	4
15	0.00462397599999953	4
16	0.005313600999999224	4
17	0.004720242000001207	4
18	0.004565395000000194	4
19	0.005021504000000121	4
20	0.0045857879999999795	4
21	0.004642105000000285	4
22	0.004519900000000021	4
23	0.005062861000000751	4
24	0.004993289999999817	4
25	0.004615582000001339	4
26	0.004776703999999299	4
27	0.004813731000000487	4
28	0.004654843999999159	4
29	0.005511291999999557	4
-
0	0.0088537819999992	4
1	0.010026736000000369	4
2	0.010282850000001176	4
3	0.010704296000000113	4
4	0.009436938000000339	4
5	0.01015622399999927	4
6	0.01016697400000055	4
7	0.009933680999999694	4
8	0.010323084999999566	4
9	0.00998371799999731	4
10	0.009693262999999064	4
11	0.010096906000001127	4
12	0.010421806000000089	4
13	0.010339134999998834	4
14	0.010205885000001302	4
15	0.010291486999999933	4
16	0.00968610800000036	4
17	0.01023961799999995	4
18	0.009632757999995079	4
19	0.009590116999994791	4
20	0.011313590000000318	4
21	0.010164399999993634	4
22	0.009640045000004704	4
23	0.00972269400000414	4
24	0.009603613000003008	4
25	0.010004117000001145	4
26	0.009158761999998433	4
27	0.01016378300000298	4
28	0.010288844000001518	4
29	0.010389948000003812	4
-
0	0.024976355999996258	4
1	0.04106887400000403	4
2	0.041886886000014556	4
3	0.04070233600000961	4
4	0.03935002000000054	4
5	0.029389449000007062	4
6	0.028466618999914317	4
7	0.028506072999903154	4
8	0.029493999999999687	4
9	0.028058959999953004	4
10	0.02948477000006733	4
11	0.02748213699999269	4
12	0.028486073000067336	4
13	0.02649118500005443	4
14	0.026807646000065688	4
15	0.02699336000000585	4
16	0.029060020999963854	4
17	0.02617913000005956	4
18	0.02781464200006667	4
19	0.030723297000008642	4
20	0.027864185999987967	4
21	0.027402978999930383	4
22	0.026602526000033322	4
23	0.028752730999940468	4
24	0.025277974999994512	4
25	0.02696557199999461	4
