0	0.0037961320000006182	3
1	0.003382509999999783	3
2	0.003501652999999827	3
3	0.0037076389999999293	3
4	0.0038722169999996225	3
5	0.0036390079999994995	3
6	0.004013238999999835	3
7	0.0038964679999997642	3
8	0.003973989000000344	3
9	0.0038693619999996542	3
10	0.004224608999999546	3
11	0.0037962209999999885	3
12	0.0038435400000000897	3
13	0.003802040000000062	3
14	0.0034559969999996554	3
15	0.003622122999999533	3
16	0.0038580820000007066	3
17	0.0036890819999992885	3
18	0.003898176999999947	3
19	0.003424070999999529	3
20	0.0036208870000002946	3
21	0.003379488000000208	3
22	0.0036270520000005746	3
23	0.003675485000000478	3
24	0.0034281079999995967	3
25	0.003625086000001332	3
26	0.003850593999999319	3
27	0.0035547519999994392	3
28	0.0036303639999992754	3
29	0.003547222000001682	3
-
0	0.006740462999999863	3
1	0.007556929999999795	3
2	0.007522604000000044	3
3	0.007812288000000223	3
4	0.007649042000000605	3
5	0.007896111999999178	3
6	0.007363184999999106	3
7	0.007801039000000287	3
8	0.007750112000000087	3
9	0.0076922700000015	3
10	0.0069161730000004695	3
11	0.0071781170000004835	3
12	0.007173620000001435	3
13	0.007846135000001198	3
14	0.007590198000000825	3
15	0.007696970999999664	3
16	0.007448650000000612	3
17	0.00773887199999912	3
18	0.007316688999999599	3
19	0.007255685000000511	3
20	0.007606400000000235	3
21	0.0072820799999995245	3
22	0.0073215329999989365	3
23	0.007263687000000019	3
24	0.007494892000000419	3
25	0.007210139999999754	3
26	0.007458444999999259	3
27	0.006990927000000369	3
28	0.00736726899999951	3
29	0.0076609660000013236	3
-
0	0.019284891999998166	3
1	0.021159337000000278	3
2	0.020414035000001718	3
3	0.02011193300000258	3
4	0.02094942200000105	3
5	0.021576048000000014	3
6	0.02029188199999865	3
7	0.019559734999997858	3
8	0.020536881000001728	3
9	0.02164022500000229	3
10	0.0213250649999992	3
11	0.020029792999999074	3
12	0.020352237999997413	3
13	0.02017615100000114	3
14	0.02071514100000016	3
15	0.021647930999996845	3
16	0.020366155999997915	3
17	0.0199267049999996	3
18	0.01993085199999811	3
19	0.021398262999998252	3
20	0.021007056999998497	3
21	0.020461002000001116	3
22	0.021676302999999564	3
23	0.019421571000002302	3
24	0.02130786400000062	3
25	0.019378847999998783	3
26	0.01985740800000002	3
27	0.02108019799999994	3
28	0.0214217380000008	3
29	0.022107687000001874	3
-
0	0.04263789900000603	3
1	0.04881050499999873	3
2	0.04615140399999973	3
3	0.045878393999998934	3
4	0.04615394700000053	3
5	0.047876982999994766	3
6	0.04768550100000368	3
7	0.04628706900000168	3
8	0.04310478700000431	3
9	0.04551261599999634	3
10	0.04615798100000035	3
11	0.04322049799999661	3
12	0.047858386000001474	3
13	0.045417983000000106	3
14	0.0450730999999962	3
15	0.04772872499999892	3
16	0.04637801300000177	3
17	0.04579104399999778	3
18	0.04470604799999478	3
19	0.04540835199999549	3
20	0.04377531399998702	3
21	0.04681146100000433	3
22	0.04625185700000145	3
23	0.04766294499999901	3
24	0.04370228400000542	3
25	0.0479101539999931	3
26	0.04751739700000712	3
27	0.04515589700000078	3
28	0.046147345999997924	3
29	0.04567221399999255	3
-
0	0.08414622999998755	3
1	0.09565184899999224	3
2	0.09588644199999408	3
3	0.09799760800000001	3
4	0.09426709299999914	3
5	0.0920727559999932	3
6	0.09478187199999866	3
7	0.0949677679999894	3
8	0.09583099200000333	3
9	0.09146128099999373	3
10	0.09365284100000792	3
11	0.09315532500001211	3
12	0.09705750800000601	3
13	0.09336719600000265	3
14	0.0928488389999984	3
15	0.09539220399997816	3
16	0.10087637300000551	3
17	0.09575232099999198	3
18	0.09453791999999339	3
19	0.09384794899997928	3
20	0.09443634699999848	3
21	0.09693658499998037	3
22	0.09623683899999946	3
23	0.09702867600000786	3
24	0.09524440300000947	3
25	0.09608563099999401	3
26	0.0932905049999988	3
27	0.09201907599998549	3
28	0.09341471500002285	3
29	0.09583455899999649	3
-
0	0.14723445600000673	3
1	0.1632493510000188	3
2	0.1638983269999983	3
3	0.14280937099999846	3
4	0.15547995700001138	3
5	0.14179097699999943	3
6	0.1545842589999893	3
7	0.1521745459999977	3
8	0.15805404600001793	3
9	0.15748358799999096	3
10	0.15016456099999687	3
11	0.1611130580000122	3
12	0.16157657100001188	3
13	0.14473291600000948	3
14	0.1563892070000179	3
15	0.16055011199995306	3
16	0.1580781110000089	3
17	0.14946571400002995	3
18	0.15503522099999145	3
19	0.16200893699999597	3
20	0.15934828700000025	3
21	0.14802526599999055	3
22	0.15822379200000114	3
23	0.1557313100000215	3
24	0.14468485499997996	3
25	0.15679711199999247	3
26	0.1605325219999827	3
27	0.14488517199998796	3
28	0.15661721200001466	3
29	0.16004073799996377	3
-
0	0.2871705499999848	3
1	0.31411726499999304	3
2	0.31770960099999	3
3	0.28594184500002484	3
4	0.30625549899997395	3
5	0.31507720199999767	3
6	0.31579062699995575	3
7	0.31183390500007135	3
8	0.3135885079999525	3
9	0.31158840299997337	3
10	0.31100791400001526	3
11	0.3196384720000651	3
12	0.3196285750000243	3
13	0.3177164119999816	3
14	0.30139299699999356	3
15	0.27144374500005597	3
16	0.28724590000001626	3
17	0.3147588510000787	3
18	0.2784734030000209	3
19	0.30375988499997675	3
20	0.3098512590000837	3
21	0.3141221859999632	3
22	0.3058513569999377	3
23	0.299460708999959	3
24	0.28865394600006766	3
25	0.3124468960000968	3
26	0.2822719700000107	3
27	0.3107942719999528	3
28	0.3172177680000914	3
29	0.3230673980001484	3
-
0	0.855613442000049	3
1	0.9353178010001102	3
2	0.9898149260000082	3
3	0.8992072920000282	3
4	0.9133664549999594	3
5	0.9200058530000206	3
6	0.9828894239999499	3
7	0.9878738400000202	3
8	0.9144360940001661	3
9	0.9707838950002952	3
10	0.9912769319998915	3
11	0.9817972379996718	3
12	0.981521057000009	3
13	1.0053284169998733	3
14	0.9750591910001276	3
