0	0.04511907000000015	3
1	0.04209924700000034	3
2	0.07324417800000038	3
3	0.04230487500000013	3
4	0.09645263100000001	3
5	0.09662974999999996	3
6	0.09349261700000078	3
7	0.08088775900000034	3
8	0.08515594100000001	3
9	0.0673171650000004	3
-
0	0.6651202180000011	3
1	0.16403876800000106	3
2	0.1949320169999993	3
3	0.19399200600000022	3
4	0.19452343000000027	3
5	0.1559464479999999	3
6	0.19823936199999892	3
7	0.20029419699999984	3
8	0.17269012799999928	3
9	0.18691253099999905	3
-
0	0.46736966599999974	3
1	0.552955979	3
2	0.3864581650000005	3
3	0.6063628439999995	3
4	0.5738439940000006	3
5	0.49720757700000107	3
6	0.5362683520000004	3
7	0.5074296030000003	3
8	0.5494571789999991	3
9	1.013052386	3
-
0	1.405085617000001	3
1	1.559972435999999	3
2	1.405117539999999	3
3	1.3648252979999995	3
4	1.1547493770000017	3
5	1.1335398979999987	3
6	1.1062778719999997	3
7	1.3950793279999978	3
8	1.0651601520000007	3
9	0.9891696679999988	3
-
0	2.4433689810000025	3
1	2.139090986999996	3
2	1.9523563879999983	3
3	27.054369895000008	3
4	2.899665380000002	3
5	2.8186736960000047	3
6	11.91454143	3
7	2.7450748480000016	3
8	2.1024277870000105	3
9	2.927735949999999	3
-
0	4.480228840999999	3
1	4.783730171000002	3
2	5.578762848000011	3
3	24.488322510000017	3
4	4.269852748000005	3
5	5.504651015000007	3
6	5.255405308999997	3
7	4.723192342000004	3
8	25.243335629	3
9	3.3862924969999995	3
-
0	9.873624611999986	3
1	8.045578447999986	3
2	8.019154112999985	3
3	9.539720783000007	3
4	9.707367231000006	3
5	34.08491624300001	3
6	9.222571254000002	3
7	7.850772473000006	3
8	9.527958000000012	3
9	9.406666346000009	3
-
0	27.574581493999972	3
1	53.59109000500001	3
2	2182.5030217910003	3
3	70.6770213650002	3
4	27.91185889999997	3
5	30.629527713000243	3
6	27.737661605000085	3
7	173.93661690499994	3
8	37.67372624299969	3
9	25.720685070999934	3
-
