0	0.045094416000000415	2
1	0.04291647599999937	2
2	0.024516879000000102	2
3	0.04321694400000009	2
4	0.04335632499999953	2
5	0.04307974399999992	2
6	0.04285606799999986	2
7	0.04292035200000033	2
8	0.035466771000000286	2
9	0.03487854399999968	2
10	0.044671606999999725	2
11	0.02907442600000021	2
12	0.03703905999999968	2
13	0.03720388499999938	2
14	0.028550307999999802	2
15	0.03732122999999987	2
16	0.04295584599999991	2
17	0.043238944999999696	2
18	0.03529342599999996	2
19	0.030905382999999453	2
20	0.029303467000000083	2
21	0.04483281200000011	2
22	0.026860343000000064	2
23	0.03756190100000012	2
24	0.04319643899999903	2
25	0.028997879000000282	2
26	0.0448145800000006	2
27	0.03492525700000115	2
28	0.02879813999999925	2
29	0.02695055000000046	2
-
0	0.06615757999999872	2
1	0.07030137600000153	2
2	0.07959681100000005	2
3	0.05864781800000074	2
4	0.08473109900000075	2
5	0.0820704499999998	2
6	0.08523382499999954	2
7	0.0837895839999998	2
8	0.06804732700000038	2
9	0.06613781700000132	2
10	0.07387330599999942	2
11	0.08383378100000094	2
12	0.07198525599999961	2
13	0.08419207700000086	2
14	0.078095201	2
15	0.08342479999999952	2
16	0.07171073300000153	2
17	0.08739091099999996	2
18	0.08420725399999895	2
19	0.08339760299999988	2
20	0.06997048500000069	2
21	0.06713799999999992	2
22	0.07886109000000019	2
23	0.08300213799999945	2
24	0.07673256799999884	2
25	0.08100569700000015	2
26	0.08611902500000035	2
27	0.08887784200000048	2
28	0.07892933199999952	2
29	0.0873029419999991	2
-
0	0.21515762399999971	2
1	0.252790203	2
2	0.18778172000000026	2
3	0.22206464600000153	2
4	0.24474538700000004	2
5	0.24019947999999935	2
6	0.16286533300000094	2
7	0.2088606800000008	2
8	0.20538317100000114	2
9	0.1929527059999998	2
10	0.24156054600000054	2
11	0.2488671199999999	2
12	0.19930512899999897	2
13	0.20178646799999989	2
14	0.20486413200000086	2
15	0.23693393199999946	2
16	0.24357996500000034	2
17	0.18887891100000154	2
18	0.19499578099999937	2
19	0.25389478600000004	2
20	0.19537901500000032	2
21	0.2465716140000005	2
22	0.25380345800000015	2
23	0.20329516900000044	2
24	0.1820998809999992	2
25	0.18661979400000206	2
26	0.215990982000001	2
27	0.1761265370000018	2
28	0.19263968099999929	2
29	0.24350348200000127	2
-
0	0.5952233549999981	2
1	0.586346596000002	2
2	0.48207632200000106	2
3	0.4572289600000019	2
4	0.5680252940000017	2
5	0.5692176490000023	2
6	0.5685238040000016	2
7	0.4882469260000022	2
8	0.5828380519999996	2
9	0.4564150419999997	2
10	0.46211248900000257	2
11	0.5452873469999986	2
12	0.4879096270000005	2
13	0.5983947259999987	2
14	0.5121600079999986	2
15	0.4688695079999974	2
16	0.5096963919999986	2
17	0.5748189979999978	2
18	0.5372960139999989	2
19	0.5845665910000015	2
20	0.4801973410000002	2
21	0.4776618850000034	2
22	0.5004940800000028	2
23	0.5637020650000011	2
24	0.5305514229999986	2
25	0.59784887	2
26	0.5448963240000069	2
27	0.4417107040000019	2
28	0.554979895999999	2
29	0.4819435010000035	2
-
0	1.128941318999999	2
1	1.0958452070000035	2
2	1.1584471219999983	2
3	1.2536740429999966	2
4	1.246493582999996	2
5	1.237999816999995	2
6	1.0468906770000004	2
7	1.0536997759999949	2
8	0.9573899170000004	2
9	1.1422019559999939	2
10	0.9586584869999939	2
11	1.158649533000002	2
12	0.9423366380000004	2
13	1.138416608	2
14	1.176431547	2
15	1.1917922959999956	2
16	1.2441166089999953	2
17	1.118899988999999	2
18	1.1455296240000052	2
19	1.1564783239999912	2
20	1.1511292100000077	2
21	1.1620099539999984	2
22	1.32312442300001	2
23	1.1752031980000055	2
24	1.1955713819999971	2
25	1.170079770000001	2
26	1.256080885000003	2
27	1.046051614999996	2
28	1.1841516509999934	2
29	1.2367876010000032	2
-
0	2.076314194999995	2
1	2.13519458399999	2
2	1.8057647340000074	2
3	1.939797330999994	2
4	1.9875525169999975	2
5	2.0885630650000024	2
6	1.699703532000001	2
7	1.641402278000001	2
8	2.0683950840000023	2
9	1.8389991620000075	2
10	1.935349187	2
11	2.0695658860000066	2
12	2.053329140999992	2
13	2.1389022150000017	2
14	1.821490836999999	2
15	2.0759801659999937	2
16	2.079257315999996	2
17	1.6132909260000048	2
18	1.5228711970000006	2
19	1.712175975000008	2
20	2.084965937999982	2
21	2.1301503029999935	2
22	1.8186104269999817	2
23	1.9885323830000061	2
24	1.848844673000002	2
25	1.7335889109999982	2
26	2.0377784759999997	2
27	1.5276810379999972	2
28	1.873009369000016	2
29	2.1547391609999806	2
-
0	4.255579777000008	2
1	3.787313731000012	2
2	3.3500877520000074	2
3	4.303697478999993	2
4	3.893816133999991	2
5	4.696849141999991	2
6	4.303700012999997	2
7	4.780436858000002	2
8	4.225228767000004	2
9	4.111905981000007	2
10	3.5433627280000053	2
11	3.893523149999993	2
12	4.572565310999977	2
13	4.026366036000013	2
14	3.7808557639999947	2
15	4.384976397000003	2
16	3.503029034000008	2
17	3.4269598479999956	2
18	4.358089545000013	2
19	4.0384860869999955	2
20	4.443538632000013	2
21	3.8209617170000456	2
22	3.4277057350000177	2
23	3.3896610219999843	2
24	3.584220844000015	2
25	4.249180101999968	2
26	3.422619534999967	2
27	3.3853900560000056	2
28	4.288921420000008	2
29	3.562862972000005	2
-
0	15.849710553000023	2
1	15.724139173999959	2
2	13.782222416000025	2
3	13.82626097100001	2
4	14.537604933000011	2
5	12.827199310000026	2
6	15.924459989000013	2
7	14.532832430000042	2
8	14.377132705999998	2
9	14.658873628000038	2
10	14.54503195299992	2
11	14.889973715999986	2
12	12.924559384999952	2
13	14.823810632000004	2
14	16.058541794999996	2
15	14.54566464100003	2
16	16.279206074000058	2
17	15.656656202000022	2
18	13.109082862000037	2
19	15.350498699000013	2
20	13.844672443000036	2
21	12.657291544999907	2
22	16.349656801999913	2
23	14.64467080899999	2
24	60.61190457500004	2
25	16.453391228999976	2
26	14.527401004000012	2
27	14.457380392000005	2
28	16.287709799000027	2
29	14.171354885000028	2
-
0	21.18116968000004	2
1	21.21319904400002	2
2	21.428211036999983	2
3	23.54573678099996	2
4	26.186397451999937	2
5	21.941501263999953	2
6	29.51310746399986	2
7	22.41173558200012	2
8	22.07944661700003	2
9	22.47151141800009	2
10	26.956506002000197	2
11	26.74078634300008	2
12	26.209796920000144	2
13	26.589299380000057	2
14	24.50606834999985	2
15	23.496113644999923	2
16	23.515742985000088	2
17	25.039076453999996	2
18	24.74919268000008	2
19	23.184962126000073	2
20	23.40881582499992	2
21	21.401490028999888	2
22	26.760648647000153	2
23	24.50703656099995	2
24	22.267133906000026	2
25	26.57706757599999	2
26	21.996301409999887	2
27	20.145732699000064	2
28	23.020262083000034	2
29	24.3066761099999	2
-
