<<<<<<< HEAD
0	0.034730614999999965	2
0	0.09491699600000025	3
0	0.17322309200000063	4
1	0.030400825000000076	2
1	0.046181061999999606	3
1	0.07271615600000025	4
2	0.028747628000000525	2
2	0.0707380759999996	3
2	0.14379472499999935	4
3	0.043645215000000626	2
3	0.09655834299999988	3
3	0.287541044000001	4
4	0.03791435299999968	2
4	0.08209204299999939	3
4	0.23548332099999847	4
5	0.029307972999999876	2
5	0.07503011899999912	3
5	0.1601518560000006	4
6	0.04374538599999944	2
6	0.09542836799999854	3
6	0.27175300500000077	4
7	0.04348916500000044	2
7	0.09536081999999979	3
7	0.2766603450000016	4
8	0.04361175799999906	2
8	0.09489962500000004	3
8	0.2905501079999997	4
9	0.04404815900000081	2
9	0.09521639499999957	3
9	0.2771380990000001	4
10	0.04383439799999955	2
10	0.09489108699999882	3
10	0.270118858	4
11	0.043603130000001045	2
11	0.09533052099999928	3
11	0.2739638940000013	4
12	0.030122045000000597	2
12	0.09135878700000077	3
12	0.16555726600000042	4
13	0.047271487999999806	2
13	0.09697572399999999	3
13	0.2780978970000003	4
14	0.03770305599999979	2
14	0.08270671100000015	3
14	0.2361712640000011	4
15	0.04065574000000005	2
15	0.08170062499999986	3
15	0.2358419389999984	4
16	0.03747813000000022	2
16	0.08176535100000137	3
16	0.22951627999999857	4
17	0.043061715000000333	2
17	0.17511534900000036	3
17	7.955803345	4
18	0.029389784000002805	2
18	0.07147058299999998	3
18	0.14647903700000242	4
19	0.04377091299999947	2
19	0.09791626700000222	3
19	0.2629127920000016	4
20	0.038375959999999765	2
20	0.07936658799999918	3
20	0.1760428790000006	4
21	0.043496106999999284	2
21	0.09480490399999653	3
21	0.2755587939999984	4
22	0.02801750600000119	2
22	0.12114245499999754	3
22	1.5294154909999982	4
23	0.03573853600000021	2
23	0.10173488599999914	3
23	0.41626507500000187	4
24	0.027727111000000804	2
24	0.11116609200000127	3
24	0.4461832550000011	4
25	0.045228666999999945	2
25	0.09529959700000035	3
25	0.278097810000002	4
26	0.043572867000001736	2
26	0.09484933299999909	3
26	0.2756292679999994	4
27	0.034817140999997775	2
27	0.05656630100000015	3
27	0.08803768399999967	4
28	0.04381704500000083	2
28	0.09453836200000154	3
28	0.2803920789999985	4
29	0.033029215999999195	2
29	0.0748710999999993	3
29	0.1695547150000003	4
-
0	0.07913179400000203	2
0	0.15989017699999764	3
0	0.4414238620000006	4
1	0.07487897000000032	2
1	0.18110299900000015	3
1	0.7882260499999987	4
2	0.07428564199999954	2
2	0.1622802049999983	3
2	3.269596501999999	4
3	0.06665677399999481	2
3	0.14403324599999934	3
3	0.3144345959999981	4
4	0.08216360299999792	2
4	0.18709889999999518	3
4	0.8491827309999991	4
5	0.09004497800000166	2
5	0.19543076999999442	3
5	0.5235530109999971	4
6	0.08557051799999726	2
6	0.1932424279999978	3
6	0.5714171139999991	4
7	0.0710125849999983	2
7	0.19812480200000238	3
7	2.216234134000004	4
8	0.07748992999999871	2
8	0.16233582499999955	3
8	2.1392085590000036	4
9	0.07635997399999894	2
9	0.16703545200000036	3
9	0.4854646440000039	4
10	0.08693602800000377	2
10	0.1950722710000008	3
10	0.5209455449999965	4
11	0.07908140199999991	2
11	0.1622433860000001	3
11	1.738548514999998	4
12	0.07528181800000056	2
12	0.17060217099999875	3
12	0.48215375299999863	4
13	0.07193945299999882	2
13	0.1628453719999996	3
13	0.4772864279999993	4
14	0.07508057699999426	2
14	0.18384598899999816	3
14	0.5832812139999959	4
15	0.07522349599999956	2
15	0.16700923100000153	3
15	0.43503194200000195	4
16	0.07639936800000413	2
16	1.3689812980000013	3
16	24.912540478000004	4
17	0.06757572799999423	2
17	0.1424875329999935	3
17	0.41516859799999395	4
18	0.08080063900000312	2
18	0.19084418999999286	3
18	2.318672410000005	4
19	0.0764050989999987	2
19	0.16040433000000576	3
19	0.46185008399999106	4
20	0.0816967290000008	2
20	0.1623813049999967	3
20	3.0511001290000053	4
21	0.07345728600000712	2
21	0.17007100899999728	3
21	3.644686579000009	4
22	0.07605786199999898	2
22	0.16511085499999467	3
22	1.691903732	4
23	0.07904655400000138	2
23	0.1866800970000071	3
23	0.5830855460000066	4
24	0.06664156499999763	2
24	0.13426001300000223	3
24	0.3433797480000038	4
25	0.08549632199999735	2
25	0.16741300799999692	3
25	0.4596754169999997	4
26	0.07138659900000732	2
26	0.18243549999999686	3
26	1.0070023489999897	4
27	0.06624684899999522	2
27	0.13084696800000017	3
27	0.3316313260000072	4
28	0.06875492599999689	2
28	0.15067635900000198	3
28	0.29985714100000394	4
29	0.08815773999999976	2
29	0.17555056200001218	3
29	0.49953137400000003	4
-
0	0.1914376269999991	2
0	0.5059309379999917	3
0	2.624550281999987	4
1	0.24805233299998974	2
1	0.539348597	3
1	1.6224249670000006	4
2	0.22161401600000374	2
2	0.4875800669999961	3
2	1.716205058	4
3	0.24249763299999927	2
3	0.5115266950000006	3
3	3.145485129000008	4
4	0.21581512999999575	2
4	0.5797634799999969	3
=======
>>>>>>> 62f524e164db34dedb553d9f2853e5646fc74de2
