0	0.003526285999999601	3
1	0.0032754459999999597	3
2	0.0033841199999997684	3
3	0.003292617999999692	3
4	0.0037163439999998715	3
5	0.003913251000000173	3
6	0.0038897059999998262	3
7	0.00362732500000007	3
8	0.003433516000000303	3
9	0.004028031999999904	3
-
0	0.006520882000000228	3
1	0.007770706000000516	3
2	0.007540477000000934	3
3	0.00762297399999845	3
4	0.00757264599999985	3
5	0.007285774999999717	3
6	0.007384440000000936	3
7	0.007169460000000072	3
8	0.007433219999999352	3
9	0.008566648000000399	3
-
0	0.017287292000000676	3
1	0.02049564500000045	3
2	0.017920784999999384	3
3	0.02050689799999894	3
4	0.02077601300000076	3
5	0.0196686150000005	3
6	0.020555756000000258	3
7	0.020227503999999286	3
8	0.02066204599999999	3
9	0.021118957999998855	3
-
0	0.04437141800000077	3
1	0.04348620700000083	3
2	0.04655138600000086	3
3	0.04769475600000206	3
4	0.044603226000003104	3
5	0.043392904000000954	3
6	0.042897695000000624	3
7	0.047421679000002825	3
8	0.04272646700000138	3
9	0.041145666999998554	3
-
0	0.07831853200000083	3
1	0.08412325300000134	3
2	0.0803334530000015	3
3	0.08898260400000169	3
4	0.09532388600000274	3
5	0.09174871799999096	3
6	0.09323503699999947	3
7	0.0940236069999969	3
8	0.0843695769999897	3
9	0.0902485310000003	3
-
0	0.13653364999998985	3
1	0.15132767299999728	3
2	0.15863675900000374	3
3	0.15377494900000954	3
4	0.1490504810000175	3
5	0.15581939499998043	3
6	0.15619945899999266	3
7	0.15200947600001768	3
8	0.1524899070000174	3
9	0.13983090099998208	3
-
0	0.28338352199997985	3
1	0.28883979299999396	3
2	0.2919450260000076	3
3	0.3128085879999958	3
4	0.3113858680000021	3
5	0.3141173920000142	3
6	0.30753956399996696	3
7	0.28566438000001426	3
8	0.2999723480000398	3
9	0.30718796299998985	3
-
0	0.8691991740000162	3
1	0.8925951699999928	3
2	0.9416734640000186	3
3	0.9834606330000497	3
4	0.9974267449997569	3
5	0.9459104249999655	3
6	0.9739628910001557	3
7	0.9631695289999698	3
8	0.9420835190003345	3
9	0.9401619870000104	3
-
