0	0.0033557980000002985	2
1	0.0024745309999998355	2
2	0.0022006349999994512	2
3	0.0024836060000001936	2
4	0.002460422999999601	2
5	0.0025127789999999095	2
6	0.0025531049999996114	2
7	0.0024535569999999396	2
8	0.002357339000000458	2
9	0.002339649000000499	2
10	0.002496309999999724	2
11	0.0021927719999998985	2
12	0.0022964519999995048	2
13	0.0023767819999997997	2
14	0.002249724999999536	2
15	0.0023009739999997336	2
16	0.0024515799999997867	2
17	0.002441894999999583	2
18	0.0023943649999997874	2
19	0.0022254680000006744	2
20	0.0021698399999996454	2
21	0.002405591999999679	2
22	0.0021883120000003586	2
23	0.0023031250000009607	2
24	0.0024194330000000264	2
25	0.0021850939999996655	2
26	0.002421759000000634	2
27	0.002325639000000379	2
28	0.0022187060000007364	2
29	0.0021590640000006545	2
-
0	0.005635604000000072	2
1	0.004330960999999078	2
2	0.0046524860000012325	2
3	0.004110894000000087	2
4	0.0047106690000013884	2
5	0.004714772000001588	2
6	0.004676613000000884	2
7	0.004842274999999674	2
8	0.0044391589999985825	2
9	0.004316779999999909	2
10	0.004481611999999302	2
11	0.004743726000000947	2
12	0.004419063000000278	2
13	0.0047544070000000715	2
14	0.004692104000000086	2
15	0.004700527000000676	2
16	0.006142103000000176	2
17	0.004755509000000657	2
18	0.004792852999999653	2
19	0.0045881699999998915	2
20	0.0044278809999998	2
21	0.004282880999999961	2
22	0.0046252900000016695	2
23	0.004658272000000352	2
24	0.004632871000000094	2
25	0.004618420999999984	2
26	0.004678058999999735	2
27	0.00481888300000044	2
28	0.004835957999999252	2
29	0.004810769999998854	2
-
0	0.011057324999999452	2
1	0.012879911999998939	2
2	0.012120964999999373	2
3	0.012439419999999757	2
4	0.013104175000000495	2
5	0.012847380000000186	2
6	0.011052332999998526	2
7	0.011709941000001223	2
8	0.012224193999999855	2
9	0.01203410699999985	2
10	0.013105670000001624	2
11	0.013023334999999747	2
12	0.012348071999999988	2
13	0.011862701000000087	2
14	0.012143674999999021	2
15	0.012876056000001412	2
16	0.01309938600000038	2
17	0.012010314999999494	2
18	0.012051917999999162	2
19	0.013064176000000316	2
20	0.012258736999999797	2
21	0.012924958999999347	2
22	0.013043202000002196	2
23	0.012354919999999936	2
24	0.011814561000001333	2
25	0.013647399999999976	2
26	0.012291824000001839	2
27	0.013394444999999422	2
28	0.011961097000000365	2
29	0.012777727999999655	2
-
0	0.0270747870000001	2
1	0.031510321999999036	2
2	0.028177169999999307	2
3	0.027593283999998164	2
4	0.030247970999997875	2
5	0.029509729000000817	2
6	0.029726124999999826	2
7	0.028251417999999973	2
8	0.029742604999999145	2
9	0.027309032000001565	2
10	0.027348251999999462	2
11	0.0291403850000016	2
12	0.028002567000001477	2
13	0.031192228000001876	2
14	0.02899398399999953	2
15	0.027758820999999045	2
16	0.028291234999997528	2
17	0.029443558000000536	2
18	0.029194313000001415	2
19	0.029851626999999326	2
20	0.027951733999998396	2
21	0.027667744999995136	2
22	0.028022284999998703	2
23	0.030924751000000583	2
24	0.028622116000001085	2
25	0.0308871259999961	2
26	0.029110213999999246	2
27	0.02686272700000103	2
28	0.029101973999999586	2
29	0.027979476000005832	2
-
0	0.05157301399999881	2
1	0.05752406799999932	2
2	0.05691336499999977	2
3	0.058839290000001654	2
4	0.059383978999996145	2
5	0.060680476999998234	2
6	0.05528085099999913	2
7	0.05452750100000259	2
8	0.0526509160000046	2
9	0.05577339599999931	2
10	0.053366534999995	2
11	0.056160306999998966	2
12	0.054475816000000066	2
13	0.05575340299999709	2
14	0.05723514800000373	2
15	0.057380897999998126	2
16	0.05901226200000309	2
17	0.056887039999999445	2
18	0.057141080999997484	2
19	0.05728946699998971	2
20	0.0577027029999897	2
21	0.057996045999999524	2
22	0.05972586699999738	2
23	0.058288809000003994	2
24	0.05857261500000277	2
25	0.061673877999993465	2
26	0.05934303499999771	2
27	0.05591392700000597	2
28	0.05726045599999452	2
29	0.05921828200000334	2
-
0	0.08602685700000734	2
1	0.09456821199999865	2
2	0.09053837300000112	2
3	0.09258339800000215	2
4	0.09463322400000607	2
5	0.09613652500000569	2
6	0.08855345300000295	2
7	0.08477299999999843	2
8	0.09163906800000632	2
9	0.09083944299999303	2
10	0.09149330399999656	2
11	0.09323616000000357	2
12	0.09430415799999992	2
13	0.09374415599999963	2
14	0.08998795999998777	2
15	0.09308369499999003	2
16	0.09509994100000085	2
17	0.08813864799999749	2
18	0.08185970700000667	2
19	0.0856468539999895	2
20	0.09192498999999543	2
21	0.09475546600000939	2
22	0.09016033099999277	2
23	0.09117519200000856	2
24	0.09066175899999962	2
25	0.08752535000002126	2
26	0.09305163300001595	2
27	0.08324342000000229	2
28	0.08950667499999554	2
29	0.09560433699999749	2
-
0	0.1720253590000027	2
1	0.17951148200000944	2
2	0.16003129299997454	2
3	0.1819054120000203	2
4	0.177780504999987	2
5	0.18920457600000873	2
6	0.18740593600000466	2
7	0.1933109070000114	2
8	0.18599622799999338	2
9	0.18123406399999453	2
10	0.17047952900000496	2
11	0.17381721000000994	2
12	0.18537580599999615	2
13	0.18237421200001336	2
14	0.174563366000001	2
15	0.18455683100000897	2
16	0.16809042099998805	2
17	0.16867100599998253	2
18	0.18148662699999818	2
19	0.18347926599997777	2
20	0.1862375719999818	2
21	0.1780033360000175	2
22	0.1636134039999888	2
23	0.16119765000001962	2
24	0.16764890700000024	2
25	0.1814669130000084	2
26	0.16409955700004275	2
27	0.16278417099999842	2
28	0.18045602600000166	2
29	0.17445887299999185	2
-
0	0.5422432990000061	2
1	0.583962487000008	2
2	0.5743829639999944	2
3	0.5890861610000115	2
4	0.6163491559999557	2
5	0.5638668729999949	2
6	0.6055059479999727	2
7	0.6321854290000033	2
8	0.5656726939999999	2
9	0.5933912159999863	2
10	0.6154875619999984	2
11	0.5741876789999196	2
12	0.5732044439999981	2
13	0.5803002919999471	2
14	0.612083832000053	2
15	0.5978630419999718	2
16	0.6120749730000625	2
17	0.6147878460000129	2
18	0.5785544770000115	2
19	0.6116647989999819	2
20	0.5959070389999397	2
21	0.5604210589999639	2
22	0.614361170000052	2
23	0.6239351379999789	2
24	0.589681134999978	2
25	0.6134681019999562	2
26	0.6070199839999759	2
27	0.6154991439999549	2
28	0.6155136659999698	2
29	0.5728299059999244	2
-
0	0.798717803000045	2
1	0.8444340490000286	2
2	0.8732285659999661	2
3	0.8591091470000265	2
4	0.9116082909999932	2
5	0.9017229970002063	2
6	0.8792391300000872	2
7	0.8827872690001186	2
8	0.9054552029999741	2
9	0.891155574999857	2
10	0.9216201709998586	2
11	0.9632396810000046	2
12	0.9300470519999635	2
13	0.9188679510000384	2
14	0.9105876679998346	2
15	0.9504632400000901	2
16	0.8954659439998522	2
17	0.893303190999859	2
18	0.8757265189999544	2
19	0.8774311590000252	2
20	0.8929858600001808	2
21	0.883620350000001	2
22	0.8865519210000912	2
23	0.8984186529999079	2
24	0.8965923870000552	2
25	0.9362865959999453	2
26	0.9018231789998481	2
27	0.8653385969998908	2
28	0.8689342860000124	2
29	0.8961901640000178	2
-
