0	0.08395780800000008	3
1	0.06607831600000047	3
2	0.07984956499999996	3
3	0.07843833100000008	3
4	0.07427436900000028	3
5	0.07178388400000024	3
6	0.045207646999999795	3
7	0.07328946800000047	3
8	0.09625746399999979	3
9	0.09343199599999963	3
10	0.045394306000000384	3
11	0.08103580600000093	3
12	0.094610007	3
13	0.0964840450000004	3
14	0.08220834599999982	3
15	0.13660199499999948	3
16	0.07171008099999909	3
17	0.08385061299999919	3
18	0.08179882099999958	3
19	0.07035999999999909	3
20	0.07585093199999982	3
21	0.09477674400000069	3
22	0.09890670599999929	3
23	0.06981736400000038	3
24	0.09364981299999897	3
25	0.09550478400000095	3
26	0.06950514900000115	3
27	0.08004672700000093	3
28	0.09515283300000021	3
29	0.05526880700000092	3
-
0	0.1756215309999991	3
1	0.18124196099999956	3
2	0.1809867409999999	3
3	0.1891952270000008	3
4	0.1832589519999992	3
5	0.19512109800000133	3
6	0.16104564599999982	3
7	0.17425582799999972	3
8	0.20329493399999876	3
9	0.4889018020000009	3
10	0.4487357759999995	3
11	0.18298490499999964	3
12	0.1434262319999995	3
13	0.19353336300000024	3
14	0.16720995599999888	3
15	0.20190176000000015	3
16	0.17423366200000068	3
17	0.19151993900000086	3
18	0.20060008100000104	3
19	0.1761896820000004	3
20	0.20253039600000022	3
21	0.19189786899999994	3
22	0.20238823400000072	3
23	0.1614458790000004	3
24	0.18103285099999944	3
25	0.17490006999999963	3
26	0.1398828210000005	3
27	0.17879782000000333	3
28	0.14910702599999937	3
29	0.18134299399999776	3
-
0	0.4209110549999977	3
1	0.5404711320000004	3
2	0.45555228499999956	3
3	0.5061960879999994	3
4	0.5664719060000003	3
5	0.4633435949999978	3
6	0.464652332	3
7	0.6019488370000019	3
8	0.6035418149999998	3
9	0.4516739309999984	3
10	0.5543887729999994	3
11	0.5628618570000015	3
12	0.5928272829999983	3
13	0.5377490829999978	3
14	0.5140972519999991	3
15	0.595610427999997	3
16	1.117255901	3
17	0.5331570509999999	3
18	0.48669614699999997	3
19	0.3659583459999993	3
20	0.46060050000000174	3
21	0.5467571000000007	3
22	0.49614040200000176	3
23	0.5952567000000002	3
24	0.5547025890000015	3
25	1.002547080999996	3
26	0.5532402859999976	3
27	0.41819614599999966	3
28	0.5197109179999941	3
29	0.510553926	3
-
0	1.3120928640000002	3
1	1.3266193879999975	3
2	1.2276646640000024	3
3	1.0365392389999997	3
4	1.498463172000001	3
5	10.55049382	3
6	1.4091196910000008	3
7	0.9662215950000004	3
8	0.9348438849999994	3
9	1.265293628000002	3
10	1.3678582399999968	3
11	1.194900522999994	3
12	0.9666759870000021	3
13	1.341926260000001	3
14	1.3095211870000014	3
15	1.4968405449999977	3
16	1.1885312160000012	3
17	1.0670552449999917	3
18	1.3193625920000045	3
19	1.374936488000003	3
20	0.9657807509999969	3
21	2.7035246080000093	3
22	1.398299006000002	3
23	1.4084111399999983	3
24	1.245853879000009	3
25	1.2239757370000035	3
26	1.0339040819999923	3
27	1.301430345	3
28	1.2490338599999973	3
29	1.273509371000003	3
-
0	3.680933686000003	3
1	2.7519813279999994	3
2	2.3572797779999917	3
3	2.7291600969999905	3
4	2.747700572999989	3
5	2.860738896000001	3
6	2.9771903809999998	3
7	2.048040628999999	3
8	2.6991483959999982	3
9	2.2488122209999943	3
10	2.3413449700000086	3
11	3.103593231000005	3
12	3.0034258590000036	3
13	2.0461622200000136	3
14	2.8895200790000217	3
15	2.703794961	3
16	2.356474687000002	3
17	6.702526156000005	3
18	2.5692379679999817	3
19	2.133230601000008	3
20	2.399951747000017	3
21	3.1439664919999757	3
22	2.7186070859999916	3
23	1.9362824000000103	3
24	2.6789364610000064	3
25	2.152790068999991	3
26	2.7840940919999753	3
27	2.2796122060000243	3
28	2.79271181499999	3
29	2.308888483000004	3
-
0	3.643247484999989	3
1	5.244125876999988	3
2	4.322024545999994	3
3	4.894848209999992	3
4	4.794747599000004	3
5	3.7478356839999947	3
6	5.029341133999992	3
7	4.8016719229999865	3
8	5.244481940000014	3
9	4.746025126999996	3
10	8.981906143999993	3
11	3.480237969000001	3
12	4.961268932999985	3
13	5.57540912099995	3
14	4.700920875000008	3
15	3.4827569850000373	3
16	5.5333229689999825	3
17	3.6193271139999865	3
18	4.4327320689999965	3
19	5.2859867499999496	3
20	4.979050712999992	3
21	5.0110068129999945	3
22	8.704726212000025	3
23	5.312923835999982	3
24	4.298147932000006	3
25	3.631996866999998	3
26	3.7216183090000072	3
27	4.578332839000041	3
28	3.6333433679999985	3
29	3.6227315030000113	3
-
0	8.012389300999985	3
1	9.138496049999958	3
2	7.450673100000017	3
3	7.931991497000013	3
4	7.7144579910000175	3
5	9.704935954999996	3
6	9.028067300999965	3
7	9.514913344999968	3
8	9.968924456999957	3
9	171.03722978100006	3
10	7.6121772029999875	3
11	7.600109566000015	3
12	7.191774376000012	3
13	9.066340276999995	3
14	8.415924898999947	3
15	9.072541375000014	3
16	6.992587102000016	3
17	9.465192501000047	3
18	9.632532110000056	3
19	7.193734814999971	3
20	9.78412906099993	3
21	7.819059043000038	3
22	8.765974454000002	3
23	10.155417496000041	3
24	9.381002738000007	3
25	10.19030590300008	3
26	7.985256542999991	3
27	8.987322699999936	3
28	9.941409102999955	3
29	9.441306499999996	3
-
0	60.98115786700009	3
1	27.49723657900006	3
2	27.83224893399995	3
3	151.64669376000006	3
