0	0.07401821800000086	3
1	0.07367418899999922	3
2	0.07366197500000027	3
3	0.09604619000000003	3
4	0.09342186400000063	3
5	0.1693220489999998	3
6	0.09356145799999993	3
7	0.09572589500000017	3
8	0.09389104699999962	3
9	0.0977654930000007	3
10	0.0936844739999998	3
11	0.08120253600000105	3
12	0.0894205380000006	3
13	0.08286774200000124	3
14	0.04519473699999921	3
15	0.07227262600000017	3
16	0.09428997999999922	3
17	0.0969100049999998	3
18	0.09571938799999913	3
19	0.07057067300000064	3
20	0.07531582599999886	3
21	0.0769471579999994	3
22	0.08181378100000103	3
23	0.07840923100000019	3
24	0.07307473700000067	3
25	0.08106773499999953	3
26	0.09414793700000068	3
27	0.07163397500000102	3
28	0.08329845399999947	3
29	0.08155574499999929	3
-
0	0.2099217030000009	3
1	0.16324352999999903	3
2	0.20546216600000022	3
3	0.18201033799999955	3
4	0.19535380599999996	3
5	0.19340618800000087	3
6	0.1760651650000007	3
7	0.1617934820000002	3
8	0.18212568999999945	3
9	0.19212089700000057	3
10	0.14094868799999993	3
11	0.2037963620000003	3
12	0.156874779999999	3
13	0.18367065699999863	3
14	0.19219223000000163	3
15	0.19426806399999919	3
16	0.19408757000000065	3
17	0.19617613499999997	3
18	0.18177131000000024	3
19	0.15522458999999955	3
20	0.18103489099999948	3
21	0.1646721419999988	3
22	0.1550704500000002	3
23	0.17882793099999894	3
24	0.18433207599999868	3
25	0.18566968800000083	3
26	0.17789506199999927	3
27	0.14764365599999962	3
28	0.17151019300000137	3
29	0.18517020700000053	3
-
0	0.5344709109999997	3
1	0.9472832380000007	3
2	0.5194363800000019	3
3	0.49863803999999945	3
4	0.509171171000002	3
5	0.5669513649999978	3
6	0.5174995399999993	3
7	0.4428773700000015	3
8	0.5270368770000005	3
9	0.5902498290000011	3
10	0.5304748120000014	3
11	0.4828449340000027	3
12	0.48941678799999977	3
13	0.5117545030000024	3
14	0.5074715269999999	3
15	0.5578498380000028	3
16	0.4614094040000012	3
17	0.4559983520000017	3
18	0.9038797839999972	3
19	0.5305462149999975	3
20	0.553782309999999	3
21	0.4929574890000019	3
22	0.5942798829999987	3
23	0.42207968000000307	3
24	0.5543514169999995	3
25	0.4097790329999995	3
26	0.4521360159999972	3
27	0.509728201999998	3
28	0.5773636360000012	3
29	0.5903828519999976	3
-
0	1.2261628709999997	3
1	1.4140326770000016	3
2	1.1856755959999958	3
3	1.1301801490000045	3
4	1.2304654129999975	3
5	1.3447927100000001	3
6	1.3377960040000048	3
7	1.1964859209999972	3
8	1.0231758470000045	3
9	1.1867631570000015	3
10	5.440340374000002	3
11	1.0047040930000009	3
12	1.4135806379999991	3
13	1.2366266100000018	3
14	1.1803162009999966	3
15	1.3723133419999982	3
16	1.1987156180000014	3
17	1.2168164369999985	3
18	1.0905654000000027	3
19	1.307277752999994	3
20	1.0659067210000046	3
21	1.251490621000002	3
22	1.225701935999993	3
23	1.2497836080000013	3
24	1.0317461949999966	3
25	1.3907471169999894	3
26	1.2935189730000047	3
27	2.186814687000009	3
28	1.3121185250000025	3
29	1.1637261019999983	3
-
0	2.705329676000005	3
1	2.8052177510000007	3
2	2.8623812860000015	3
3	3.307643796999997	3
4	2.7665884419999998	3
5	2.4780583499999977	3
6	2.8184264269999915	3
7	2.792493398000005	3
8	2.9180523050000033	3
9	2.4723893090000075	3
10	2.4453959880000014	3
11	2.5973294949999968	3
12	2.8502335490000092	3
13	2.340876472000005	3
14	2.765182150000001	3
15	2.7548448430000008	3
16	3.0790732090000006	3
17	3.0961585039999875	3
18	2.6366296459999887	3
19	2.802276507999977	3
20	3.3221566080000002	3
21	2.81932723700001	3
22	2.7582423899999924	3
23	2.8180556679999995	3
24	2.663410106000015	3
25	2.7617902570000012	3
26	2.7352291109999953	3
27	2.6790765289999854	3
28	5.963380350999984	3
29	2.758369320999975	3
-
0	4.948210192000005	3
1	5.28269605700001	3
2	5.503610744999975	3
3	3.2729968470000017	3
4	5.093984479999989	3
5	3.362041894000015	3
6	4.783246066000004	3
7	4.3268982009999775	3
8	5.131063137000012	3
9	20.645703056000002	3
10	4.2994080309999845	3
11	5.049077816000022	3
12	19.665558111999985	3
13	3.463970991999986	3
14	5.132193361999953	3
15	5.217562376999979	3
16	4.816728167000008	3
17	4.238928020999992	3
18	24.611588099000016	3
19	5.3519192859999976	3
20	4.88536056099997	3
21	3.6843474579999906	3
22	5.3945499760000075	3
23	4.773210811000013	3
24	3.24172401200002	3
25	43.650568219000036	3
26	5.013994318000016	3
27	3.395086517999971	3
28	4.7514570559999925	3
29	4.844088458000044	3
-
0	9.06413923599996	3
1	13.407818571000007	3
2	9.41098400300001	3
3	7.517177602000004	3
4	25.570838573999993	3
5	48.89075788900004	3
6	9.880243866	3
7	9.687863316000062	3
8	44.70780275200002	3
9	27.889802077000013	3
10	11.326568813999984	3
11	11.789831059999983	3
12	9.340096162999998	3
13	9.147466121999969	3
14	8.356665937999992	3
15	6.9292022590000215	3
16	7.948732661000008	3
17	10.105474248000064	3
18	6.96475413099995	3
19	9.354742948999956	3
20	31.005343927000013	3
21	9.952407149999999	3
22	8.573224745000061	3
23	8.224251977999984	3
24	7.805666905000066	3
25	9.05300987299995	3
26	7.306120418000091	3
27	12.62133730000005	3
28	313.3924157879999	3
29	9.466455182000118	3
-
0	26.95696835900003	3
1	49.23472055599996	3
2	27.602005139000084	3
3	80.03011619099993	3
4	361.0986435330001	3
5	26.174941080000053	3
6	27.57329232999996	3
7	27.43157570199992	3
8	289.93978037800025	3
9	27.13985194900033	3
10	45.094957403999615	3
11	27.115690865000033	3
12	26.314415462999932	3
13	27.83904379400019	3
14	27.680572628999926	3
