0	0.03275901500000078	2
1	0.03711600299999951	2
2	0.03886026599999948	2
3	0.023782002999999996	2
4	0.02749371300000014	2
5	0.04360527799999936	2
6	0.04464849200000032	2
7	0.02862250200000016	2
8	0.036915512000000206	2
9	0.043446539000000506	2
-
0	0.09077776500000034	2
1	0.0706674060000001	2
2	0.08707120400000079	2
3	0.07622262600000074	2
4	0.08757310399999962	2
5	0.06806249899999983	2
6	0.08095617200000049	2
7	0.0739356149999999	2
8	0.08925667299999951	2
9	0.08885614599999947	2
-
0	0.2414986179999996	2
1	0.20989524199999998	2
2	0.20278990000000086	2
3	0.22935578899999953	2
4	0.20520207299999882	2
5	0.18099382100000128	2
6	0.2302439439999997	2
7	0.21313286100000006	2
8	0.20047944099999881	2
9	0.2215901200000001	2
-
0	0.6155762560000007	2
1	0.5548997699999987	2
2	0.5482782959999994	2
3	0.4945891160000002	2
4	0.4295209910000004	2
5	0.5608482610000003	2
6	0.4779618199999991	2
7	0.5155067419999995	2
8	0.5042534920000001	2
9	0.48474272600000035	2
-
0	1.1304325290000001	2
1	1.1310261240000017	2
2	1.1291783009999996	2
3	1.2004252029999982	2
4	1.1824879840000015	2
5	1.1860604770000016	2
6	0.9931224659999991	2
7	1.2673650740000006	2
8	1.0753469990000006	2
9	1.1857661089999993	2
-
0	2.1009716859999976	2
1	1.5578558650000005	2
2	1.5907901910000035	2
3	1.902819891	2
4	2.114466159999999	2
5	2.1308509580000035	2
6	2.1958154840000006	2
7	1.9970398509999967	2
8	1.8262398660000017	2
9	1.7935507369999968	2
-
0	4.607113334000005	2
1	4.784412306999997	2
2	4.7792230049999915	2
3	4.737604982999997	2
4	4.014817367999996	2
5	4.726750506999991	2
6	3.423305456999998	2
7	3.9136432309999947	2
8	4.212457177999994	2
9	3.4577938909999943	2
-
0	29.655626184	2
1	16.150389332000003	2
2	13.991487902999978	2
3	14.66303185800001	2
4	13.449061690000008	2
5	14.627758094	2
6	15.195739053000011	2
7	18.900077194999994	2
8	13.091300389000025	2
9	17.412817229999973	2
-
0	22.212652196000022	2
1	21.109008176999964	2
2	22.758644986000036	2
3	21.506138866000015	2
4	21.355074684000044	2
5	21.225110540999992	2
6	25.417558910999958	2
7	22.419600051999964	2
8	22.829807421000055	2
9	20.181534566000096	2
-
0	43.583519862	2
1	48.51400873099999	2
2	39.9904919060001	2
3	40.430549813000084	2
4	45.97118586599993	2
5	811.114448016	2
6	983.8729989349997	2
7	39.88298946399982	2
