0	0.18078316900000058	4
1	0.1480890430000006	4
2	0.2708294009999994	4
3	56.796334898	4
4	0.0875584449999991	4
5	0.2453880799999979	4
6	0.14777007799999353	4
7	0.269246329000012	4
8	0.2734694709999985	4
9	0.27632239999999797	4
10	0.16112889299999722	4
11	0.15978134799999566	4
12	0.16066474699999844	4
13	1.0747134929999902	4
14	0.16382132500000068	4
15	0.26752306699999906	4
16	0.14495796300001018	4
17	0.2677142139999944	4
18	0.25033335900000964	4
19	0.27716560300000026	4
20	0.10834180599999854	4
21	0.2312069259999987	4
22	0.2531066089999996	4
23	0.14809489800001074	4
24	0.2720419820000046	4
25	0.17017274799999882	4
26	0.4070002759999909	4
27	0.26665258700001004	4
28	0.16470909000000233	4
29	0.08792697699999508	4
-
0	0.5652360759999908	4
1	0.4251623690000059	4
2	1.8609656889999968	4
3	0.46246969599999943	4
4	0.5274544940000112	4
5	1.6923173619999972	4
6	0.9989632209999968	4
7	0.4864404879999995	4
8	0.3669296350000053	4
9	0.8011799779999933	4
10	1.8110577480000103	4
11	0.532668471000008	4
12	0.4017747080000049	4
13	0.303633167000001	4
14	0.3304998380000086	4
15	0.8073786000000069	4
16	0.47963201100000674	4
17	1.672119550000005	4
18	1.1161206129999925	4
19	0.5305789629999964	4
20	2.0741466239999937	4
21	0.7676428839999971	4
22	0.38742060900000297	4
23	0.771597989	4
24	0.5226900480000012	4
25	0.802565598000001	4
26	0.47248490300000867	4
27	0.6131606470000008	4
28	2.128399391000002	4
29	0.4588202720000112	4
-
