0	0.0033151029999993753	2
1	0.002380317000000076	2
2	0.0024656409999996853	2
3	0.002431372999999404	2
4	0.002190501000000289	2
5	0.0021113630000000327	2
6	0.002163259999999667	2
7	0.0022763729999999427	2
8	0.0023638669999996864	2
9	0.0022933620000005206	2
-
0	0.004358496000000045	2
1	0.004878017000000234	2
2	0.0049271600000002636	2
3	0.004472128999999825	2
4	0.004789388999999922	2
5	0.00454508099999984	2
6	0.004532866999999996	2
7	0.004629969999999872	2
8	0.0046951849999992135	2
9	0.004836926999999491	2
-
0	0.011260825000000807	2
1	0.012246961999998973	2
2	0.0157150659999985	2
3	0.012827804000000498	2
4	0.01254930200000004	2
5	0.012657015000000271	2
6	0.012843285000000648	2
7	0.012984051000000107	2
8	0.013206988000000308	2
9	0.0152381419999994	2
-
0	0.024814250999998677	2
1	0.02685945500000031	2
2	0.028939169999999237	2
3	0.03081126800000078	2
4	0.02887115899999948	2
5	0.028544196000000355	2
6	0.028185120999999924	2
7	0.029226705999999325	2
8	0.02645333599999944	2
9	0.027032413000000588	2
-
0	0.05276664700000211	2
1	0.054978102000003304	2
2	0.05983060100000159	2
3	0.06238946499999898	2
4	0.05859908300000072	2
5	0.06103920099999982	2
6	0.056642965000001766	2
7	0.05894881499999727	2
8	0.057085798999999326	2
9	0.05521882100000042	2
-
0	0.0873120159999985	2
1	0.08788419500000089	2
2	0.08565187899999671	2
3	0.08308545899999586	2
4	0.08900774399999989	2
5	0.0950395150000034	2
6	0.09730309600000453	2
7	0.09618258000000424	2
8	0.09580849599999652	2
9	0.09435588699999897	2
-
0	0.1749032609999972	2
1	0.1774106379999978	2
2	0.1927376840000079	2
3	0.19781640200000083	2
4	0.18506559499999753	2
5	0.19243123200000412	2
6	0.17143219300000112	2
7	0.19089370400000405	2
8	0.19307158000000868	2
9	0.18964552600000673	2
-
0	0.5425798069999956	2
1	0.5634851060000017	2
2	0.5582271990000152	2
3	0.5935490619999939	2
4	0.6050617170000123	2
5	0.572850055999993	2
6	0.5853929929999993	2
7	0.5740160349999996	2
8	0.614067016999968	2
9	0.6023760349999634	2
-
0	0.842755421999982	2
1	0.8561079209999889	2
2	0.8807096309999451	2
3	0.9065296219999937	2
4	0.889283517000024	2
5	0.8947340510000004	2
6	0.8794834410000476	2
7	0.8744423399999732	2
8	0.8871592719999626	2
9	0.913976316000003	2
-
0	1.309912620000091	2
1	1.3794021820000353	2
2	1.3571755149999944	2
3	1.3060753290000093	2
4	1.3651544119999244	2
5	1.4047132000000602	2
6	1.3920844909998777	2
7	1.3264295740000307	2
8	1.4573504049999428	2
