0	0.07561573600000049	4
1	0.28978966100000036	4
2	0.2833338080000001	4
3	0.2684083890000002	4
4	0.20639803799999878	4
5	0.43697403900000076	4
6	0.22160135700000083	4
7	0.26626795299999984	4
8	0.16041740000000004	4
9	0.27978506500000044	4
10	0.27405687999999984	4
11	0.27903239099999944	4
12	0.274344257000001	4
13	0.08987025300000084	4
14	0.09199935599999876	4
15	0.16355922999999883	4
16	0.27520037200000047	4
17	0.15750659099999886	4
18	0.07222980100000065	4
19	0.2641482219999993	4
20	0.1622138710000005	4
21	0.18387175199999994	4
22	0.07184613899999981	4
23	0.2704913859999998	4
24	0.16120028399999953	4
25	0.17165640600000032	4
26	0.25117132799999986	4
27	0.23317365599999995	4
28	0.44592764600000123	4
29	0.2811427739999992	4
-
0	0.49374548800000007	4
1	0.7580260279999997	4
2	0.5053737110000007	4
3	0.39870704700000026	4
4	0.49054234399999785	4
5	0.6207084800000011	4
6	0.5270191390000001	4
7	0.5274968150000028	4
8	0.7838192769999992	4
9	0.5360971229999976	4
10	0.5021590519999997	4
11	2.9730935579999986	4
12	2.0381524570000025	4
13	0.5915451800000007	4
14	0.548821003999997	4
15	0.494881393	4
16	0.41545876900000067	4
17	12.017998157999997	4
18	0.8025006210000001	4
19	0.8531841229999984	4
20	2.107453001000003	4
21	0.7291207220000047	4
22	0.471768854000004	4
23	0.8989645260000003	4
24	0.315069452000003	4
25	0.49254907799999614	4
26	0.4758617330000021	4
27	0.5298661819999992	4
28	0.7463757689999966	4
29	0.5381909250000021	4
-
0	6.047121072000003	4
1	81.42122595100001	4
2	11.103421632999982	4
3	2.016929594000004	4
4	1.5166365090000227	4
5	548.119954333	4
6	3.2061347339999884	4
7	3.3928019749999976	4
8	3.3838161740000032	4
9	1.4598738879999473	4
10	2.8198467569999366	4
11	1.9157653920000257	4
12	2.117183273999899	4
13	1.208692076000034	4
14	1.871188511000014	4
15	1.3641837879999912	4
16	2.681321442000012	4
17	1.3693220889999793	4
18	7.330544771999939	4
19	1.6591560919999893	4
20	1.4791716279999036	4
21	4.885153886000012	4
22	1.5549507709999943	4
23	1.8307200080000712	4
24	0.8277018979999866	4
25	3.129429676999962	4
