0	0.004532399000000353	4
1	0.004522651000000266	4
2	0.0046524159999998815	4
3	0.004617282999999972	4
4	0.004658169999999906	4
5	0.004620520000001349	4
6	0.004603660999999093	4
7	0.004952103000000818	4
8	0.00455470899999888	4
9	0.004894719999999353	4
10	0.0053993549999997725	4
11	0.005033444999998693	4
12	0.004834210999998589	4
13	0.005082498000000157	4
14	0.00508804799999929	4
15	0.005057991000001039	4
16	0.00517781599999978	4
17	0.005053144999999759	4
18	0.004767866999999981	4
19	0.004954720000000634	4
20	0.005027324999998584	4
21	0.004771783999999002	4
22	0.004917953999999725	4
23	0.004871671000000077	4
24	0.004420155000000037	4
25	0.00437194699999921	4
26	0.004979071000001056	4
27	0.005048155000000776	4
28	0.0047695379999996845	4
29	0.00441510200000117	4
-
0	0.008929013999999569	4
1	0.009889377000000366	4
2	0.010097851999999463	4
3	0.010120086000000583	4
4	0.01036518300000111	4
5	0.009831275999999889	4
6	0.010075352999997733	4
7	0.009669608999999468	4
8	0.009910306999998397	4
9	0.009974332999998836	4
10	0.00959021599999943	4
11	0.009623905999998073	4
12	0.009763140000000448	4
13	0.01006931499999908	4
14	0.009735303999999445	4
15	0.010129226000000102	4
16	0.010077077999998352	4
17	0.009720190999999545	4
18	0.011499895000000038	4
19	0.010445546999999777	4
20	0.01008726299999907	4
21	0.009624775999999002	4
22	0.010005353000000383	4
23	0.010134896000000282	4
24	0.010237124999999736	4
25	0.009802095999997817	4
26	0.00971077900000239	4
27	0.010184710000004316	4
28	0.010310047000004374	4
29	0.010122250000001998	4
-
0	0.02466864200000174	4
1	0.028379741999970065	4
2	0.02765547499996046	4
3	0.02867272100002083	4
4	0.02808927799992489	4
5	0.026497604999917712	4
6	0.026694356000007247	4
7	0.02521019100004196	4
8	0.030150714000001244	4
9	0.028686367999966933	4
10	0.028488588000072923	4
11	0.02805218599996806	4
12	0.028105278999987604	4
13	0.02883270799998172	4
14	0.02913883700000497	4
15	0.02744683499997791	4
16	0.026998079000009056	4
17	0.02531831500004955	4
18	0.02866571100003057	4
19	0.028166684999973768	4
20	0.027413108000018838	4
21	0.0279948529999956	4
22	0.027485170999966613	4
23	0.028930982000019867	4
24	0.02824589500005459	4
25	0.02818200000001525	4
26	0.027880892999974094	4
27	0.02791823600000498	4
28	0.0281301939999139	4
29	0.02868250899996383	4
-
0	0.05746833900002457	4
1	0.06515210099996693	4
2	0.07052916900011041	4
3	0.06453227399924799	4
4	0.0655778869995629	4
5	0.06898680300037086	4
6	0.06802147200050968	4
7	0.06290167900078814	4
8	0.06879912299973512	4
9	0.06867994200001704	4
10	0.06801355700008571	4
11	0.06626833300015278	4
12	0.061760890999721596	4
13	0.06901501100037422	4
14	0.06565181699988898	4
15	0.06462528500014741	4
16	0.06642985599955864	4
17	0.06570119600019098	4
18	0.07176586000059615	4
19	0.06659908399888081	4
20	0.06245345000024827	4
21	0.06631147600091936	4
22	0.0679644530009682	4
23	0.06643320299917832	4
24	0.06683127199903538	4
