0	0.005630523999999859	4
1	0.0057575200000004045	4
2	0.006137537999999942	4
3	0.005522642999999938	4
4	0.00600935800000002	4
5	0.005484725000000523	4
6	0.005714414999999917	4
7	0.005223310000001646	4
8	0.005994904000001355	4
9	0.0067484160000006455	4
-
0	0.010599498999999568	4
1	0.010975351999999106	4
2	0.011673349999998806	4
3	0.011519822000000346	4
4	0.011090535999999318	4
5	0.01157399100000056	4
6	0.011791288999999594	4
7	0.014210418999999419	4
8	0.011979459000000858	4
9	0.011803393999999301	4
-
0	0.028831732000000443	4
1	0.03213628700000015	4
2	0.03249191000000451	4
3	0.032796104000013315	4
4	0.0348722810000055	4
5	0.03328629400000693	4
6	0.03298070399999631	4
7	0.02992672599999935	4
8	0.030710257999999158	4
9	0.031945759000009843	4
-
0	0.07310522200000946	4
1	0.07939986400000976	4
2	0.07306750199998646	4
3	0.07507300999998279	4
4	0.07262090500000795	4
5	0.07819111099999532	4
6	0.07470431999999505	4
7	0.0768726880000088	4
8	0.07374181299999805	4
9	0.07430628599999523	4
-
0	0.13758145399998511	4
1	0.1520243980000089	4
2	0.13429730000001427	4
3	0.1468910560000154	4
4	0.12203899599990109	4
5	0.1357006159996672	4
6	0.13989294700013488	4
7	0.1390847309999117	4
8	0.13789566900004502	4
9	0.13288940700022067	4
-
0	0.19455896899989966	4
1	0.2065972230002444	4
2	0.1891700569999557	4
