0	0.0025844560000001238	2
0	0.0036289159999993714	3
0	0.004829899000000637	4
1	0.004388458000000206	2
1	0.0034687690000003712	3
1	0.004579749000000355	4
2	0.0026643149999996396	2
2	0.0032686379999997683	3
2	0.005042355999998804	4
3	0.002967918999999597	2
3	0.0037736150000000634	3
3	0.005020789999999664	4
4	0.0029411879999994284	2
4	0.003678917000000226	3
4	0.004874842999999629	4
5	0.0028959859999986293	2
5	0.0036784979999993084	3
5	0.00485939400000035	4
6	0.0028816139999996437	2
6	0.0036567420000004347	3
6	0.004824264999999883	4
7	0.002926150999998711	2
7	0.003925831000000102	3
7	0.004892876999999629	4
8	0.0029060669999996236	2
8	0.0036678460000008073	3
8	0.004875265999999101	4
9	0.0027188379999998347	2
9	0.003226601999999801	3
9	0.004288578999998904	4
10	0.002699003000000033	2
10	0.003604918000000623	3
10	0.004816165000001149	4
11	0.0029042100000005178	2
11	0.0036439749999992443	3
11	0.004819727000000995	4
12	0.0027670240000006174	2
12	0.0033235839999985473	3
12	0.004417233999999937	4
13	0.002898093999998963	2
13	0.0036379110000002157	3
13	0.004844500999999113	4
14	0.002831611999999595	2
14	0.0034182160000000295	3
14	0.0046023009999984765	4
15	0.002848342000000059	2
15	0.003638545999999465	3
15	0.004807261999999923	4
16	0.0026684239999994475	2
16	0.003328650000000266	3
16	0.004408546999998819	4
17	0.0029350689999994017	2
17	0.003611027999999905	3
17	0.004820918000000063	4
18	0.0028765679999995797	2
18	0.003641076999999271	3
18	0.004874238999999392	4
19	0.002905364000000077	2
19	0.0036726710000003493	3
19	0.004843418999998406	4
20	0.002764343000000835	2
20	0.0034296729999994113	3
20	0.004609355999999565	4
21	0.0029067380000000753	2
21	0.0033064799999991124	3
21	0.004346588999997181	4
22	0.002786111999999008	2
22	0.003423478000001978	3
22	0.004560430000001503	4
23	0.0025045769999998413	2
23	0.0031863899999997614	3
23	0.004234358000001492	4
24	0.002670564999998959	2
24	0.003193874999997348	3
24	0.004296192000001753	4
25	0.002692994000000226	2
25	0.0032896969999995918	3
25	0.004341393000000693	4
26	0.002877458000000388	2
26	0.0036484530000002735	3
26	0.004820272999999986	4
27	0.0028333429999989335	2
27	0.0034288740000008033	3
27	0.004559299000000294	4
28	0.0027137690000031967	2
28	0.0036295499999994263	3
28	0.004826836999999529	4
29	0.0028712300000002244	2
29	0.003431670000001219	3
29	0.00457057000000205	4
-
0	0.004803085999999013	2
0	0.008347351999997699	3
0	0.009092837999997272	4
1	0.005782626999998541	2
1	0.007184706999996848	3
1	0.009868169000000648	4
2	0.007281679999998403	2
2	0.006688986000000341	3
2	0.009481142000002052	4
3	0.005479217999997843	2
3	0.006500102999996926	3
3	0.00868529000000251	4
4	0.005725693999998782	2
4	0.007221776000001512	3
4	0.009616373000000067	4
5	0.005694725000001455	2
5	0.007010328999999871	3
5	0.009406717000000953	4
6	0.005720714999998933	2
6	0.007118642999998315	3
6	0.009916894999999926	4
7	0.00554056100000011	2
7	0.006752526999999731	3
7	0.009114099999997904	4
8	0.0058259569999989935	2
8	0.007231037000003937	3
8	0.009761380999997016	4
9	0.006038879000001884	2
9	0.007203989000004185	3
9	0.009628796000001216	4
10	0.0055094419999974775	2
10	0.006910591999996996	3
10	0.009148675000005824	4
11	0.005586013999995032	2
11	0.007061233000001721	3
11	0.009486658000000148	4
12	0.005619561000003159	2
12	0.006923312000004955	3
12	0.009288707000003171	4
13	0.005426158999995323	2
13	0.006585424000000728	3
13	0.008869156999999461	4
14	0.005809956000000227	2
14	0.007177513999998553	3
14	0.009670329000002198	4
15	0.0055480689999996	2
15	0.008141127000001802	3
15	0.008712675999994701	4
16	0.00542680299999887	2
16	0.006686225000002821	3
16	0.00901598799999448	4
17	0.005657770999995648	2
17	0.0069136759999963715	3
17	0.009330898000001753	4
18	0.005289398000002166	2
18	0.006262640999999292	3
18	0.008779873999998244	4
19	0.005493167000004462	2
19	0.006762068999996984	3
19	0.009108637000004194	4
20	0.005489945999997303	2
20	0.006745195000000592	3
20	0.009077853000000857	4
21	0.0057416460000041525	2
21	0.007197363999999595	3
21	0.009606927000000098	4
22	0.005548638000000494	2
22	0.00669501599999478	3
22	0.009024721999999485	4
23	0.005473080999998103	2
23	0.006750191000001848	3
23	0.009179967000001454	4
24	0.005255288000000746	2
24	0.0062432309999991276	3
24	0.008424632999997073	4
25	0.005643832000004068	2
25	0.0071593179999993595	3
25	0.009591360000001714	4
26	0.0055889630000010015	2
26	0.006800206999997727	3
26	0.009073559000000841	4
27	0.005753386999998611	2
27	0.0071593170000028294	3
27	0.009595117000003484	4
28	0.005859741999998391	2
28	0.007199002000000121	3
28	0.009654237999995985	4
29	0.005464709999998263	2
29	0.006445992000003287	3
29	0.008727307000000906	4
-
0	0.01272846199999833	2
0	0.01950915699999456	3
0	0.027760168000000363	4
1	0.016175470999996833	2
1	0.019767221999998696	3
1	0.02764890099999917	4
2	0.015863746000000845	2
2	0.019426746000000605	3
2	0.027202767999995103	4
3	0.015504711999994925	2
3	0.019069905999998582	3
3	0.02701984299999083	4
4	0.014943787999996516	2
4	0.018025584000000094	3
4	0.025618023999996353	4
5	0.0162470030000037	2
5	0.017183679999988044	3
5	0.024494139000012183	4
6	0.017316086000008113	2
6	0.01997845600000403	3
6	0.02817894800000431	4
7	0.015270329000003358	2
7	0.018738398000010648	3
7	0.02759783400000515	4
8	0.01593840700000726	2
8	0.0202233140000061	3
8	0.02818892600001277	4
9	0.015788176999990355	2
9	0.019618553000000816	3
9	0.02723058000000833	4
10	0.015984126000006427	2
10	0.020176029000012363	3
10	0.029185927000000333	4
11	0.015804201999998213	2
11	0.019398466999987818	3
11	0.028008272000008105	4
12	0.014633437000000526	2
12	0.017199570000002495	3
12	0.02460883699998817	4
13	0.015365559999992229	2
13	0.019773344000000748	3
13	0.02762545199999522	4
14	0.016152442000006317	2
14	0.020003138999996395	3
14	0.028174836000005143	4
15	0.016158182999987503	2
15	0.019998904999994238	3
15	0.02827121600000737	4
16	0.017529403000011712	2
16	0.019716926000000967	3
16	0.027520081999995227	4
17	0.015795988999997235	2
17	0.019547754000001305	3
17	0.029138653000003956	4
18	0.016153484000000162	2
18	0.02004342900001177	3
18	0.028125775999995994	4
19	0.01546983699999771	2
19	0.018603658999992945	3
19	0.026166654999997263	4
20	0.015668047999994883	2
20	0.018188590000008276	3
20	0.02747336200000916	4
21	0.015427532999993332	2
21	0.019042294999991327	3
21	0.02681470100000638	4
22	0.014757803999998487	2
22	0.017985143999993625	3
22	0.02510161300000391	4
23	0.015588679000018146	2
23	0.01946976899998276	3
23	0.027503948999992645	4
24	0.01477273000000423	2
24	0.01765756300000021	3
24	0.026651348000001462	4
25	0.01563328000000297	2
25	0.01960340700000529	3
25	0.027963788000022305	4
26	0.016030517000018563	2
26	0.019975686999998743	3
26	0.027675926999989997	4
27	0.015424217999992607	2
27	0.018878486999994948	3
27	0.026297832000011567	4
28	0.015446225000005143	2
28	0.019035868999992545	3
28	0.02699445800001854	4
29	0.016460819000002402	2
29	0.020035875999980135	3
29	0.02783534200000304	4
-
0	0.027350850999994236	2
0	0.04150144900000896	3
0	0.05893026199998985	4
1	0.034786384000000226	2
1	0.04207150700000284	3
1	0.0614138500000081	4
2	0.03530539400000521	2
2	0.04821533400001954	3
2	0.06658070000000293	4
3	0.03632149899999604	2
3	0.04735855100000208	3
3	0.06845360500000197	4
4	0.03728981000000431	2
4	0.04438831699997081	3
4	0.06306051600000728	4
5	0.03616900999998052	2
5	0.04562501800000973	3
5	0.06650821300002008	4
6	0.035067391000097814	2
6	0.04446618400004354	3
6	0.06300346000000445	4
7	0.03722092900000007	2
7	0.04511475499998596	3
7	0.06826623200004178	4
8	0.03447648899998512	2
8	0.041946984999981396	3
8	0.0617665910000369	4
9	0.03362620500001867	2
9	0.04216329200005475	3
9	0.06748336099997232	4
10	0.03394156800004566	2
10	0.04233898300003602	3
10	0.062490271000001485	4
11	0.03495013899998867	2
11	0.043250410000041484	3
11	0.06363726600000064	4
12	0.03375838300007672	2
12	0.043387063999944075	3
12	0.06108046200006356	4
13	0.03344844200000807	2
13	0.04140692600003604	3
13	0.06028776100004052	4
14	0.033773411999959535	2
14	0.04239904899998237	3
14	0.06202815200003897	4
15	0.035334124999963024	2
15	0.046279179999942244	3
15	0.06652055799997925	4
16	0.03433181100001548	2
16	0.041660274000037134	3
16	0.06163250399993103	4
17	0.03342884699998194	2
17	0.041554072000053566	3
17	0.061287967999987814	4
18	0.03380263899998681	2
18	0.04235680900001171	3
18	0.06423429599999508	4
19	0.034754136999936236	2
19	0.04335562400001436	3
19	0.06799426400004904	4
20	0.03534046699996907	2
20	0.04470093399993402	3
20	0.06584487300006003	4
21	0.03969322100010686	2
21	0.043781147999993664	3
21	0.06421051600000283	4
22	0.037744611999983135	2
22	0.041929778000053375	3
22	0.06530598899996676	4
23	0.032815034999998716	2
23	0.039507069000023876	3
23	0.05811788500000148	4
24	0.03236926499994297	2
24	0.04161422900006073	3
24	0.05876156900001206	4
25	0.03544483499990747	2
25	0.04571645099997568	3
25	0.0676525970000057	4
26	0.035647333000042636	2
26	0.045246890000044004	3
26	0.06415614399998049	4
27	0.041839893000087613	2
27	0.04256366099980369	3
27	0.06353630500007057	4
28	0.03491308200000276	2
28	0.04419616099994528	3
28	0.06442428799982736	4
29	0.03320692799979952	2
29	0.039730517999942094	3
29	0.05834501299978001	4
-
0	0.05867096100018898	2
0	0.08728536399985387	3
0	0.12890567100021144	4
1	0.07633403199997701	2
1	0.08856979199981652	3
1	0.13230353199969613	4
2	0.07187612799998533	2
2	0.08366190900005677	3
2	0.12417778899998666	4
3	0.07030085899987171	2
3	0.08250433500006693	3
3	0.12316280799996093	4
4	0.07060544200021468	2
4	0.08353124999985084	3
4	0.12347114099975443	4
5	0.06744644499985952	2
5	0.07840381799996976	3
5	0.11206898299997192	4
6	0.0706692160001694	2
6	0.0858576229998107	3
6	0.12971083000002182	4
7	0.07515547299999525	2
7	0.08924213699992833	3
7	0.13150292099999206	4
8	0.07440669900006469	2
8	0.0829123299999992	3
8	0.1254609170000549	4
9	0.0714849289997801	2
9	0.08504093400006241	3
9	0.12830427600010808	4
10	0.07657919400026003	2
10	0.08983743199996752	3
10	0.12834339499977432	4
11	0.0750700980001966	2
11	0.08887975600009668	3
11	0.13188543000023856	4
12	0.06971516300018266	2
12	0.07902301400008582	3
12	0.12536151399990558	4
13	0.06972586400024738	2
13	0.08575432799989358	3
13	0.12354818399990108	4
14	0.07135654799958502	2
14	0.08542026499981148	3
14	0.1260204610002802	4
15	0.07254037399980007	2
15	0.08648862700010795	3
15	0.12890176400014752	4
16	0.07640117600021767	2
16	0.09079067100083194	3
16	0.13391772599970864	4
17	0.07710247199975129	2
17	0.09121592300016346	3
17	0.13428335600019636	4
18	0.06881849399997009	2
18	0.07564977499987435	3
18	0.11244398100006947	4
19	0.0687462649993904	2
19	0.08420930700049212	3
19	0.12491178299933381	4
20	0.07145634300013626	2
20	0.0876585559999512	3
20	0.12453580100009276	4
21	0.07522074000007706	2
21	0.09200983400023688	3
21	0.13300133100074163	4
22	0.07234532599977683	2
22	0.0843423950000215	3
