0	0.0037198809999994253	3
1	0.0035057339999999826	3
2	0.0035038370000002317	3
3	0.003517290999999645	3
4	0.003306258000000284	3
5	0.003349865999999757	3
6	0.0033005150000002814	3
7	0.00328543899999989	3
8	0.0036781610000007348	3
9	0.003711938000000359	3
10	0.003377764999999755	3
11	0.003488314000000159	3
12	0.00379538299999993	3
13	0.0037102050000008546	3
14	0.003410789000000136	3
15	0.0033118310000013196	3
16	0.0035433309999994833	3
17	0.003335530999999392	3
18	0.0035051950000006826	3
19	0.0032985889999999074	3
20	0.0033692389999995243	3
21	0.003821543999999122	3
22	0.003783313999999649	3
23	0.003336043000000899	3
24	0.0036351929999991484	3
25	0.0033344920000004663	3
26	0.0033294069999989517	3
27	0.003489989000000193	3
28	0.0037057750000002443	3
29	0.003425989000000129	3
-
0	0.006514688000001101	3
1	0.007412470000000226	3
2	0.0069511450000003805	3
3	0.007344403000001165	3
4	0.007354570000000393	3
5	0.00699654900000013	3
6	0.00887431499999991	3
7	0.006852831999999864	3
8	0.00737845799999981	3
9	0.008684617000000117	3
10	0.007277912999999359	3
11	0.007672537999999562	3
12	0.006585756999999859	3
13	0.007227734000000652	3
14	0.00695643000000068	3
15	0.007324092999999365	3
16	0.00744336400000023	3
17	0.007326806000000019	3
18	0.007266803000000266	3
19	0.007079236999999239	3
20	0.006993151999999725	3
21	0.007352477999999607	3
22	0.007257245000001689	3
23	0.006986890000000301	3
24	0.007111931000000737	3
25	0.007210896000000133	3
26	0.006562342000000498	3
27	0.0070633300000011445	3
28	0.006804349000002929	3
29	0.007358286999998853	3
-
0	0.016404013999999023	3
1	0.02060727399999962	3
2	0.019325305999998932	3
3	0.019886452000001498	3
4	0.020425726000002697	3
5	0.018906585999999947	3
6	0.01910329800000099	3
7	0.020835578999999882	3
8	0.02117600899999772	3
9	0.019427101999998087	3
10	0.022097374999997754	3
11	0.021037034999999094	3
12	0.021121804999999938	3
13	0.020526684000000017	3
14	0.02047650900000164	3
15	0.021010099999998033	3
16	0.020981637999998526	3
17	0.020818867999999213	3
18	0.022137744999998432	3
19	0.019279559000001	3
20	0.01941745499999925	3
21	0.020452257999998835	3
22	0.020078492000003223	3
23	0.021141757999998845	3
24	0.02086427300000082	3
25	0.019867056999999022	3
26	0.020867457000001366	3
27	0.018505304000001388	3
28	0.019911747999998397	3
29	0.020181183000005376	3
-
0	0.0410340139999974	3
1	0.04522568300000529	3
2	0.046480338999998594	3
3	0.04215204899999492	3
4	0.04720579500000355	3
5	0.04366939100000167	3
6	0.0470814100000041	3
7	0.04128069100000431	3
8	0.039416506999998546	3
9	0.04508415000000099	3
10	0.048253770000002305	3
11	0.04516083500000434	3
12	0.04095875899999868	3
13	0.043531166000001065	3
14	0.045515034999993986	3
15	0.04758181799999761	3
16	0.04548000300000865	3
17	0.04293743600000255	3
18	0.0438730050000089	3
19	0.04465867099999343	3
20	0.04143510800000172	3
21	0.04404719600000817	3
22	0.047035727999997334	3
23	0.04925422099999821	3
24	0.04585088100000689	3
25	0.04423675699999308	3
26	0.04188298799999757	3
27	0.045264981000002535	3
28	0.044513037999990956	3
29	0.04432722599999295	3
-
0	0.08197919100000206	3
1	0.09246138299999984	3
2	0.08845540199999391	3
3	0.0903609519999975	3
4	0.09179632599999366	3
5	0.09619356199999629	3
6	0.09527525000000026	3
7	0.08323482000000126	3
8	0.08959401999999272	3
9	0.08804987499999584	3
10	0.09090470800001071	3
11	0.09005641699999956	3
12	0.09679854399999499	3
13	0.08523212400001512	3
14	0.09285771000000409	3
15	0.09280422800000565	3
16	0.08849227999999698	3
17	0.0924915340000041	3
18	0.09217652300000623	3
19	0.08442141500000844	3
20	0.08682726000000685	3
21	0.0906179570000063	3
22	0.09398047900000961	3
23	0.08141546400000266	3
24	0.08721885799999995	3
25	0.08526400299999182	3
26	0.09104197100000988	3
27	0.08693806099998369	3
28	0.09154357999997842	3
29	0.08896774900000537	3
-
0	0.13173898799999506	3
1	0.15477632500000027	3
2	0.14707226400000195	3
3	0.1502447430000018	3
4	0.1520924159999879	3
5	0.1461927069999831	3
6	0.15342316299998515	3
7	0.15659783099999913	3
8	0.15902596099999755	3
9	0.15328979499997786	3
10	0.1556399289999888	3
11	0.14232561499997587	3
12	0.15647360100001606	3
13	0.1514445049999722	3
14	0.14935449800003653	3
15	0.13958313900002395	3
16	0.150003584999979	3
17	0.1425041229999806	3
18	0.1455007069999965	3
19	0.1588720569999964	3
20	0.15846188500000835	3
21	0.15622431700001016	3
22	0.1558170899999709	3
23	0.15835252499999797	3
24	0.15147973999995656	3
25	0.14424935699997832	3
26	0.14499370800001543	3
27	0.14861771900001486	3
28	0.1445290190000037	3
29	0.14368533699996533	3
-
0	0.2602149269999927	3
1	0.3000043190000383	3
2	0.28004791099999693	3
3	0.2860276800000179	3
4	0.2791274130000261	3
5	0.3156523369999604	3
6	0.3060461489999966	3
7	0.31595971499996267	3
8	0.3138939759999744	3
9	0.3046986759999868	3
10	0.2791249570000218	3
11	0.2762953449999941	3
12	0.2709372799999983	3
13	0.29450017800002115	3
14	0.29376309799999945	3
15	0.31071092499996666	3
16	0.27161363899995195	3
17	0.3082017970000379	3
18	0.31474855500005106	3
19	0.27422261199990317	3
20	0.3091825000000199	3
21	0.28701911799998925	3
22	0.2962229689999276	3
23	0.31103482599996823	3
24	0.3114377990000321	3
25	0.3106638259999954	3
26	0.2916205200000377	3
27	0.30296252699997694	3
28	0.310381798000094	3
29	0.30465151600003537	3
-
0	0.8703939439999431	3
1	0.932135631000051	3
2	0.9838713080000616	3
3	0.9009259210000664	3
