0	0.28700842000000026	4
1	0.17222484000000016	4
2	0.23173443700000007	4
3	0.2685764019999999	4
4	0.16546672399999984	4
5	0.20550099899999985	4
6	0.4833421429999998	4
7	0.2713413889999998	4
8	0.23822131000000013	4
9	0.17643603399999996	4
-
0	0.47674645800000093	4
1	0.3566192679999993	4
2	0.8371225449999997	4
3	1.7371880320000006	4
4	4.657129588000002	4
5	2.061324365000001	4
6	1.7294649500000006	4
7	2.101684292999998	4
8	0.29565901999999866	4
9	0.4985894309999992	4
-
0	1.6439285079999983	4
1	3.7412053869999973	4
2	3.0272118349999992	4
3	2.3399681450000003	4
4	3.341364702	4
5	1.387999721	4
6	1.4688527809999954	4
7	4.382560379999994	4
8	1.6016651780000046	4
9	3.768015867999999	4
-
0	3.268432464	4
1	3.509597466999999	4
2	2.9153020230000024	4
3	25.005327586000007	4
4	2.946142739999999	4
5	4.542520683999996	4
6	103.067286221	4
7	3.401181842999989	4
8	3.092934074999988	4
9	2.004159272999999	4
-
0	16.974394114999996	4
