0	0.046441603000000775	2
1	0.03222244899999982	2
2	0.04344795999999995	2
3	0.04298984199999989	2
4	0.04336391899999992	2
5	0.029171701000000105	2
6	0.04328139200000081	2
7	0.03328022300000022	2
8	0.045273405000000544	2
9	0.04331394499999952	2
10	0.04168959499999936	2
11	0.03538095000000041	2
12	0.04345481799999984	2
13	0.04354503199999993	2
14	0.036393619000000044	2
15	0.037460503000000145	2
16	0.043241476999999584	2
17	0.037545788999999274	2
18	0.03920985800000043	2
19	0.03663054400000032	2
20	0.04600181600000042	2
21	0.028905624000000074	2
22	0.03528178100000012	2
23	0.03740418199999951	2
24	0.024401088999999487	2
25	0.04309843600000107	2
26	0.024850183000001635	2
27	0.036909468000001056	2
28	0.029022895999998966	2
29	0.03340378199999883	2
-
0	0.08839933099999975	2
1	0.09024783000000092	2
2	0.07923993500000037	2
3	0.08248119400000142	2
4	0.07415259400000096	2
5	0.07095610100000016	2
6	0.08546696199999992	2
7	0.08299013600000116	2
8	0.07268300399999994	2
9	0.0788129650000009	2
10	0.0748812730000008	2
11	0.0884238359999987	2
12	0.08789721499999992	2
13	0.07397262799999993	2
14	0.0763943720000011	2
15	0.08326457000000076	2
16	0.08405388900000155	2
17	0.07063799500000023	2
18	0.07190297999999906	2
19	0.06522930799999926	2
20	0.07894878900000002	2
21	0.08703257200000003	2
22	0.08901853300000084	2
23	0.07837985799999991	2
24	0.07474950099999944	2
25	0.084594151000001	2
26	0.08707126300000034	2
27	0.08230525200000116	2
28	0.07269609999999993	2
29	0.0864610189999997	2
-
0	0.24851742700000123	2
1	0.23078821799999893	2
2	0.1977467930000003	2
3	0.25370643800000003	2
4	0.24348346399999876	2
5	0.249248098999999	2
6	0.19375248399999911	2
7	0.22166911299999903	2
8	0.23898795000000028	2
9	0.2502873139999995	2
10	0.21675951499999968	2
11	0.2567821439999989	2
12	0.23497594400000033	2
13	0.24579881799999903	2
14	0.22629696399999943	2
15	0.2263081370000002	2
16	0.21838283800000013	2
17	0.25450346099999877	2
18	0.20305624499999908	2
19	0.21234041599999998	2
20	0.2083661680000013	2
21	0.1894261869999987	2
22	0.22502682600000057	2
23	0.2263329390000024	2
24	0.21600300500000102	2
25	0.2274818769999989	2
26	0.20325624600000225	2
27	0.250913661000002	2
28	0.2149955349999999	2
29	0.20254793800000215	2
-
0	0.585355750999998	2
1	0.5113346839999977	2
2	0.5886710520000022	2
3	0.5944066180000007	2
4	0.5067403510000013	2
5	0.5815639150000003	2
6	0.47055062500000133	2
7	0.4803043260000024	2
8	0.4974626449999988	2
9	0.4478717060000008	2
10	0.5631947779999997	2
11	0.5375372910000031	2
12	0.48986155000000053	2
13	0.5682882619999994	2
14	0.5775648259999997	2
15	0.5870422899999994	2
16	0.48726717099999917	2
17	0.5194132580000002	2
18	0.478879096	2
19	0.5122160329999979	2
20	0.5206986419999993	2
21	0.5159642070000032	2
22	0.5058562230000021	2
23	0.5571970390000018	2
24	0.5483971039999957	2
25	0.5882010630000067	2
26	0.47168307400000486	2
27	0.5214765309999976	2
28	0.48502108299999946	2
29	0.4587684410000037	2
-
0	0.9715716590000056	2
1	1.2793855480000005	2
2	1.0115709829999986	2
3	1.3481774230000028	2
4	1.1828327579999964	2
5	1.0465285849999972	2
6	1.0031057009999955	2
7	1.1496779349999997	2
8	1.2536850540000017	2
9	1.114900593999998	2
10	1.2261628980000054	2
11	0.9270204110000009	2
12	1.1837421849999998	2
13	1.1317110319999983	2
14	1.1781575219999993	2
15	1.2763925610000015	2
16	0.8551330660000005	2
17	0.9502811380000011	2
18	1.189962217999998	2
19	1.3478380690000051	2
20	1.0562713590000072	2
21	1.2495351929999998	2
22	0.8882980320000087	2
23	1.1984337779999947	2
24	1.0596657500000077	2
25	1.191603439000005	2
26	1.1199785880000093	2
27	1.1455171919999998	2
28	1.255116400999995	2
29	1.1995829650000047	2
-
0	2.044029881	2
1	2.10201803999999	2
2	2.09742525099999	2
3	2.115332401999993	2
4	1.6946082310000037	2
5	1.893882032999997	2
6	2.069866604000012	2
7	2.1188395729999883	2
8	2.094199835000012	2
9	2.1430137600000023	2
10	1.6191201620000015	2
11	2.094513414000005	2
12	2.081785805999999	2
13	2.1315699230000007	2
14	1.8333745909999948	2
15	1.912234457000011	2
16	2.1462167050000005	2
17	1.9397489159999992	2
18	1.9666035750000077	2
19	2.0832019199999934	2
20	2.097505044000002	2
21	1.87843441199999	2
22	2.162620017000023	2
23	2.125535896999992	2
24	2.1420717240000045	2
25	2.0304881019999925	2
26	2.0743519270000093	2
27	1.5330684200000064	2
28	2.0633978269999886	2
29	1.5925578349999796	2
-
0	5.030345258999972	2
1	4.340528839000001	2
2	4.079368432999985	2
3	4.018889083000005	2
4	4.170017236000007	2
5	4.669387961000012	2
6	4.110439546999999	2
7	4.900301278000001	2
8	4.586984604999998	2
9	4.861588446000013	2
10	3.4001769679999825	2
11	4.756875328000007	2
12	4.692816037	2
13	3.5583091419999846	2
14	3.8564506749999907	2
15	4.685733835999997	2
16	4.673725407999996	2
17	4.82988229099999	2
18	4.712077195000006	2
19	3.5107911670000362	2
20	4.732078822000005	2
21	4.859453772999984	2
22	4.115470506999998	2
23	4.047877024000002	2
24	4.343493376000026	2
25	4.442284960000052	2
26	4.621406535999995	2
27	4.494932088999974	2
28	4.931571108000014	2
29	4.235296483000013	2
-
0	14.642982691999975	2
1	14.33829665799999	2
2	16.48703083800001	2
3	15.693901386999983	2
4	14.471904676999998	2
5	14.615620372000024	2
6	14.478981237000028	2
7	14.64443178900001	2
8	16.85644875600002	2
9	14.761938827999927	2
10	16.51345604400001	2
11	18.767529413000034	2
12	14.051107247999994	2
13	14.791537791999986	2
14	14.708952997000097	2
15	14.395346046999975	2
16	15.535403588000008	2
17	14.370193355000083	2
18	14.46897116699995	2
19	15.489009067000097	2
20	15.645266998000011	2
21	16.061036225999942	2
22	15.94187741199994	2
23	16.608490858000096	2
24	16.29525481500002	2
25	14.963417186000015	2
26	16.850874266999995	2
27	13.517944825999962	2
28	16.139522429000067	2
29	14.504534215000035	2
-
0	23.503863118000027	2
1	23.13748411600011	2
2	23.033488001000023	2
3	26.854147340000054	2
4	26.19830965999995	2
5	21.888572849000184	2
6	26.626999624999826	2
7	27.866629829999965	2
8	23.27132887699986	2
9	22.59311860999992	2
10	20.315447117000076	2
11	25.10511158600002	2
12	26.988854504000074	2
13	21.827360924000004	2
14	20.312664452000035	2
15	22.08491320600001	2
16	22.467985825999904	2
17	489.208239024	2
18	21.567151026000147	2
19	23.616156874000126	2
20	25.07684509600017	2
21	1727.9058310750002	2
22	22.123483968999608	2
23	24.28217643700009	2
24	21.79065467800001	2
25	24.763892357999794	2
26	21.699079157000142	2
27	22.403304570999808	2
28	22.04317646299978	2
29	25.463681464000274	2
-
0	41.18678061699984	2
1	41.36593826800072	2
2	205.17970576900007	2
3	44.63477376099945	2
4	45.15004118500019	2
5	44.79177346800043	2
6	46.40753632799988	2
7	1271.5535446540007	2
8	223.12698120500045	2
9	140.60972394799956	2
10	39.38250348299971	2
11	41.46404495200022	2
12	55.26329018399974	2
13	40.30158777700035	2
14	43.604080408999835	2
15	41.24390241099991	2
16	37.91747875799956	2
17	42.15728029799993	2
