0	0.0025797430000000787	2
1	0.002332452000000096	2
2	0.0025079330000004063	2
3	0.0024600690000005088	2
4	0.0024765840000000594	2
5	0.002272657999999872	2
6	0.0025251519999995864	2
7	0.002264988000000301	2
8	0.00254495400000021	2
9	0.0024804000000004933	2
10	0.0024138759999994264	2
11	0.0023341849999996	2
12	0.0024530700000005012	2
13	0.0024585159999999107	2
14	0.002343752999999893	2
15	0.0023501470000004687	2
16	0.0024591359999996953	2
17	0.002330742999999913	2
18	0.0023594080000002293	2
19	0.0023579369999993105	2
20	0.0025109279999995238	2
21	0.0023191059999998487	2
22	0.0023455499999993634	2
23	0.0023022529999998653	2
24	0.0021889819999998394	2
25	0.0024472380000002403	2
26	0.0022211699999985512	2
27	0.002321943000000104	2
28	0.002196504999998794	2
29	0.002299908999999545	2
-
0	0.004593100000001016	2
1	0.004991148000000223	2
2	0.004795623999999776	2
3	0.004683735999998717	2
4	0.004596646999999621	2
5	0.004479907000000338	2
6	0.0046969990000000905	2
7	0.004669262000000174	2
8	0.004560481000000394	2
9	0.004627954000000045	2
10	0.006169075999999052	2
11	0.004966952000000191	2
12	0.004901826999999415	2
13	0.004663222999999661	2
14	0.004747768999999735	2
15	0.004723079000001462	2
16	0.004756678999999764	2
17	0.004591914000000585	2
18	0.004590422999999788	2
19	0.0043371649999990325	2
20	0.004684234000000842	2
21	0.004880077000001037	2
22	0.005016806000000429	2
23	0.004794656999999702	2
24	0.004540060000000068	2
25	0.004820387000000537	2
26	0.004883197999999922	2
27	0.0048092379999999935	2
28	0.0046199239999999975	2
29	0.00481297199999986	2
-
0	0.011632703000000078	2
1	0.012875701999998768	2
2	0.012164968999998749	2
3	0.013226085999999526	2
4	0.013210518999999366	2
5	0.013644403000000693	2
6	0.012644511999999608	2
7	0.012173680000000076	2
8	0.013279092000001214	2
9	0.013469055999999924	2
10	0.012453824999999696	2
11	0.013336349999999442	2
12	0.013368083000001363	2
13	0.013126612000000648	2
14	0.012588719000000026	2
15	0.012561471999999796	2
16	0.018714650999999805	2
17	0.013219258999999539	2
18	0.012380618999998205	2
19	0.012559983999999247	2
20	0.012044393000000042	2
21	0.012094256999997555	2
22	0.012489237000000486	2
23	0.012582635999997649	2
24	0.01263023799999985	2
25	0.012820414000000113	2
26	0.012315022999999314	2
27	0.013312248000001858	2
28	0.012679191000000145	2
29	0.014043916999998629	2
-
0	0.02714664699999858	2
1	0.028299958000001624	2
2	0.02987265800000216	2
3	0.03009121799999903	2
4	0.028661959999997322	2
5	0.029568574999998987	2
6	0.027798283999999285	2
7	0.02797889400000031	2
8	0.02796020699999957	2
9	0.030962220999999346	2
10	0.029351536000000067	2
11	0.029284013000001607	2
12	0.028036934000002844	2
13	0.031008764000002742	2
14	0.029968446000001592	2
15	0.03576164900000123	2
16	0.028537627000002175	2
17	0.02876298700000035	2
18	0.02803056499999812	2
19	0.028397052999999062	2
20	0.02839540100000093	2
21	0.028606117999999015	2
22	0.028398985000002597	2
23	0.029706954000005226	2
24	0.029550251999999944	2
25	0.030059887000000174	2
26	0.0281475130000004	2
27	0.028710074999999335	2
28	0.028033495999999047	2
29	0.027802948000001493	2
-
0	0.04790510200000142	2
1	0.06126871699999725	2
2	0.055667540000001736	2
3	0.05972183299999756	2
4	0.059363333999996826	2
5	0.05561462000000006	2
6	0.053876052999996205	2
7	0.056880816999999695	2
8	0.05833488700000089	2
9	0.06294967000000184	2
10	0.05855948699999658	2
11	0.05252802399999723	2
12	0.0564229439999977	2
13	0.05785846399999883	2
14	0.057856843000003266	2
15	0.05982928400000276	2
16	0.051080724999998495	2
17	0.05237552999999906	2
18	0.05743779899999879	2
19	0.06634351099999947	2
20	0.056299068000001284	2
21	0.05795313199999441	2
22	0.053426573999999505	2
23	0.05839878999999826	2
24	0.055842501000000766	2
25	0.05942894399998977	2
26	0.05710179499999413	2
27	0.057520640000007006	2
28	0.059915380000006735	2
29	0.061235527000008005	2
-
0	0.08889524300001028	2
1	0.0954268679999899	2
2	0.09596440400000006	2
3	0.09474347900000168	2
4	0.08750938999999391	2
5	0.09154486099998849	2
6	0.09769392799999821	2
7	0.09591416299998912	2
8	0.09421008099999995	2
9	0.09728057899999953	2
10	0.08612617100000364	2
11	0.09446573600000363	2
12	0.09705005700000413	2
13	0.09402065200001175	2
14	0.09028209099999174	2
15	0.09074072900000374	2
16	0.09467305500000123	2
17	0.09601949199999638	2
18	0.0935210909999995	2
19	0.09326588600001173	2
20	0.09529479299999366	2
21	0.09223026800000866	2
22	0.09570605799999043	2
23	0.0970045500000083	2
24	0.0962031839999895	2
25	0.09483345299997836	2
26	0.09610939099999882	2
27	0.08389184900002533	2
28	0.09282969900002058	2
29	0.08607752599999685	2
-
0	0.1778981349999924	2
1	0.18884686899997405	2
2	0.1821758799999884	2
3	0.17721547599998644	2
4	0.18013288000000216	2
5	0.19275948199998538	2
6	0.18399130800000307	2
7	0.20083681099998785	2
8	0.18943965500000104	2
9	0.19667638300001045	2
10	0.1653966670000102	2
11	0.18700401000000966	2
12	0.19760172399998055	2
13	0.1696532139999931	2
14	0.17436214699998231	2
15	0.19632989100000486	2
16	0.19906007400001613	2
17	0.19624671100001478	2
18	0.2167334910000136	2
19	0.18781072000001586	2
20	0.21179963400004453	2
21	0.22004500500003132	2
22	0.20250811399995428	2
23	0.20490276200001745	2
24	0.21369756500001813	2
25	0.21460781000001816	2
26	0.21258397099995818	2
27	0.21588312500000484	2
28	0.22199055999999473	2
29	0.20873381299998073	2
-
0	0.5622275860000059	2
1	0.6361786819999793	2
2	0.6533414419999986	2
3	0.6154204209999534	2
4	0.6092127999999661	2
5	0.6087914130000058	2
6	0.6379853880000041	2
7	0.5789068810000231	2
8	0.6198525370000425	2
9	0.6282527099999697	2
10	0.634921501000008	2
11	0.6204774640000323	2
12	0.6117203720000361	2
13	0.5778463939999483	2
14	0.6264805389999992	2
15	0.605852112999969	2
16	0.6280533020000121	2
17	0.5979838189999782	2
18	0.6150890420000223	2
19	0.6219473730000118	2
20	0.6297441090000575	2
21	0.5949927780000053	2
22	0.615967871999942	2
23	0.6273115290000533	2
24	0.5905216109999856	2
25	0.6126241800000116	2
26	0.6322864170000457	2
27	0.59936816000004	2
28	0.6125093750000588	2
29	0.5776090029999068	2
-
0	0.8319493860000193	2
1	0.8679205870000715	2
2	0.8980406140000241	2
3	0.9416121770000245	2
4	0.936049993999859	2
5	0.9125001449999672	2
6	0.9401259100000061	2
7	0.9366808399997808	2
8	0.9118816129998777	2
9	0.8909550769999441	2
10	0.8763124790000347	2
11	0.9092988189997868	2
12	0.935994441000048	2
13	0.90836890699984	2
14	0.8756357419999858	2
15	0.8998601509999844	2
16	0.9003687019999234	2
17	0.8964457449999372	2
18	0.9396138449999398	2
19	0.9026147069998842	2
20	0.9102502250000271	2
21	0.8970409620001192	2
22	0.9774027969997405	2
23	0.9636513610003021	2
24	0.9550664190001044	2
25	0.9769658099999106	2
26	0.9614164970003003	2
27	0.9701186550000784	2
28	0.9585303190001468	2
29	0.9761299120000331	2
-
0	1.3639574719995835	2
1	1.4449293540001236	2
2	1.3912824180006282	2
3	1.5012993190002817	2
4	1.5248961750003218	2
5	1.4964062529998046	2
6	1.5316212739999173	2
7	1.3940576519999013	2
8	1.4854946069999642	2
9	1.4528860919999715	2
10	1.3566214029997354	2
11	1.4108389230004832	2
12	1.3913378639999792	2
13	1.3957958430000872	2
14	1.360386397000184	2
15	1.4131554479999977	2
16	1.3250898719998077	2
17	1.4216810620000615	2
